signer,volume,swaps,transaction_count,volume_category
EcrKkpoEb4XNxjPfDHUqSdcJBhQLuznPGrWoTsKMNhf,9554.68478843059,1120001,$1000-$10K
Ez38rWApkGykEMsjBgn3tzdtm1rudzLELpHswaJrzeCw,9554.681405966046,1120002,$1000-$10K
AUWM17HCyCunR1wna73YVg1j9YeQca699rFTLbeA3Vmm,9554.633310059664,1120003,$1000-$10K
EzqohfnquQj7sWMAKvcwvFKBH8GRuTm6W1BeJFyyceQt,9554.606295966893,1120004,$1000-$10K
5msa5Nh53ptmrFCVLZaySD8ZPF6gzzdahuaahQGHYii2,9554.58,1120005,$1000-$10K
932kXbCR5gLJVtwZRZnue8JqEQW812L6Fjzmh1rCbk4H,9554.578028045442,1120006,$1000-$10K
BynQcJtpknRvCJPqjvnP7xABACcDDvMhxu7kPdqXFUb4,9554.539812328225,1120007,$1000-$10K
DxdMPV1coEYYZMUQA6CEu2bDSsTYRd8BQ8nJnkPhR41G,9554.532626160733,1120008,$1000-$10K
BgndbQ4ji9jYBGbqfM5QeMePZGh7MnYKHS3dLWCdd84U,9554.53019691221,1120009,$1000-$10K
367iGkVJnxiyzc822SXV7C72tiwfpTEa4tWCVPZZHNYf,9554.510429334805,1120010,$1000-$10K
7DPvApDk5nYSGe1FtJKnGjcrJDVczwjqGGgyoZ6c6Y9e,9554.49875962275,1120011,$1000-$10K
CGSQgHwNhBEkc96UsnqDX87EcteyBuMFotET8vNDeDCM,9554.498173594506,1120012,$1000-$10K
AdsoW7zpBm8MXSKLXALr4NKG82urPCbkzku8xtwE2jKR,9554.495191485305,1120013,$1000-$10K
4EmtQh6iw8JcmTxuu9tQrYGQy6kQe4hdieEhUgFCM8fN,9554.483035274825,1120014,$1000-$10K
gaMeqTCSKZganF4mrZ7zH33zkNbKRXD8CPcxPqW66at,9554.463121579276,1120015,$1000-$10K
5LqM3URonPUNGiLyc5sS7tbJAcmecBrE6cAhBcpsQETj,9554.450876747609,1120016,$1000-$10K
77VpG2S8QzES3CeDTcwkM9rthibctgnzeGJ6AVSLzNaJ,9554.450175374772,1120017,$1000-$10K
HsDRUZQhWco4F5ws7BDzqoN2CK4kc4U6Ry9GsNh9kAQy,9554.435550037879,1120018,$1000-$10K
7fbbv65Dss4fkk1Mccr4AjYmL8qu5CUCN8qSkaqwxtXi,9554.425414906897,1120019,$1000-$10K
3PE3LBMQ7so1n3Z4HTnZRYU4RD6zv4w3XstWVx9RscEc,9554.422145701088,1120020,$1000-$10K
92z7qtJUGWBFVFDcLsoz6VqC51Jsbv6gESUNQCKvt48h,9554.421528206845,1120021,$1000-$10K
WHWVkme7esDRpS6MbEQR4xwGXRwWAD5eB4qSubL68BH,9554.371647959526,1120022,$1000-$10K
FLuzJboYv1wCH1dDiAF1cPjJNY36EfskUuD11QbvmT8e,9554.34458752361,1120023,$1000-$10K
Bt83Vjzjko5XUmmRcM7taRs6uTJQ53EYpaUhdjxy9QYR,9554.295643206959,1120024,$1000-$10K
DV6EYtKqRaQAb56QFZzbdNqbPKzd6V19KdZ4H7zvdUYg,9554.293847758474,1120025,$1000-$10K
Gt85LnVVo651AMiCkB1re24B4PLgs7srQNhadfpc2Zfr,9554.253425425288,1120026,$1000-$10K
GepBRgSSHRXKUqzCL3dQ27gSWsZRNKi9asTp3YBfo2NJ,9554.218065724908,1120027,$1000-$10K
DdJT7H7nZGLRWaU1FWsK6x4oy2kyzAXzTrVjxDy74aC5,9554.203151821199,1120028,$1000-$10K
TGr1Vy2D6PpYfo2XUQKFhuy5Fb8NRLns8z381iiwn7e,9554.193279658082,1120029,$1000-$10K
BcAtAqwT8fJeL4sJpGSvfPmobCBPQ9iHwQjkQoEFQehH,9554.116558556641,1120030,$1000-$10K
CXdWHMy9DCYpEk6Gd53Eorr6S9u7aTQ4xLH8cmL51AF4,9554.103272574015,1120031,$1000-$10K
BLDPtHeRxiUsuwgivRDwh26zDCyYc2w7pypJmQoJ5ma6,9554.095419556388,1120032,$1000-$10K
36DBs2xNZDPMpfuoVLuPM8ENGY2jLRsB57L68NLRSW7D,9554.082412231299,1120033,$1000-$10K
DbsG2innmZo1QziXfsPoHeSa5kmCzrmdTWmihD6PtWu,9554.07203835098,1120034,$1000-$10K
GPzGLUHG6v6AvY11Tt45rV5zWKihvrxDUvC7QiAikUg,9554.054803176567,1120035,$1000-$10K
EDCEXvd9WVM65GVzo9utykPFwwRZ6s6bmazW6MzZvR2h,9554.0498390393,1120036,$1000-$10K
4MWv61rc133drXdnTsXd3P6EqS5X3yZYuEk8jbQoHJz6,9554.035604482056,1120037,$1000-$10K
FxrYmDRvexKc788fAjL7Hdoyzo9H2KjPaaEbvw1Zijrs,9554.02906157889,1120038,$1000-$10K
EZGiLko4mc8DLcgriatsiwoYvuR4Hzu5LRFXUARwqK1C,9554.006934727417,1120039,$1000-$10K
9KNmchGyqHw4f1DFwcA9u4NsSfTDN3HTNbqRuFTYZcXA,9553.99636766966,1120040,$1000-$10K
42ZFmXPnmYmCGP6mbqnWYTWgEpkmiLfgxbgd16AFZ6xW,9553.986589305981,1120041,$1000-$10K
Gab4McogPrzLhhArzTUySMggC6s79A57Lvk84gVqYdjw,9553.97274351653,1120042,$1000-$10K
BAyv4df83rJKfNVuNGaXqQHmnFM8DHEFsswNdmzZxFqG,9553.965240420372,1120043,$1000-$10K
oLvWCji6AXNuwsPsa9Xg395znyp9pbwddipEWi3Huai,9553.9570716226,1120044,$1000-$10K
Cm38pzo9GeescqK9hUfExRCew1JY2V141m2gWfaaPhpX,9553.954198226602,1120045,$1000-$10K
3U8FGKUNMT2MCZQBEGZ5bdJczhPpoA3F87sURjGaTzyS,9553.934917580635,1120046,$1000-$10K
8zMBMyPkFzojXQLPPFAde3sxHXC67FnznjPgjCBt3SLr,9553.924396763465,1120047,$1000-$10K
HcufgHGdnYaqRcHQYUWZpdzAVC3TcZbMNMUdQ9G4uP9c,9553.867805306412,1120048,$1000-$10K
Ck6MYCC2NgZhKVm4iBeMpdmuS4FBpPk4UDs9bcN53hDd,9553.851558227268,1120049,$1000-$10K
8VypJegjGskBLrAteoRfBaGRbiHMHVwKhr6UckPfD6jN,9553.830871661297,1120050,$1000-$10K
HGKnkjsmh3pRhwG5fzzyuZ9LUpgebGq5RXvPgENYkHca,9553.81183855426,1120051,$1000-$10K
JECgu6xYjPK5T9Snfao9XLvoQGmJWHy6dsAmYz3PWEj3,9553.76992714889,1120052,$1000-$10K
73MwhApQxcA57bac6mqisnx8QMWXWrurQkHYeXCJnHTZ,9553.76463440327,1120053,$1000-$10K
5E3A8rFqT3wXcqeV98nGqBVyNiLcFXknxa8rx8pqyp5b,9553.761590973334,1120054,$1000-$10K
4dtxeWysuvE9VG1sQNMw6rR1HiNk3D6QQ3PvVvVqqQZu,9553.75761658056,1120055,$1000-$10K
DpRfofZAHStpojjdduLN2xA2y5TgQ53CNaQpgY1k9qm7,9553.754427477057,1120056,$1000-$10K
FwqoVkoerXomWzHC5QrBQ3S8iBAnV3YkYDZDLTwTLGt7,9553.74795030686,1120057,$1000-$10K
E5G82A9mB46mNohHsC38Aq231555wAuvtvdRMW6Tisis,9553.721716189311,1120058,$1000-$10K
3tTqrnvFaAs9aVgwoD6aPouFisyTubdk4TuxbdZ7JNHe,9553.720948310222,1120059,$1000-$10K
6qaktbtyNMtWrS1md5kp7TssnEH5q1GUmoFHn5yMz13k,9553.717675383647,1120060,$1000-$10K
3B4s7TQrx3fVgzckyavnDA2fDtvCZDChc8EabBr6WeBx,9553.714082583218,1120061,$1000-$10K
6dHnogwb33vc3Qf6sxiyVnNtZ7G9BaLuqz6AYq4haR9h,9553.696123621008,1120062,$1000-$10K
4cXVsLn5qWfECycKsSN3bbj2GjydDmEayssEqV5uhr2b,9553.69502148679,1120063,$1000-$10K
BZsTAbQ2BN7zcEHx3WzNLWbgnDqiV5T3iXdKNPPFFa8R,9553.693820238605,1120064,$1000-$10K
3x9NhhnUnpQbNME91k7scStMpCqHodkhN5sEtQBfbu1c,9553.685486517066,1120065,$1000-$10K
H45YTmDFsWBMYC4ifFTsbrzZvEULXZTnboaqxqwEr967,9553.682838501389,1120066,$1000-$10K
vvhWSLesbxnJus5hr1zyEWJUwV4XwQBXKdHjjbVt4Fm,9553.645476417916,1120067,$1000-$10K
Fao7THrpQzHRqr3ebBCvfd8oUvYD9tWfT6eQni6WA59o,9553.63942626538,1120068,$1000-$10K
HAPixe282FvyAu7uaudgBRqZ9rxJ9G7g6B1PKcBHzimy,9553.634045020668,1120069,$1000-$10K
4WdgSvmyrkVVxuhg1dZK6uF12qs4XJx5nmdvEtQtfag3,9553.578122090405,1120070,$1000-$10K
9GkaBE3gmrga7U4iqRT5vmkuuLCkNAa6Wn91RrGMcGQJ,9553.57036098242,1120071,$1000-$10K
7PvYm8i1TmTV5aXDttU58UsvUpoLbnuu37ttqyG2HztW,9553.55450799039,1120072,$1000-$10K
8u8JUzqcKMCR79jcnBADuHmf69qoHruMJXf5XBtPwJXC,9553.499824036615,1120073,$1000-$10K
829aQQBUD5xz4EX46LU1egK2ZunQw7ox23SbrdLY6dtU,9553.491441367669,1120074,$1000-$10K
HnCoCmVoQHPbUedWrWkD2oLhfBD42yrGoKtUiL28iM12,9553.481772723855,1120075,$1000-$10K
5YMgVTaXBEbS96CFXVLPSMB9hCbWxeKN2mvLENCxtFsw,9553.45056262297,1120076,$1000-$10K
4KqwW1QNu2M2AgEVmwALiWfrRw5rsd4R6xsyoMn1xjcR,9553.446647330053,1120077,$1000-$10K
62JPn3YyCJLpptkroQu1E5ZUrVi5P1avwEBs82cbB1qE,9553.436963525903,1120078,$1000-$10K
D5xcDNsLZUFBZusSUQAT5Cf71dvuV1MmwdNdokhJaBKg,9553.427420319907,1120079,$1000-$10K
HZJGyFoe41D2oiLgKMsjzXg9H7AWBr6SUFZX6e7zyX4Q,9553.405365746736,1120080,$1000-$10K
HadVkTm8oGmUBknxNUBpTourvxxmQDNdxrmNrN8agnkg,9553.389574843612,1120081,$1000-$10K
GdvPWsU8cjTxku9KPDPUDBYHHuJKqkaFUB75NNo3qeXy,9553.379661868,1120082,$1000-$10K
7cBbjHVHfAyBJ6L9YVEGxJTHmBxV9k922hnNzhmKVp3W,9553.3787521692,1120083,$1000-$10K
opMCckv1trkvSiLzTLtm5GKNJjnSZeVXK197rsJi23q,9553.375558236625,1120084,$1000-$10K
7pq3SvFbY23mKnJf2tsTkD6rdv8M6PFgX83eX7Q7HcYQ,9553.370067586276,1120085,$1000-$10K
BYQbxFJzx1RJ4muYoXuogM7sDidyFPKvVgArV4jcSfMR,9553.292404215636,1120086,$1000-$10K
7DwejcvwJxvukCd5N4JNdBonoUb9Ds5UiwkyBj8XNThc,9553.28681454813,1120087,$1000-$10K
EoMQPzrTigN37RuT5pPZUnBGKJHGNLXzTyJqVXNrAf6E,9553.277855503662,1120088,$1000-$10K
FccWL9p1E7nJGne12eyLXvkJ9yGqCUkspkwC8ipE8oZx,9553.276391192105,1120089,$1000-$10K
9skjQCrokbY8pe9JAe9FUCDnCfL7TdsaNHtfaDKjv86k,9553.264052651459,1120090,$1000-$10K
Hiy1od4trMRzgmdjkgb2UCnbGQJoQArWN4PQaUrWufmC,9553.249933709905,1120091,$1000-$10K
CsesUWBJCfzcPgpgDPS6qYM2LvcP2XcvQ3nXSkZGg54u,9553.208668546074,1120092,$1000-$10K
GyTRLnpKA15QJLbgB8jJxrSuwDFon5aN3KJsVzox4m7q,9553.12255490764,1120093,$1000-$10K
2S42QtXJNXrTj8p2fNhvkEdtWKWVK3UMieZBhtD3uzvj,9553.08924347401,1120094,$1000-$10K
JA9ndZ3HpUjpPC7R1JEnFZbMUNUUJzeZyv6BAN3neALD,9553.084101328648,1120095,$1000-$10K
DPmFV1UE2HQRPiqdVcK5vG4Mb2kjbHAspRN8smRNUmHf,9553.08326095199,1120096,$1000-$10K
2KhepEWqZ9RmBiXBrfo9pB48am1Fqy3xbsVckZiLRhP1,9553.078395712464,1120097,$1000-$10K
7YTVFK7kdUmMNkP2A1iNK63Hk2y2h5cwWi8iS8MxUd6w,9553.072741204578,1120098,$1000-$10K
7M961sSHhymEqeFURGtT6YXDiUZLGmmib81AwV93oV89,9553.062236082858,1120099,$1000-$10K
9NqDrYLgsqZuYffciAtgHCLXtrMi3KXe5bdTLjNnb9Dr,9553.034021848805,1120100,$1000-$10K
5U78XMQkjwrLK4fqdWB3bRa64esqzQjyydZ95pEojkE,9553.01069906204,1120101,$1000-$10K
DUXz2R7u4n3uEHgsva4tHCrPnAzWi2gV1QK2a5gKWPja,9553.00115053368,1120102,$1000-$10K
AWPm4pJD2NmZFPYjRJvvSMAT1c59ycAskzeZKRWXqir8,9552.992635812094,1120103,$1000-$10K
7czXKRXwRuzzHzG4F4cQKvyqtSWKPxkQeSjSbsqgrmFo,9552.9794716257,1120104,$1000-$10K
LDcgWtxaRo9ptRBnDp2jy6U6FCqaFhrEuxo7xTdLgzT,9552.960395441694,1120105,$1000-$10K
6MC5eNgufEnpFhhvviKWgn1s9KDTJgwRVSpNg6HVMHX8,9552.938155810107,1120106,$1000-$10K
8ToNDk4p7bGo4p9syrqukzYzWSNzdiu1AXMo7jKj2zFW,9552.923856301884,1120107,$1000-$10K
2tu133GxnPXsEcR9dFwQg3xhFZMfxhqE6SrxeC5hFr2S,9552.919921751354,1120108,$1000-$10K
BpnHRq592VBusbMx14xt8PaK8gWV17gecLe2Docc7Swb,9552.912126280205,1120109,$1000-$10K
FowX6bJSbZpUZMmNAYdva5A7pFc2UkbJDuE2TqjYfsic,9552.901601978772,1120110,$1000-$10K
BqCTQ3DGbfHpFUZynCfxULZVkstr53ioEpogHfiQvwwa,9552.861550407182,1120111,$1000-$10K
AnyoFMGuzymycLYxkuxYEGK5imvk42wkWfe7WoxBYtrK,9552.861140593865,1120112,$1000-$10K
5vi1yk5BTjwJvMYABP8RajrnGEme2JQZhEjPoDXtyvzP,9552.842064039565,1120113,$1000-$10K
2xiF5ADDR9VuiWpUJD486kf6x22dBfLfuwFZbDTQDG34,9552.73067744821,1120114,$1000-$10K
B7Jpfa3oCxjFJckaTH4zbfpVLatcbcPTntoaRDm4Cbyt,9552.728320920294,1120115,$1000-$10K
FrdBMSM84JNuoCzESV7tYtkiriJvuKksCSZgNiEAdRVS,9552.707284211698,1120116,$1000-$10K
GNiMjNFpJ6HUxaK42ue1aDy6GDghB9QJYu2EhCU6dN71,9552.705847936328,1120117,$1000-$10K
EMihLHCG2MThhzWXtuY8yFF8eUhZrFyc5j8sC1ZEgqsb,9552.702553814712,1120118,$1000-$10K
7aerJzGUCEqQBAhmJX6zQhsamUWJjT7KJSDvbQL2DGzj,9552.693213884071,1120119,$1000-$10K
pncc7hniKndBSTCdQvQJYeSjQPzNRUzqcPXPrRyEyb2,9552.641750839277,1120120,$1000-$10K
6ntYsEzNo9s4Vc1Wn8aaBgSQqEiWR8CL9zeCita5GYcB,9552.6191812749,1120121,$1000-$10K
ECfk46ws7ncX8fxN7RJdNshqoCYgFRuRMvS77HaNWFzd,9552.611075,1120122,$1000-$10K
A2y9pzJD9zjb8oxAcL18RufWL4WV3mogGDgdLwfdj9TC,9552.59608488274,1120123,$1000-$10K
nw4mTHQ5fpyV6nsnAfUqvabJE6reZrvy2NcYA9ZvrKZ,9552.58881216304,1120124,$1000-$10K
77NhAZueFi7i1MCXqxcC9neFd73Qon4TKojwWeNCY63E,9552.574866039673,1120125,$1000-$10K
DUKGuBuy2MXyyfYcD6oXHa35SSKLEfRzHZLPy2CFAjKN,9552.573732945446,1120126,$1000-$10K
4iC23QWHNja5gkuFrkNznVGxwN1dYRtEPTEmXsxNpDAV,9552.53902250248,1120127,$1000-$10K
ENiukh57pdhKQ98mL3qx8LsZKY7nzkF9FUArWmkrthpU,9552.434587391412,1120128,$1000-$10K
FYQKH5AuHaGiMPYHMr2RF6YzGF7uZy3oLjHjkcyTvnMv,9552.43221370449,1120129,$1000-$10K
7DcW24pYx2ZVR4bB6ibPN25BhRe6BTMq6zdGpFpYwDor,9552.429047246269,1120130,$1000-$10K
BFs1yEdkt77xWEn5Ge9ZL9kr8ewEwm8UQdJ2GBFC6L5L,9552.429032655498,1120131,$1000-$10K
6XNXXDRkhNtNgd7eH7ddxCWru27JATDT66JcAxBEcvuz,9552.423458393254,1120132,$1000-$10K
34SDEZHN81g6y3di2gVrUDKnJZHEQSdL4GFXtnERAYYq,9552.3461386737,1120133,$1000-$10K
7gUfSUdZXZL2yUugdzsZReXcqenqbvUAjoYnNDesNoLi,9552.314828387782,1120134,$1000-$10K
ABF5LHrzEYTe9q9FXfyZgsyZBMQnoqh4kALPBLMwWurY,9552.307286022857,1120135,$1000-$10K
3eh1L6Bre2D9MFxqXtrfxuVbgb8PPkGTtFHjRWFydfeh,9552.306650029308,1120136,$1000-$10K
83GnD4AK3saNrcwhwyznGAmq4ESfFga3znkLJKkPQBZt,9552.258276268236,1120137,$1000-$10K
EtYG6dcfCMjTur7rmXrpTvXxKXWieL8mt1YhbrQsmg9Y,9552.22193800101,1120138,$1000-$10K
92jTC7T4HNrYw7aefE1Rb2BhLocpd9BEo5DpTnzigs9g,9552.218170861386,1120139,$1000-$10K
Fw86JeewYzgZ77SxW4UuwwsPc7xYFay92rc54VhwcJaz,9552.200941622332,1120140,$1000-$10K
8qqahGxeqKtFbWwtXHdtnSvyhYUu56BVozgrY4w4JzLs,9552.188497921308,1120141,$1000-$10K
53B4SKm2s7RTsCbVt8eBhx85Sy7GXpw6dj9tNn8RLUz8,9552.172676858689,1120142,$1000-$10K
7Nv3jv7bBzCfKsrdWQa8dM5UkDcJE3ov5k3qYnE7qDfH,9552.172035209096,1120143,$1000-$10K
HsHXfUjR3LpGrECjep79G97uJg2bjNZqvX5DR5Wmtpdn,9552.127626904337,1120144,$1000-$10K
9ZALMDVcCv9si6KNoMG9aU3trADzEaG6YR3YqTfeJPhK,9552.124233332961,1120145,$1000-$10K
C8XrU57qumLiJKSXbrtHqQSK9TQw61vWY69gywApovVp,9552.084201331605,1120146,$1000-$10K
AvrzL9ES3v27TXs9V4Z1sYbjLsF92bphUbC74iX78qUK,9552.064861734329,1120147,$1000-$10K
54b7F4zgVec8YSbcGqhrxzTFT3ZQALT78Ho3g4HaoFLm,9552.055902383092,1120148,$1000-$10K
BZ4Gugg9jndZBa6pAy9Di4Xftw2iqYahRNEFurVLd13K,9552.041760027894,1120149,$1000-$10K
9curnWgPiUcxq6kyEVx7WteFo8JGtoxtiGzotDfds6Ht,9552.006874043424,1120150,$1000-$10K
GfEVPv3g3wTfhCfm2BhCyqmbKHrfq8La5xQ5GLzCY2Yi,9551.985453785504,1120151,$1000-$10K
FmdXr2oYKxgS1Z6tzBD9V1Znuq1jdvW51ETYDaR5RUU9,9551.967918715172,1120152,$1000-$10K
7VeA6NFWJ6qr1qgM4GHdYgc69g7rZC9kYTdZn6k9ZvRK,9551.96790573693,1120153,$1000-$10K
GVpHHEb93bgX4idq3ttrgGxqdRvP8i6d8ucGHRR9SKA7,9551.966633290702,1120154,$1000-$10K
49W2ddDaDSyoA6XEKi3cNM2pgZ3rYUcWaKyo3o42LWLu,9551.952351451624,1120155,$1000-$10K
GEbsDk7bYiRs2Qy2DDvZnv8woQRbt4RrWQPvNSwgNLoM,9551.938047305568,1120156,$1000-$10K
7nTQXRBJyquHK8ZjUncSdyUzKm56Nb16nL86cLJ7bJKM,9551.925558345842,1120157,$1000-$10K
6BYKJ6jwy3DWUPVw7fNa67Bx86ontWNLX5RWeTsTrtS1,9551.921003637199,1120158,$1000-$10K
4LqSz5rHAWv6TVNi4kaSTa7euRXfkmQf84qwcCSs9GTJ,9551.885496623581,1120159,$1000-$10K
4ZEWdLKkLZzFH7dryaUsU68fJsEn3GJe4RGqSQKL1NPF,9551.883581405202,1120160,$1000-$10K
5Bt7Y3jvkNNqrviKkDSC6wwLjTMbash8T8q3L2xJQgQZ,9551.85944404596,1120161,$1000-$10K
DzLXq2n8gdV15F8S6g2BntDPnmof98FBtD8SsXJU4swf,9551.8306040315,1120162,$1000-$10K
7NGP6FgXEm2xuscXyYt4UNUE5ciSuLaGj6NUxyeaAbRU,9551.82416910527,1120163,$1000-$10K
2j3df3BmjpSWHHu77A1bPVvtQD4B3Y7R1nzd4ZqPied9,9551.809395984741,1120164,$1000-$10K
27djuyb4RbmsCF7MtgaaRoaq9EUB3VrR54UDhiNZy4zq,9551.78171964323,1120165,$1000-$10K
4HgVwkSeSXfPipDVx9cJqPPCmzNh3VBrFpkTnxY7U3yR,9551.77700088643,1120166,$1000-$10K
2xbbWh8M7kmuCK1tryZSk1sWnxat1FhxAzU6Dipq8tyV,9551.768925726861,1120167,$1000-$10K
C7xxU1VmAkKKwqfBW67tsyHV2xNSAjG4ccXy7c2hpo5p,9551.759096169655,1120168,$1000-$10K
C8nqe9dboYxzKx2Yr7tbEdPa5RBSJyFpefAa67TQGCPD,9551.744951289227,1120169,$1000-$10K
6xry6W2WM6mugJCpwXwxEHuM6Z5MuQNzcayQvCToQR4d,9551.737635579471,1120170,$1000-$10K
5nDetqAmAkirpD3rY7ipcAYMHCCNimX7DHVybs25v6Wh,9551.704413972395,1120171,$1000-$10K
D5WLoNQfjhucP3oXDAiLdim29oPhNc6kMvrLJ6JpEfyr,9551.704183564527,1120172,$1000-$10K
9TVu5GjtamrQhD5vuzc2rGJLiD1XUMRX5MCgbuRDuxgC,9551.68129189309,1120173,$1000-$10K
HX7vfWfg9PuaEtp3sNoZw9Wdo5HTv11XSCFAiwnj2CNU,9551.679264700553,1120174,$1000-$10K
FUEpr45sBJy5diep1J46D8UKAfUKHNpWfGsfYSsenuJG,9551.677348929581,1120175,$1000-$10K
6PNBETMQZvjRxDKUtoEQx14zuu8LfDHDP2xF624Hpsav,9551.66800253759,1120176,$1000-$10K
Atx1upnaGszYjvbH8KoJDBWDFVRkB8q6qSXKNyiqv6ZE,9551.636597430443,1120177,$1000-$10K
AuP3sXEU1CUXaTX9SaDRTmbsXiXJwYxQpBAjqzUF67h2,9551.6274817221,1120178,$1000-$10K
HRhZubMiwoFEXGiriXzttpcVBsGfzZicCqF5L3xrjvqJ,9551.610993995166,1120179,$1000-$10K
6cDMwGSZgHhodt9KyhhUb8nvE31jZNbfUjv6h3zokFDo,9551.590969785888,1120180,$1000-$10K
da7mHpAAE66j9HcUw6g15sThru7HnjCTNDrYoDJkcfd,9551.567971057173,1120181,$1000-$10K
9wytZibZLkgrG5DjyUnNAfaUf5c1Z87hHCFwGgM195Gr,9551.55952010114,1120182,$1000-$10K
58CtST8Gqzwf6Zn2NXAVf3pPh4LLbDbUY4BiAHFgD1Vy,9551.555635003977,1120183,$1000-$10K
HmT8UxHUUdgYCufZZGjDywHeqeLHiC7vRK7v3zeZd8dC,9551.53786195609,1120184,$1000-$10K
8mG3wMAMgotVomK3Xpcv6EPMjXvV86AMd9Sdh8ynnDAd,9551.533874870009,1120185,$1000-$10K
4R1xnVjpUXm3owMD83VCjrY9rNm5hzupN8EBQBZZMtxV,9551.52164176943,1120186,$1000-$10K
225M1Vw9a9rNA7net5CcZj1uxoCBQQhM2XQpanfdQ6nn,9551.506992946452,1120187,$1000-$10K
Gye3aUN6ks71BBDeccWhPQgCxTMPLPMBDjWcVdXTpcHw,9551.495294830867,1120188,$1000-$10K
DAMYzdZHEPs7umbp4ii6nLAn18jRzdMhS6Wc4j5ox4TN,9551.442392884372,1120189,$1000-$10K
2LRrQQFMYsc9sQkugbtNBfjMUczuT5koYQSpzob9fmp5,9551.44015350919,1120190,$1000-$10K
9bmzCQWbxkuCFLWhLQoDoRzojEmYR86ZHmo5chB2Didx,9551.407492097558,1120191,$1000-$10K
FWy8gyb9WsMiKwCn21A2zQKu5ZyzqkFoKcxhCcgwPVNs,9551.399036474177,1120192,$1000-$10K
G25UEC7jRWL2K4zjbjEGZgsn7T6wTXQJnqEoQwAJJHi5,9551.387422589134,1120193,$1000-$10K
8Q7yLiuxwbxp6feQgD2P8L1FWULpwDybE6hammFEo1xa,9551.374328081214,1120194,$1000-$10K
Ccm1iAFtWAJHz3rRFX9WRqjShEd19HzUHM6KYDENqTbF,9551.37069753607,1120195,$1000-$10K
J9pL7rd2BVSbHJtNinVpgP3dgHuXdVUCDbpra9TFCNmr,9551.35066322885,1120196,$1000-$10K
B9qE89tLGvmkuKUo2Pfob7BhpSpXeewqJBAB4XTtFx19,9551.34857336011,1120197,$1000-$10K
CDxrB2a3vZDSPmmxjgKFt9bixyKT1Y6QX67W1eqd17ui,9551.34314524604,1120198,$1000-$10K
AcWgaZzEAEqvN9MDpriZGivWAYeKy3gwBh5XZGa3qRzK,9551.336191603563,1120199,$1000-$10K
HUAP2sabBDwN84AnNXYh68VPBxb4UzStFvDdCia1sMBT,9551.335703013627,1120200,$1000-$10K
4J69U1VrPecaJYUFqELTvSXSZFvBKzQyMcoMxNmYW4wC,9551.31958869632,1120201,$1000-$10K
7bxAd3tWoHWc7GYQpkC531idA1ZkgQteRgiTgbpdEz5X,9551.303356604187,1120202,$1000-$10K
7aCaqqyKuTVae4ar3S6BkGcGDAofsPZymVRWgsFvh3NE,9551.27990554509,1120203,$1000-$10K
GGydkU5u6FtQTzaj1ymXoZEnV9HKKw3vTrGqvt8kPn6Q,9551.263487620052,1120204,$1000-$10K
GMoCm58hxzDMZ8WkXWGFGg1QkijSWS7NGsf6L6XAToTf,9551.259313695009,1120205,$1000-$10K
5aKTvbyT23dL1VC3nrZ2hjjLEp1BWdpVaeDsB3c6peFi,9551.258760929564,1120206,$1000-$10K
3nzFPShAA5ARjTE9QEYmVCaxxWJq6uXby5vm3sRLTdCd,9551.231029966537,1120207,$1000-$10K
AAnN74tx6UJyQ6Xypm21xXFNheMQUHSZU66YqEXgyXt5,9551.230367455699,1120208,$1000-$10K
4nR4MScQBW9txSbn55Wiq3MjpToytncFhAysCA4Gm1c3,9551.2217650414,1120209,$1000-$10K
AsGPVyX1goZG3VfhRsgcb7WtgYVAshtTVYmgov9YCGCg,9551.219262377323,1120210,$1000-$10K
765dTrCEE6FyhXGZkvuxszhhoT9BXNCSprAnpYJdby4E,9551.194380370423,1120211,$1000-$10K
3myddE8NEyKCFEmE4KxGuj58gp3mGHD682V8u7StHjwD,9551.173132896993,1120212,$1000-$10K
DN1PnHt96sjwEksHUqCNbnm9gBLhXxfHRNQHHpfcSwqF,9551.17147461915,1120213,$1000-$10K
FWvyWPoJhzaUJBvCyqdq7RzN8tmnoRQ5BE9y2Z3SPDd6,9551.12379664011,1120214,$1000-$10K
5LUiCMEtkxGrZ1Apc4uhJd8QGFkqJzB48siUe1YanPSu,9551.07733184743,1120215,$1000-$10K
AD4Zczic4Km2iN88EqNjZ3Gshx7SBodtnUEwZbF6qDJr,9551.067083864978,1120216,$1000-$10K
44sLjwfL9n7h2JZty6m4PETTVvfneiYEEgpjy4Vi2hwy,9551.06110450101,1120217,$1000-$10K
7e7UpAgNSGxtvhD8sUcXBmKrtBdF3fyVG3QxiYPnXQrx,9551.05384906792,1120218,$1000-$10K
57DH7MBEJVuYFiMDdnVChvC7xXuUZnh7UToDKrawsYun,9551.029024649722,1120219,$1000-$10K
Fi49dUqUiHDqsHrQtsidCMWidkbzNVuZjXYUxBoT9hT1,9551.00978174237,1120220,$1000-$10K
4uHjZFQDzX3tCCskBcnLHgVPdiXFSVezFbFNdNnNouqA,9550.997756765406,1120221,$1000-$10K
5QddP6G2dYtPdBsEvwMv9zUYt9zZasydzaUXDbybmbPG,9550.964634344944,1120222,$1000-$10K
GKBBXvZnswLcSsK7c19MRy825ZqzpYXaerpMXhQswd35,9550.964398064383,1120223,$1000-$10K
5eALNbPoZVq3pgxi8oXjTHW993URMi7Y9VhAbuoAhcQF,9550.962404890688,1120224,$1000-$10K
DJ34c9UNxH4sykXDgS9159gxQxK2ePNRWkvcaoa8vWLK,9550.957601954,1120225,$1000-$10K
hcRduTy1Qt8ayq4W9zbVH7j4JDxzTh5B2mQYZzfk38L,9550.95487485756,1120226,$1000-$10K
Ft7CuHKuccJuX7xfUQQfnadP85jtijgWzjDt3WLNeLqZ,9550.9462721696,1120227,$1000-$10K
21qerVQoBy6MNo8qop3eykJmP21f2x884RZuQpYwrrQC,9550.916539370986,1120228,$1000-$10K
RTDe6ee78wrHoE5X4JqxYvRFfSYU9g8TftoyDKSpPep,9550.88940589034,1120229,$1000-$10K
3XMkb5xdrixsfqwC7nSaMWG8C37gBoczwmrVKjc9k4iT,9550.888180153137,1120230,$1000-$10K
HpwZ5LD3chvr2iFeB4pCYyRLA1MBv8vt22fHfNzErAXR,9550.88032073493,1120231,$1000-$10K
E9CGsNHTYnVUjT2LvgBbKNTYWQWkPCMECdyXYm1mi6Vz,9550.874318829927,1120232,$1000-$10K
CaCz3fdDHsRci6NUvL4gGPJNPP4oBznN6HQ1QWJW1bmP,9550.862509292818,1120233,$1000-$10K
BinpbAPYFGuUEyLUASERKkzAvxC1SuL6H5BQBeDyrPPQ,9550.848522567921,1120234,$1000-$10K
7E67APoEBaSNBZynsA9NHbdfmohumsFxLhyQHFx72FrW,9550.816145687792,1120235,$1000-$10K
CxpTpHYxw5kHhW6fKShUDp9UZ1FXWakTfLqAWHBs5bU9,9550.79182310034,1120236,$1000-$10K
ATLdcxbZmsgqJymg6EfRbd2Nu1jjYvZXBA1wr7yRvtWb,9550.79172665326,1120237,$1000-$10K
5kJiy8FG4GSRRZBCBZ5tXp7puNF1ZHWrggGydN5deKTY,9550.78780598696,1120238,$1000-$10K
2qhqLLVqmw33ScxY42JYiZKQzKpDpzZDjkjkQgey6RcK,9550.7754081953,1120239,$1000-$10K
AdsvE7YGdMwJpNESPSU78iTzgDtKtLepHu5NvBuEanjB,9550.764823745916,1120240,$1000-$10K
31TXwWeA1VBwcMKf8BJU7rZQNK7JByvpagpsPtvwDKXT,9550.758756361462,1120241,$1000-$10K
BQvck9Tq2NDKzdaxqx55tfpsWv8REhVnqQjfooLwN9CS,9550.74950977056,1120242,$1000-$10K
BAsCR8H7QmK2TG5VYoX9BC5FDuSMveyY6jKgukohCGM3,9550.73220987967,1120243,$1000-$10K
C5ifKVeKsehSqM8PUYpzZy1abYTG9GtjNcAPhwj8JkNR,9550.717370469749,1120244,$1000-$10K
5ZkvrhUtWtgYRLGsAwxtke6A1E97iSL8GEnGutet2b8Y,9550.713530576619,1120245,$1000-$10K
ZhXPEGn494RMitMZ2ZRwLECAjYgYKcVDiJ7yYMzRNj8,9550.707071193003,1120246,$1000-$10K
PnqD2xxDfdAzGv5nE3ttL6ZxXte8YryG33vFMs64zyV,9550.699282925932,1120247,$1000-$10K
FtYDQDfdiFkBemNn6MQQ4J9b759M5tSWy38Z3LmCmCMg,9550.682696988819,1120248,$1000-$10K
DFDUY547gZ8GQqihg3RjyV4Gi2qHfP4yn8nJVUa5RdCs,9550.599301188462,1120249,$1000-$10K
9UP3Apqzxgh6dyEmNJpxNCYV9AxvADrjr21bvsxtK1VC,9550.59879372131,1120250,$1000-$10K
7JxdEiaeh9mgFjWSnGzRzu1Us4WXUP5ug4A47YGVuU7c,9550.582856379078,1120251,$1000-$10K
6mcFV5hVwNt8SW6by9ATaTEaL2fTigvdV2sxepPjskWw,9550.582183325227,1120252,$1000-$10K
33FoWenurW44XVf5VNmwjYcH6YwQv8KpHX2guL39uQHN,9550.546167945495,1120253,$1000-$10K
ADLsZqgEppifLkvq6Aok2f67mSi2SUWrzgDpSTZyWRNp,9550.529756981701,1120254,$1000-$10K
4zbyAD7sKKPvG2G4AiSVu5VEWHd5Ysz4zbMQv5jRjA1y,9550.512370094246,1120255,$1000-$10K
dFv3QNcg5hwyyUShL5dGBFU2XJT6G9Khah9JDqs45Mg,9550.505883205444,1120256,$1000-$10K
HKwwzEQLNMyLjRx9it1xPM9kPsqbUR6fadCvYhNAKm9R,9550.434420286978,1120257,$1000-$10K
HExyA3Yt3CCVoRNBD8krhthUj8MDy7p7d31cpzdtLK3k,9550.434197746104,1120258,$1000-$10K
AXU2j4DgtwhRF7KSgdjrn4fAnVWrNsTmmKWzAmnr7NQ3,9550.41470442709,1120259,$1000-$10K
JC5cLiEjJBVQP7aBxjmtRgHzcPFNQKzWQU9Lik5CQdFN,9550.391685622879,1120260,$1000-$10K
FRKiNwnAzJeod2wBhADshBBnqwbJKyuBQuhRSYJUwqzg,9550.365361989543,1120261,$1000-$10K
9NUsaVjGCqZLhAWZs8uY28m7sanmuLd6K2hWmS43St2T,9550.35983258459,1120262,$1000-$10K
Gob9w6j7AZujFVwTbrBBQkimdJFjYv9TFyHCbYj9tx4E,9550.3293659652,1120263,$1000-$10K
BLx1vWENtKCSRHH4pxp1E5TZ7hvuPtp61Q4NPaN64KXk,9550.328487812874,1120264,$1000-$10K
4VspkF6kAfNJzmsrP865exZtvjii5pURubKPCKyZbkzL,9550.324648855125,1120265,$1000-$10K
GD7VqB2upyL9JSeBpE3t624NVvDeuaKJDYAki7pHjuXh,9550.305206292083,1120266,$1000-$10K
Bptvbg7FNpicnYTTngfukZfuPALpjwTzwjVQcSTDyz9b,9550.288159989965,1120267,$1000-$10K
Fw8GxZSJ64DkFUi4qtmoMjaaHUCS6UgamKmDFyi2jNhX,9550.273097185815,1120268,$1000-$10K
8SQ6xaoK5w52KoHsm8mYxeF7UvJH4we4XykL2KwJ9M5M,9550.247123016721,1120269,$1000-$10K
6oR4mu5zFwgRMaaHjwiph77tQwnZRT4MNnLYaXR6zGK1,9550.239342690973,1120270,$1000-$10K
Gmg6kVAbfydKRctG3ANVZ8NRd3sPkv4gLZzk2aD9pkKB,9550.223374427907,1120271,$1000-$10K
7v6T2SRGBpiLWLNEMD91NMTDsyAJ7gKmijRZxqe1cZ44,9550.194999641519,1120272,$1000-$10K
6x7WFp2QQBZcKZ6t5QxCp7ukcnSpMCLmYzeqYwyJGS8E,9550.171518205863,1120273,$1000-$10K
9dPBWyxLTjqpBpodgtjuG6WfxGm69fpSYwaZkjdXXEpz,9550.156510847706,1120274,$1000-$10K
2gmmYKso6dgTwYqfVwyhseQNVT2MvAwRNquewij3CiEa,9550.137496360905,1120275,$1000-$10K
C497UYsBVsh7sn5NsjsFhtWumsxWYSpn8qyHtZT5eAkS,9550.120320123437,1120276,$1000-$10K
5Az9bAThQuDciHGfvahAz24iy5VkkuaL8qC5WAZ71rKX,9550.090065512397,1120277,$1000-$10K
3WDZ6hRLiygZzWKT5qcXCzAwQGSV5KH7fwkeakY2pN15,9550.070988111685,1120278,$1000-$10K
HQDhmMfKBGwfWRLQFCqCJ3CJ8Q7kwBgeZbSmDvhjC1LQ,9550.058904206808,1120279,$1000-$10K
Auv6N6YTXUS89MAqC9BAEPpdy6FWf5NnVXqnNijeMzE7,9550.042174385477,1120280,$1000-$10K
Dzo1WjYpg94HSoAZXAT8dzbVAyVopMeFFW3suRR28xiA,9550.027725950371,1120281,$1000-$10K
6AXHEWGtYULjfYMgzTMEeAt1mV7y3hUXWL1AbGfRMG4L,9549.982882721912,1120282,$1000-$10K
6tLLnd6mHp6GgYMSCBCxBdxZH1kk7TyKUyH8vY2dNXX,9549.972204167943,1120283,$1000-$10K
2ujLprN7ALLggEft5fsDMZdNRdSyCZeXocjSvqWbHXAy,9549.968114995014,1120284,$1000-$10K
B2RMEGMV8Qr3X311ygQ63dZ6v3AXsAWQ54t9EkVwjDns,9549.964498123167,1120285,$1000-$10K
Dh8RecTRSjyLf45WGzXy7Lh7KJL5cPYCjJQJoDBp8oSN,9549.936126349301,1120286,$1000-$10K
CiVpWKyQdNfVaEoXFtQMbV37kvaaxfnkCgANrZUKJuZV,9549.931500834587,1120287,$1000-$10K
3HNyqnsAN1uaFwoyPsxDZk9FiEB3ZMM1TNS6LRigNNmM,9549.888110873799,1120288,$1000-$10K
23jfknd6pVALMvuqnZjg3TqpZKoDe8eL5PqoGsyefvte,9549.864890452067,1120289,$1000-$10K
6mDVnGnthndVpV7cT3LVnYWGyU1v6gYpUC7RK1xqfJBj,9549.862319734348,1120290,$1000-$10K
9puDMQ4JG8UoCcGj8mJFD7yibHGX9uFxMxRa9UWxHtv,9549.845554873447,1120291,$1000-$10K
81fLQKTStgrkZb4do22zg6b53fAgN9XmWfz5dRAREbsK,9549.845064204936,1120292,$1000-$10K
BpHPipRYF3r1ybLpWXE1hvryHipKxRU9cB9wrPtnLgrW,9549.840860464896,1120293,$1000-$10K
NVcAkDfn1f2ZYB5rFeKxGrCm7z5SvMYc9rf5RfEhiYo,9549.829404521122,1120294,$1000-$10K
7ehbGL17hHknt5c4Hr98jxzUypCz2fCkdyen5tuxvEBh,9549.779936970352,1120295,$1000-$10K
C26emHCfZtbacKnBm825s9CDpHfcgscdh2Quq7Fb8opC,9549.763155068884,1120296,$1000-$10K
EnXEWZNhtvk6Gkqtc2iDH1qttXffqWLwoq9XJTRrTVHF,9549.759094669138,1120297,$1000-$10K
DokJvSZvxh9gXTTU7aRGgsswoT5m4qJXQrowtZycwNh5,9549.743470937963,1120298,$1000-$10K
8ZBSjy4iLoKkqY4FgCgJqGwVhywwkTQR8om7gDFhEE9j,9549.707360221992,1120299,$1000-$10K
BR9rBeYUrryh9HUMZWxKNhsGYZMkhN1Ddw6RbM5sYovy,9549.707279199542,1120300,$1000-$10K
5Mc7ni3HvZ4mEpg2QkxiBcfkMzJ6bCmKrJxRUo9jkzdN,9549.678053643236,1120301,$1000-$10K
3fU7TwK2AJNDACvApd3p2rxBjTmqdn9dwvncvmbQtSgB,9549.643056436493,1120302,$1000-$10K
3jGEyydCZjhAETxvzpJ2srCLHtub3p59n4vteUzfgYBd,9549.54776330229,1120303,$1000-$10K
2PuNqnSQRjnLxCdoEr6drm6nTA155RgpNbhVPt1Xm8NG,9549.505586985686,1120304,$1000-$10K
4VSmbkaLVf4xRRncBznXRjL8kxKSnQq5T77HmDxvv4jp,9549.47079330745,1120305,$1000-$10K
6xkWtpWcki87fhWg3AjnNu27mpQvyvuBZNVUEfuvBW7X,9549.452728579707,1120306,$1000-$10K
HC9kvUBSzzoAPRj6n5dGu5FxsF51o2YUMqVRVtPaPkEG,9549.443393757816,1120307,$1000-$10K
FD2gm6kfswsdk4WNH2N8T5pY3z7Ue6Zc38igoo92BnhZ,9549.438768487285,1120308,$1000-$10K
4vuRu6Tpr4XBzDoz5tDSKSnxwJNz5k2iYC6BEwP1mPKF,9549.437227442922,1120309,$1000-$10K
7RfWbKJJHvK33LbxbiXLAKXgRRbvcsUkSwzVcyn95z7q,9549.431401354654,1120310,$1000-$10K
4EksfATHRfr5M1YoLQGZTqkCw264dWqadC48bynpxab1,9549.426664199951,1120311,$1000-$10K
EPFgXmMw6Lnits1urJnwspzCTfhceYRs2a2pfo8yTMp,9549.419198270325,1120312,$1000-$10K
9rsGTEPbZKQJA7DbgPQtj7zPmWFeRWfsbhqPFzvWbbKD,9549.366814493458,1120313,$1000-$10K
6JKJzHQLR4R8Mo3gBxhttYGUTTa585MRuDsBSZeLWwNE,9549.36434818715,1120314,$1000-$10K
AZQKx6dNZJkqrDs5oDnpq8X1ZVVfMrToypdcHfBiUU4k,9549.32555184428,1120315,$1000-$10K
FwFQ3ELMmk5QzAjpAxpeZUYCxVUX4CmrUxL6NRBxVU5o,9549.280985337818,1120316,$1000-$10K
yohtdge6i8U3d6wMzU59TkJf2hb7jD4QE7sHyotGbvx,9549.275622623762,1120317,$1000-$10K
HVM3SsX8WqWzETUfUCmq3bYx6yaSdhGGFCiCbRiUCHA2,9549.268559492288,1120318,$1000-$10K
G8bbBksCuZySJgwFYzzfEwBUZBo5pRQtrRXwP2YWBX64,9549.236122346494,1120319,$1000-$10K
6RPQrRWnbMUjiLFV2A68G2YvhHBgQSCe5ZCdbA9ozqpL,9549.21357919191,1120320,$1000-$10K
5nLVArDYmn8gsUNrtpZfs84bLsHY3BwjsUsz58f9icZD,9549.205581537906,1120321,$1000-$10K
CPFgZ7Mrt7Rsof9xeM5hQFsHwomoYemgRPS8DujpJXTX,9549.187595270238,1120322,$1000-$10K
2xp1b8i24b9zkMpPH6qbhwpggkaPCPHG2gFqAoCafGxM,9549.162679824994,1120323,$1000-$10K
JCvgGTeUp6rFqJFoyEoeUTbCLG4jdphoiGWoVhtANDXF,9549.142961478305,1120324,$1000-$10K
8eMcD8kpn1iXhHtzbftWGVNo7WZL9GGjos1okE8Xh7oj,9549.127825744374,1120325,$1000-$10K
Bw3XmRpkvo9AsXNypEi6PMjxzEjncEsB6LmsaUcTiREQ,9549.100330568901,1120326,$1000-$10K
2LsRuvitJoryDSce7rPJCGMKwhpdcx6P7CrKPnhkX6zf,9549.088447632499,1120327,$1000-$10K
C4sdLRx9biU6t1dCLRRFMwMPqmiiU2F6PoqH1Qhqhgsh,9549.083689271974,1120328,$1000-$10K
3bQsqeMFi9xTFWpJkPXHLEvraw1m5dEcHLKAkFo6yeLW,9549.062999786673,1120329,$1000-$10K
J2wXTFdGmasASsRkUtXRfrW5ZK9P7NVSMDJS7HfuqDWY,9549.02588970898,1120330,$1000-$10K
2C72H5BxnPL9mkg2TmZtjzJdSZR96Dxqdn3VVAnx4rgB,9549.021783421604,1120331,$1000-$10K
9Me9YqcSHDGofEVwJScToT39BSAkh93cGAiU5wAQDjuF,9549.018765918758,1120332,$1000-$10K
BfqQH5J1LPa7UeN31EpNizEdcGWr25EvoN8b4iM2B7br,9548.940138653497,1120333,$1000-$10K
DM6hBEK27RaRZBjdD4v6zqbzUN97UCTt83VefdF2jpxm,9548.910956169933,1120334,$1000-$10K
C7ysr35SyQ8ma1GDQ6iJJToa5jbWxnwCKvU1BFgLk2FC,9548.905812420962,1120335,$1000-$10K
3mjknuSdgPRoySF2kD7TwZN2AboCFMR4XDr9EPfK3noB,9548.870375527707,1120336,$1000-$10K
45xqHEdwAt4u8K11enA32y3xeauKsQkv1HxkPHvuqwM5,9548.86351688618,1120337,$1000-$10K
FfWwPL9ZAF3444Fa4ov7zJ25rZ1EKNoD4SSmJnhejQhu,9548.85006376974,1120338,$1000-$10K
DG4vVTq5vk4d4AxByPanXMcvrDYbpyJTyEjnQV2F2yxF,9548.845560338368,1120339,$1000-$10K
F11ahfT5nkcYfPeodEMwkSrMszekEhn25r3J15XSbT1P,9548.830178720222,1120340,$1000-$10K
5BuZbT97nVcm13JFyRKqciSkQH98CLw4Mb5f5QyE1LmP,9548.783756554092,1120341,$1000-$10K
9YnzmMMowc3VP6z6T7nbMR5JVRDs9pCxmoY5c7GaVHU9,9548.77885792655,1120342,$1000-$10K
7RvWn837gjX2Gtzdn7jxMFgP4vNh7AL8FYMz2UXbgXaC,9548.73687526328,1120343,$1000-$10K
4kwNwMrynCd9pfGTVQnKygVdPJsYgHwxCKYQGxK823Ba,9548.73222882753,1120344,$1000-$10K
5zTps9V79MFRhyHdGGE8j2jbKCFENsjZ328EjKdMDFcK,9548.70514028292,1120345,$1000-$10K
5FJSvS8wSZVNsF6raoyME5mNTmJd669hRoiiKgBpRaaT,9548.704434942838,1120346,$1000-$10K
CWPaP4szTmZpzEki8Ewsa4FABuVev9DQMUMV8LkqzUCz,9548.688485926223,1120347,$1000-$10K
TPHbT6RdmywxpUhQi47RXTj4N8PwByTaT9oFiY9iCAT,9548.677669462551,1120348,$1000-$10K
FB9LUNgqDkaaJJECbaCJ6FwaSFNB55qf3bP8kLqAfv85,9548.670415503808,1120349,$1000-$10K
7ReWUCi56GcFovzoE28XaLrzNbJoSZQKTS7kc3DXhMJy,9548.663239827149,1120350,$1000-$10K
98jwruc5kg1SW7LLGpTNfcfyEg2L8khqZsfJsqMsrAWj,9548.644435156491,1120351,$1000-$10K
F2seSkBzeo3zHhusWRiHGL5KiLTAJT1F2hCk3hTdwBFz,9548.620522112984,1120352,$1000-$10K
7vtRg4rcHLtnoNfDeuwfWYZ5HfxCoZZx5S3EpmkYU6qz,9548.60264385254,1120353,$1000-$10K
8rvxMaQHwxorzPtrahh9kRMsDYRPeA32i69g3Yoa1a3R,9548.598086945141,1120354,$1000-$10K
FytDEW7XSbAjkW15hLeoSKuAK3DgQKbZUFdNGYhdK6og,9548.593816348446,1120355,$1000-$10K
DTFfMQMRC25njvjfefsno8TLfm6rDwfEmF9i5S3AjemP,9548.586939531127,1120356,$1000-$10K
EbRgpsQLkwojNWmqSio1B8QVKJbbpqqVKiNiXfBpoy9s,9548.575874041879,1120357,$1000-$10K
76MtrUhR8C6zCH8ELHDQmqLx2ee8ddPvu94hR6p3p4E3,9548.551005144673,1120358,$1000-$10K
B5hRgo86WjrjayMd25JtvQZwjsQ2MyVmK8qTaMFyMdEd,9548.53904729037,1120359,$1000-$10K
8tii2fbKgMxBnGKgCB3kUGUjTbUoQu8qNKy3XdB9rjR2,9548.536436676572,1120360,$1000-$10K
GHQaMAi8FRBtSFJoYnFdi1PEq8q7Z3JA3fLqbd4P1kRM,9548.530788731985,1120361,$1000-$10K
J1Qu6fkKdVz2Yjzz7x7fqwGUqkcLarEU8k9othzeyGPo,9548.488674841645,1120362,$1000-$10K
J5zvsZpTzeZhc3x8i6HSSHm7i8JVxwbM7W7yMvjBXHEX,9548.48238186254,1120363,$1000-$10K
FySmsjKkbNr964RPuSUeFpYx12sGKjvvkuSUJpmFTbSA,9548.480865869802,1120364,$1000-$10K
4iprve2bz5au1u9ZbRGkM3ezUCcoud2UKE7nKFF6WnQp,9548.47386730777,1120365,$1000-$10K
34RfzmSC4SPoxsTjcCMfSK6XEQHkBQbnAgBDF1L6txgU,9548.431277809428,1120366,$1000-$10K
AfhHwsxtsZmLhZyAtqywdKV1m4EmeHCYrRBDpchyeFbd,9548.414965372229,1120367,$1000-$10K
53fCrBhbKVeFxvZwRYCqo7yotuvXLJ7puUCN8NVpvYNA,9548.413981073772,1120368,$1000-$10K
HadjUhA7Uw9TaXUSmU25E58HvqP7yBMuNwh1dh6pR14t,9548.395584523765,1120369,$1000-$10K
SYswQVcEMag64LJNiTB5nNwvt2QWTM5kq9PXhvGk5Hc,9548.378342071683,1120370,$1000-$10K
Eo8vsCKVppRiDXx1tTsqaC2YDaE4CAL4zn1VMhTfYUdG,9548.36377305225,1120371,$1000-$10K
7JXvvaqxv9iS9o1U9AzReQCXzQfXgsPfRoMkzchiU47i,9548.354172578267,1120372,$1000-$10K
5bYqixhYuXsyfdY5uNoNuizdiEA89rRSnsDkbNHyhmhr,9548.34318313507,1120373,$1000-$10K
TQpvzSJtZuRjwVNwoid8DzjEmuTJjsyYLGEcBti2y3W,9548.200218690468,1120374,$1000-$10K
CSyZQeQCaNVeTDjPJFH3R4EC9g92v2GWXJHsF2Dn8wno,9548.178732266795,1120375,$1000-$10K
8oRvQsfUP2DNKfFZ7orn32ePYUN4f8hZPtF3m7PLw1qC,9548.157576992517,1120376,$1000-$10K
E4Unu5Rv59L6PmxKTDdrqG8La6gBNwKm4u7nLg72jKNZ,9548.156098179548,1120377,$1000-$10K
5Tdr2urx3khLRjZc2MuC2MYvbPQYPgdzBtrq68SzAuDQ,9548.14683330586,1120378,$1000-$10K
7mtLB8o2jSiEhvrziX4tU9kmqMo69GLa35nomz2iCQ8Z,9548.143430955259,1120379,$1000-$10K
8bvGqwDaKDPYEkhfdBsJwkRvNgBi4crnXc1Z7rcEk2iw,9548.14095819831,1120380,$1000-$10K
6m1FRwoEVGcSyVdomWgVYqYyovcf8bcUM8gXLEJRtVTL,9548.116840015073,1120381,$1000-$10K
Ae9nipB3GjF9z2S1vkDcrJnrVrZDh3XL2WrxRtv4uqLc,9548.04576711731,1120382,$1000-$10K
CQe6zejCLtk9mKMTe9JV2sZXGZLGVTr26u5Sm32rxMrA,9548.024934136583,1120383,$1000-$10K
7hbcpgtvSn1ZuTxnAtbg4U5LQAVBA5uJwBX9s9VJrd1M,9547.982102114927,1120384,$1000-$10K
J8zBftiG5dbPTb3iHq1QJtTHh7PUBbZvHqrNmtTNYGaC,9547.964761292074,1120385,$1000-$10K
376xoY5VWqXr9Ws3kbukoNUmdLy4Q66GYfa5ASCq3QKN,9547.949843790548,1120386,$1000-$10K
EbAAGftE4V28SfByDEo8GEYS7SvNmBGLyZZM94shTpDX,9547.940203370872,1120387,$1000-$10K
FYYWZAn4YsGBoWbgYUTrDsutwX8dXaTzTUkDEgNEk6W8,9547.873273129031,1120388,$1000-$10K
Hym9xYVsyZdpabo6GLNtzuN6HCvyRSX4AZB6Sc1Pk6Vi,9547.83577654793,1120389,$1000-$10K
HwzbbP5Nc6itiFsYcKmMfnt32v3BKR6nouuYjhh46tbU,9547.835293695573,1120390,$1000-$10K
7HBTRG33xtrK69DvfkRHVUQYfKFnudEzM8QSNCxw6cNX,9547.815498801529,1120391,$1000-$10K
3icJLZ4ESPcyYjCRUdgR2Tfu5ht8EJFpp8RtTJLmVYfn,9547.789836036229,1120392,$1000-$10K
7kRUQXi5o7FKja5Q8iRDG5tFjppqgQD9nzsh4fwYxC9s,9547.786398515269,1120393,$1000-$10K
HaWocTGSRJ2bqLygVGK7b79vqSsnQLi8ZJDxD8rqdr1n,9547.767081697844,1120394,$1000-$10K
3sdANoPw9Dw632PFecYBrio6EbcJFaazWZ2f3ZyYfXtb,9547.758080885424,1120395,$1000-$10K
3uUiJraVgppYs88thCBj5dQwCysjapqzXLrLWF9ZcYW6,9547.743544048655,1120396,$1000-$10K
6vFpm2StrAKtinsVZuR9r4Cb5niD1qgheSEKcqQoJZ1a,9547.728214408873,1120397,$1000-$10K
6iPTiwDsfozabFfGwd21F1ADC8mhCSf4kxXs7GbyDxUv,9547.71534496388,1120398,$1000-$10K
FJvUxJ4eu4NoW9nPCMscQwFKKtFZYKw6Ntq5H6cPEa8p,9547.70969932573,1120399,$1000-$10K
596zu5gaiopunuDw1os4ppy8TvRLUuQUpjaKr9EiMDwN,9547.700278568258,1120400,$1000-$10K
7uEgJp2g7uGuWxDhDHJY8z3hWLPUq3oEkbZy4zFp8MeZ,9547.695535974926,1120401,$1000-$10K
G1mL5JgkWmYFRKDrVDnQhBUgqMaVMBAESGR8rQJPqdvR,9547.69467493539,1120402,$1000-$10K
77YPzcQZybiqerkLQy2VbZAnA9SJzBv1gdNXSFq3oN5A,9547.675178825068,1120403,$1000-$10K
52iDGrRJcpbAQbgyg6Wn7GaoGrcXWJPcQQsNM9AKAa3s,9547.645006588407,1120404,$1000-$10K
9jCs2JQaCMqFMPjqvW7L3JKfca84QJk2oaxW6Ne1Join,9547.63931828755,1120405,$1000-$10K
4GCTdPMKYEXaFcN7UNkMPPnaCgAsLAAb45FetfSRsiJ1,9547.627237411054,1120406,$1000-$10K
4yVaXBzBZrgKkdZGkTkiYsWqzUJ97KmziWswpsnfHWpe,9547.623251929024,1120407,$1000-$10K
ACruvvoYk2VrAN5LaohoxchTArgSczM6L6NK9NK5so7e,9547.61138435908,1120408,$1000-$10K
9X29kvgEvwuoKfeyaVevpg1umFVvPWDf1PRYHU37QDfp,9547.593089298343,1120409,$1000-$10K
BQyjMgENZwB1FFYm41RncmhorinStnBFdfjt4DxiYTe8,9547.587057453973,1120410,$1000-$10K
Dm13ZC4wYZBeFgdFaEaHjBQ7wCNVAyWr576qGLCpyd7T,9547.577032888687,1120411,$1000-$10K
8ti7oNHEF34hwX7ZrxmAHUQAmU5ov3pZtEU1iBzJs2Eg,9547.570612506814,1120412,$1000-$10K
CnNYfyNdeg6hZKL15rbdFDQE3FQejDdgcWngPZZijzMq,9547.569868076625,1120413,$1000-$10K
88TjTC8A3CJFhomKetVJVeJT29zzNMDqz5Pm1ey3mqnT,9547.564159360103,1120414,$1000-$10K
2zHZy61Y2uhVY15ajTGzthBANbPgmgmuT3QJFLdYFv38,9547.559211482421,1120415,$1000-$10K
BhHfWKFEwYSkyJLGS6MBx1SMP4RfbKobrXC8dMfTQUxi,9547.55191292458,1120416,$1000-$10K
2VXLt1TtqfTYbCubHeBQSjQJrFedgSyhMgxtTp7HE6Ln,9547.538698411563,1120417,$1000-$10K
DWyS7GKKNh7kro97CvsoGFGrqw5uGv545NUpii1qJ1VV,9547.537474395802,1120418,$1000-$10K
ELLCrrxFYA5BB6tJQaVqcdiSCZFceBzGwB9fTAtNw5k5,9547.509614598583,1120419,$1000-$10K
CotsEGiSfS6Jpn67QdhhxqkThNTFezfqNBppnpT58Bmm,9547.469643984321,1120420,$1000-$10K
7St7LZpjyqALhRndvEN9M99qPtxLozcXjKi5psxS48XM,9547.457686156085,1120421,$1000-$10K
CDqYb1i4EW7QrcYnqiDx3tzWXaQebQnZcmQddBpDei7Z,9547.447230155285,1120422,$1000-$10K
97xNzj1hPQQY64TCtKVUBLw3pDYutdq1oEjfmhKqyYz5,9547.428904558397,1120423,$1000-$10K
Gpt1zuPDsb37eGe3i8Q7VaWeJ2gg48BefMaqf6ijPxia,9547.371907844874,1120424,$1000-$10K
8GbRtiD4W72UdBQiUrzA7YrYqwq55mDLFL6MCedbWSDA,9547.36068413039,1120425,$1000-$10K
QjMipP49JU3cDeQZpgfTHQdk4FFDPv5cK9tkp24HQNB,9547.356354915926,1120426,$1000-$10K
AafTnFNZUs3nT4oXuE9KaSkBjwjFoRXc5ZFzh17zjZjn,9547.334180441729,1120427,$1000-$10K
5b9XkZFeNBm8k2j4egDvekdk9743Li5rd4pAPCrtwMA5,9547.316395988597,1120428,$1000-$10K
5tytbnfyfe5RGDKqCihV1oxmXH23WxjvEmPnFoQjWZzg,9547.299140126668,1120429,$1000-$10K
41TpufBwUgKSJWeNYBKF92wHwcgqiSf1iapGaYDCRoB9,9547.295821250676,1120430,$1000-$10K
CduFAXqBejp5X3jS69bvR7ZdF88snJ91sUnut4jJCzko,9547.286024097899,1120431,$1000-$10K
6YhpX5rUWS8c65ezq8QMBm3yZcYabBJEGXzverVWGmsS,9547.258978416647,1120432,$1000-$10K
DFJhLmEkdq7bQpw6PstMPouy2gtYLL96vK8fmoiBQb6H,9547.227211921378,1120433,$1000-$10K
Aezz2HgDmpSnyVNU81Fw5JpnyC1bYzZ1DYNyQMVCSvCf,9547.220842512805,1120434,$1000-$10K
6TRsz7SDC8zeeLvrD9XrB3CEVXCbodRT7Jr2M2qgeu8d,9547.18742824185,1120435,$1000-$10K
FYp8Ec5rZfb58bkm2KpAaEApMZiPP7gwcFzi1q2JXURj,9547.185138190212,1120436,$1000-$10K
EUNwNkBJZyWFoaCXbWc8khQfMxe9Pqe1kiEkuHoNKZWZ,9547.168632465913,1120437,$1000-$10K
6kd3Aj7DgNbdf44oYsBBsFd5A69zqR3uD8o7Mipixtvh,9547.14766963197,1120438,$1000-$10K
AbsGAUthubfrKVQGk7caKCrazTwWgyLGmLPCWR374GTQ,9547.11953700471,1120439,$1000-$10K
9Dc2AYJ7aMM42hWu7o8yjq6c558CAQkLTsv5kdJ74gjX,9547.117429010052,1120440,$1000-$10K
BRchHwZPCvbkBJP6btCf8HUiGJeSobetM71ibv9UJBkC,9547.115261670471,1120441,$1000-$10K
HQiNc8tjiEm11vJDwAj2DWVpXeqf2ANuQrY67gNagBqn,9547.112126022235,1120442,$1000-$10K
BF7X9vEJnqC9w9H9nw2ApDy7fF7b8h38y3VUvZk7kPU9,9547.090154202151,1120443,$1000-$10K
BWePFGRzD6oGLCLnDMRGCH8A6bjyWnqiSrRMVTxw2xMZ,9547.077933208326,1120444,$1000-$10K
4qknGXL69rYV6cHsRCX3VAwsRBhsDSdwxkZZvxQwJuhV,9547.074111873533,1120445,$1000-$10K
G8xsuD3b64jozxGvYwAaFCRwPyYtMJkdp9whz9PNueNV,9547.043900776229,1120446,$1000-$10K
7t4c6ZLp76kxBBV46SR1MUvLrZLcusQkE9czYHfM8J4r,9547.032356471329,1120447,$1000-$10K
Eem1gmGvGZHUkVMRDZfsCgxBuFo3YFkZKNWM5woYjPnR,9547.021465381793,1120448,$1000-$10K
9X8qr25nCiBMieqJELFgRNojW1JLBPyvm6Qt7DRThWQ9,9546.988383417382,1120449,$1000-$10K
5waFBjLumDQV6LRwX42N8TGPBxmgq1kyoNBFjhjaWSVg,9546.960265217556,1120450,$1000-$10K
5Tio4uGo7XYx1pNuYQo4vrSgL6UATpxuyHMRV1ajez1F,9546.947779582226,1120451,$1000-$10K
7zaFHXrSQCERKA8gncFCymun7T5tCbE6D6wVaU8hzzPu,9546.909448173825,1120452,$1000-$10K
HyfHchSDUFVDXVEMwPv8GGznqn79FvhHg5gBwAQ581hM,9546.893903282877,1120453,$1000-$10K
9bPxDBaQyAw2LnE1dtQCpWLbu4cvJiLxDMXkBuJDBVcp,9546.851803697235,1120454,$1000-$10K
E1XJjQPXST7pLRnHYe5XGydPQtLTNFCVvW2Qv4cCUMoK,9546.8505561316,1120455,$1000-$10K
G1vyt8d1TRkQ5XFBaFnALFDGb6v7s8pBE81pu83h4EtZ,9546.83467579914,1120456,$1000-$10K
CTa99MSNUsWy84DdV6f4PQ91jTa8Vr3Zdgfb3NAdXFfz,9546.805502105532,1120457,$1000-$10K
AMGZo1bTJdY4SToR1yyqrfmd55cEpMuKX936Cf6HfAd6,9546.79800980592,1120458,$1000-$10K
Fms7tqpfJAfs1rK45j3J81zzpDZsb3ATxQ6A37yfczJk,9546.78840316447,1120459,$1000-$10K
5E1fRjhCVb8rxafMU1mKtaPTTQ6FJuzHk4C1ssSvg46Z,9546.77064739318,1120460,$1000-$10K
H2AcsWjLZ17piAuNTxYW8bHG8pHa5cH8csrZnQfexpR2,9546.765773771693,1120461,$1000-$10K
BGFGR9JxaGJSaRdAmFJw8nGix5Zd19RxNHbrMwhXbJqK,9546.753808659621,1120462,$1000-$10K
FBPcnR2WGto7ycURNf6nJrbDv5XWHFDWehAHadeRfaNx,9546.750249569102,1120463,$1000-$10K
DajGgKamgGaptemdV9yQq4qTV6mMkrckhRafRjTPKxxt,9546.73671294112,1120464,$1000-$10K
BCWjLjFWqMKQ8WCsG2LzRymBPmyUb2Q5L9oCdk2PF3Wa,9546.727588964433,1120465,$1000-$10K
55KbTn5wz515d3idoF7Uc2gG6UoYJv48zpW5ugy8T6u3,9546.706634634345,1120466,$1000-$10K
CEH6A6C8qoaDxSptb54WqN4pzTm1A84zgfJ5DDeuaWxL,9546.671624756917,1120467,$1000-$10K
38cNgypyZHrnmPwULgMt8pSq64TV2cnvXmoLMzqQ4qbV,9546.663526015856,1120468,$1000-$10K
BSY45Y5foBmUY7aj1ohDRDywQ77MCn2FkB2TBCn7aoxa,9546.655652840116,1120469,$1000-$10K
3VZdZZHokTstADYjDfuQiFqMBZmHt53HexCcW352yvRP,9546.652509224465,1120470,$1000-$10K
915YiuX3BhBfLYVYdEjPiDMPfcFADibgovqqXnfX2Kc4,9546.64987342783,1120471,$1000-$10K
HKx4DnH7CrnTE3fAG8bk3PY7B8Qc5L33AWQTExFCRWg2,9546.621692454024,1120472,$1000-$10K
GQpR7TRUVrzRn4qVsLWYnhu8PzGqFSBBdmRua2cA2QdG,9546.60010831758,1120473,$1000-$10K
8emdb4oYe49xRpoHniRbcaSBKaA6KZj12xrBV8oRKy4B,9546.571437805065,1120474,$1000-$10K
3X3oSzXTAomYX2xFbkUVbXoU55rEsthSCzmio1hCcVgr,9546.56167091007,1120475,$1000-$10K
14TCBpkGCsDJLYE5ukENiJ3uckvKRJcdtbPjK1TJ3BDT,9546.56132951826,1120476,$1000-$10K
AtVWZ6DnUviUqZ8CLs89QAuPXDUg4SFWCxsdaWssQdpP,9546.553943003064,1120477,$1000-$10K
3T5UXZeF7rdsZsvGdxF6NetSRPRAvzssSDNpXwcnjQ72,9546.551062904467,1120478,$1000-$10K
trUwKMPpYDQ7oKTnRXy4Gr8LFW7bJ6fabpu7upGTxnX,9546.547703255188,1120479,$1000-$10K
3a2YxmuEWgcZP8w5AhPoiXTbXA7Y6HgrMBF8JcaMwJcT,9546.545874835121,1120480,$1000-$10K
BNF1uzrS9XUyjUYJ89X3QAhmJZLU7GyXXpMSp96pSx3X,9546.540400114582,1120481,$1000-$10K
8ixTVd6TAjhmC9BTeeSiqBEboEjfr7jtzqJ2ZqeKvWGn,9546.50625062668,1120482,$1000-$10K
6giXZq3aN8rmb3c6oMrvvdbdhzkVninUsMQEhwR8WF3s,9546.485609084091,1120483,$1000-$10K
6fz19AFmVrQmccG7hc6uQVUUZ6pCu8dWgdcNoW1GUCZT,9546.450946954677,1120484,$1000-$10K
3xWYDqp7fEd5DuHyhSExt2c5QwQmegQSsCoeh6Uc8z4Q,9546.417132968178,1120485,$1000-$10K
2DMm1AxwXJHuRmv6iQjjmrzsAmq4uyVpDrY4z5MfCKdm,9546.38559723463,1120486,$1000-$10K
AiPt2WBJTvkWGxy67YfE4tGciVAXzgGSgz7smn8t3XZ8,9546.382795698346,1120487,$1000-$10K
3xnSgb11RFTPvGjqJkdpYWQA1anN9ZVN6jRMTzgDMBvt,9546.37673822918,1120488,$1000-$10K
3c1jzdr6UWXDRvSeXQnpZQh6m41oqKst4Qn9TPVLoZ47,9546.364222954186,1120489,$1000-$10K
F42GXeiiMDTRLDwEpvukVhfdsDPg2hURndvkH7FHwtNY,9546.361463261175,1120490,$1000-$10K
CuuFsz6xs11WrUPCKYg1U5Rnk8uwygsV647bua1NBLHr,9546.274443143073,1120491,$1000-$10K
23aQ21Q9yyrpaw6sGdMUGuiEzXKudHdTWw7AcjpJgWgW,9546.264164167533,1120492,$1000-$10K
Dyd6pBsyoWSNS6o2NJNwLmHeTnsYhxLmtkHGSzQkaEtJ,9546.236179151765,1120493,$1000-$10K
HAzqFg2KELAhKWPFjztWvKcYPNPhHzDtGdqtbAxo6Nve,9546.189001603072,1120494,$1000-$10K
FrYiKWFPgv2on3v4RaR9ENchTNX79MaTo1nUVXbCjFEn,9546.186018118739,1120495,$1000-$10K
FgmXbkhbVSge7c7Myj4DLwF5vDVqLZBRFotqz2rTd8ZF,9546.185076911148,1120496,$1000-$10K
dbM7mWsDQZK2MJxt28VTP4MBC7Vq5wCDoJkLra6dcMv,9546.15083223376,1120497,$1000-$10K
9wQW4Nvdp18wfhiLfrNf7sy2ggTPLF7G1S6MEKJd4thK,9546.131571205719,1120498,$1000-$10K
6zw4NegVrhb61e7ZwnNa91qUYDrGWfXRoMWxeqjWnEJt,9546.128358098444,1120499,$1000-$10K
FBxvZTLzcSxYBGFy5JynJfasAFZREfmgc3aV7PW9tfE,9546.11849725762,1120500,$1000-$10K
29vcMgQqTL8V3kpnbB5qDjod4vz7wY7YLpcoVJ3e6Yfk,9546.100534199075,1120501,$1000-$10K
F4S5bv6gCEViMW8FXCtU1QKeJSPFMoPJbwsm8CviZjY8,9546.095594042314,1120502,$1000-$10K
4Q1ufZ95ENpusyPfwz3jrqGW8FW7SutA6BFCbDBiEdUb,9546.09191564415,1120503,$1000-$10K
AQueTiAsLkTPnv135jKRn7iouRJWCwuMHZikLGK58Jt5,9546.07397291443,1120504,$1000-$10K
4tSu8m6Xuqi3zyHbNZRSoLgMQmvdMf9X6Wm3Pj1V2NGq,9546.041699482266,1120505,$1000-$10K
6KRBKdbgJaiCAt8SYRAptMxePLDhhq1FHzeqVx8gRKpJ,9546.01322897962,1120506,$1000-$10K
Aodcd3QF1M1Gm3r9aKoKxkXSCzxppvi3W3m2coqGsEGM,9545.99049269877,1120507,$1000-$10K
A3A664Vn2qZDAxJhPsokWGqHBBXRXh5wysWLbpFNYCPs,9545.98248296351,1120508,$1000-$10K
KwLZtsEFzspeFF15etTLoCvvBN8cQdUZ9E5YKCUcE6V,9545.9452223817,1120509,$1000-$10K
ZQYFoUpBJguBNS58kpaJ5DyFu32JYKEvEfnomWKyH7L,9545.937629745964,1120510,$1000-$10K
3tMraLt7nvc75dYRsdiLpCWALNfX4zGTVanu1WYtaERK,9545.920846778918,1120511,$1000-$10K
9sxxaHREgCDseTvnFUEWf8JTXJesf2ieLzLcpqbpjYb9,9545.906570245696,1120512,$1000-$10K
AACKUaa5Q3wcfjBahX6XRggVfWCoD2qpAJpUxYUgsn3T,9545.906263977491,1120513,$1000-$10K
8i8VPeoauyfT7gtDp7erWQAEkd4gxJvtSKCmZqyFCJqx,9545.902706552239,1120514,$1000-$10K
4JM77i1Z6U6Q38AtdYUWUDjzRmUADxFaC4UeUexS1Ftp,9545.87370438819,1120515,$1000-$10K
JDdanfqMySMuesVGYKn88YupmVo9W7CpeMqZNNJL5uAN,9545.867960846477,1120516,$1000-$10K
GKmL6sHBBhqfN5a5MZShzLQaVEodBtxEu7Hiah9YnGeZ,9545.85572119351,1120517,$1000-$10K
8vMfQrJV1muiunmJKGpVXSj26KLYefHWJzB5W3QBRjub,9545.846177070058,1120518,$1000-$10K
7g5VRfGrhjy4s7ZmKcngen52ayhdVAJhZkJHHkyZsFuG,9545.845254399843,1120519,$1000-$10K
89T8kvL16x152wcic8YAc18oscrKRWfphmQtrjuGC6yo,9545.83922952132,1120520,$1000-$10K
8RuFFrhG25gYCByuEUPh8jvwA6dT5RqrCruZY4JPWu9E,9545.835815911641,1120521,$1000-$10K
9Ybpa2iWWmqapMnCiKhetA8SD15VFCEiGqnMgr9ZL8Y9,9545.834484516417,1120522,$1000-$10K
HD5Q5X6oFUkbiLtZ9aJP6Ubtq7vFrUPesbSgCSVsjowS,9545.83354725579,1120523,$1000-$10K
21sepsMwqckMux9YUaJYaE83yKPsxyhSvbi7havVFrNV,9545.832321750511,1120524,$1000-$10K
Ai4DdgBVAehbJcqjrVQuQ8k6dD8r1RAD9zUmRYhvweF1,9545.818270962916,1120525,$1000-$10K
Gqy1nABxteYHLMzRLsG43Rz4eCiRFqStPrDhLjwQYDYo,9545.81166783042,1120526,$1000-$10K
Ht6USA3iKH6qn7ZXCPdZgcUixXn9N9Qf3DDdqVr5DUjA,9545.798443721433,1120527,$1000-$10K
3aLDiujFKd594AYWrMzZNXkzAPWuB3bzDmpFwJeNJr9W,9545.789748318804,1120528,$1000-$10K
64TGnBX5aqH4BFRgA6xW7H628YzSz5GSMpK7P3PtUQcb,9545.781373449488,1120529,$1000-$10K
FBmYFHKZa7vb1fwNDeWp4v6yGoJEd8nZEb4Hf4vrvk48,9545.781336770404,1120530,$1000-$10K
9bsSzaunZjU4g5BLSas2bv966CXjXQjijzYbQuFtPMiT,9545.777220525491,1120531,$1000-$10K
AHHDsoPLx2nbe3KMrRwfbYXvstZ9BpFat68SzxqJyJHT,9545.776315578718,1120532,$1000-$10K
CfWg1p1Wqtv6zmkYafsgutw3mPaF7a93LJtwkqHnXVX2,9545.766228944778,1120533,$1000-$10K
s9ioT3NViZksrfKipCU7fDniYm8gxsYXTsCuUk1uWmR,9545.758687657586,1120534,$1000-$10K
8TmzKQJbmZuxSPKbA1Z4g71RyXcYBS6menozdAia9qn6,9545.741942649258,1120535,$1000-$10K
FN7sLuXY2fvxMwEpK3vLYagWNtuCE4jcdGkR3UACY8eM,9545.71048719479,1120536,$1000-$10K
633wNqRV7E67RRxUZELHVFG5d9dtFsdoDnjn6DEJuEFG,9545.653782158019,1120537,$1000-$10K
Ft3i8GxsnrCjaZxvvNb97qUJ5PHQqVUBynBmidw3PkW5,9545.63816001979,1120538,$1000-$10K
4mwd4t9f6MrXBi258BYYAQcTYXPZgbwWqK3nvg4gq13v,9545.63294761936,1120539,$1000-$10K
CeXTeBKYm3WGmuAcS1Dec5SkwoD71Qz7hCMREDytXn5r,9545.6262855379,1120540,$1000-$10K
BYswryc3KA2RZMX68i92ExQt3bSfsNugs1JwmE7HJvra,9545.614445623358,1120541,$1000-$10K
Ce8YZBS8FR93oW3hfZHNjzurqZJReyXKkKVv4xqmW8gq,9545.60820128687,1120542,$1000-$10K
AkRXibgveSL5b9C13MixXqmU8mHMfMS6xWLYcP5Dc45t,9545.570467796564,1120543,$1000-$10K
4oLwrjvXd7GsxZACoJ4S4FwPHeN4S8gsoA9iHg8ASqfZ,9545.558577669432,1120544,$1000-$10K
9msGBkXMAmsCdaKCbWKCrAg7Pnb1MFtx1wmZPVrTvMr9,9545.556259417785,1120545,$1000-$10K
HJxvp9GEg2u3pGmjpmEQFejhHz9Z1k6Ahv1FGk5582rd,9545.554436011562,1120546,$1000-$10K
uDpDpB9uMz2Qf5DbzDBga6Z34pWa7MRfLxgEp1ZWfHv,9545.540758990404,1120547,$1000-$10K
JBBxhieK6iRT4oBX5xnFCJmckp9beVzCWRgHgf4LDbpu,9545.515721511103,1120548,$1000-$10K
ByYqE8z6tAD2KFQaikTkXtUAiHMjzsiqHwPfzSWZJHqD,9545.470184679862,1120549,$1000-$10K
F2uc6dXHXhNfcPRhGbdsnLwG3uJJXSh7EH6r9ct5p9Gg,9545.466899766749,1120550,$1000-$10K
FEECmzcupKZ1aoRdaDDqVreCB1Gx3JjGKT6K11d1C1ZZ,9545.432279455745,1120551,$1000-$10K
7j8QoUQ5VL2WRn6pQYrM5xgmdZPhswo2mtjnNaseCRt2,9545.424665846944,1120552,$1000-$10K
61Xxcu36UZpvXeMbZ2he2eCqRSrSWqAgvrVRUbnBUFRp,9545.401090106205,1120553,$1000-$10K
Fy3Yyg1vUfRBx1GkUhY7N7gSpVQXUiNiT2yHZJLGQRWe,9545.372604117421,1120554,$1000-$10K
7AiudJsjy9yW4RMQ42yB3EgQ7YHyqynNeMPW82NUCuqP,9545.366983755514,1120555,$1000-$10K
GkMZFa6nHCHkyEmBvynpDJBHowm48boUaNxz7KL3egVs,9545.361272421787,1120556,$1000-$10K
EYzmkNkXtFvper597XDZgqjoC65txBbmk8LUPQGzzbcM,9545.349825319601,1120557,$1000-$10K
DYBcgpd3wZ2UoP1oAVzEyf6Sy4KhxJBtWTJCeZqxi44r,9545.341859791288,1120558,$1000-$10K
E52TvAsqWTqUmTpb99rmi9NourTZHgzCVoSeMCEQFiaq,9545.314580005655,1120559,$1000-$10K
iTnrChYzr3VevCrdPPmDf5M1U2QwJ6YagRAbibBbuC6,9545.304862688192,1120560,$1000-$10K
Ga2SDKMmW3wtF4dXyP2uAyiJk2UmPehaJfv55FXQBBek,9545.301029550663,1120561,$1000-$10K
6GyHSKsymQdRHHRzPoSYMDEzYBZt8Ns4VhBWvtSNnxCY,9545.278309846788,1120562,$1000-$10K
BArTN46Uf4DbWj2EXprJxy5CM2obh16E9fCiLfz5Zsd5,9545.20343293492,1120563,$1000-$10K
D14jT8PDAZuQDMNdy3ffrS8GeiDRmy8pjtzkpRE9WFmt,9545.196659071564,1120564,$1000-$10K
8Sm4g6J9L54w8ZRfKMcCzPJkZbUBsCxRKd98CNZ9kDq8,9545.187337615582,1120565,$1000-$10K
6mGTEVYNSEmZ34rkWsvd8iNj8PCRa9GZkfCGqaGLefPL,9545.186613323624,1120566,$1000-$10K
JB29pzBg1mVhpFJbKLHcYxPimFPBPRQvRM51XKu62rS3,9545.186217382487,1120567,$1000-$10K
3FTcpyqDaRS9BEXfSrAimgfbLyzei9Jv2R51b4RKJQcV,9545.167818946027,1120568,$1000-$10K
FDv2gB7htA63wza4DCEoUUd7XuUoCFPZ4XhBGi7CkTK1,9545.16109688572,1120569,$1000-$10K
HN4ayc3XauhxJdppjdrjBnvmgvUdTfXbjczimwpV9vh1,9545.139444487399,1120570,$1000-$10K
6rcPRyPHYETKWFBoQrZFuF6DwKJERobfJ6EmkUxTWvgJ,9545.127262783692,1120571,$1000-$10K
59J1C9gRxSqPxBMQE6ALpWhyyzEM9jwkwwMbEh4yn72E,9545.126422083114,1120572,$1000-$10K
AP5dtYFwikBqjCnUgRwv2zRFiMi55sQBnra2cFUQYhMZ,9545.103863362221,1120573,$1000-$10K
9A9StaY3DYDPz4MNA2wxpvjaf43GGpjrPBPQmwxepdho,9545.085404381978,1120574,$1000-$10K
4ixBZtbfvjSSdqtiP6EZ3p1MeGgmBsNS7FHB1uQdyf9A,9545.07247362516,1120575,$1000-$10K
3C4HXP9DwD276twym1aEqz9KoUmXkqEjeQdCYkCHrab7,9545.05204231553,1120576,$1000-$10K
9U3dco549d62PzhdUwvAHgp3u7bzY1A4tEYApycDXQ1j,9545.040367269334,1120577,$1000-$10K
FWdquHPNjq6GYHUZETUfdA26j77BUgZMkgvcqkDK81P5,9545.038856016708,1120578,$1000-$10K
DMZpNahwoYVwZEGfSKrqFWzwC2F5UnTBkspFqE3c6fk5,9545.03690869404,1120579,$1000-$10K
LPSNfcKuT6oHGkM3uB9MHuSFBVFQrEp3SzXb7bZKgFu,9545.02726230969,1120580,$1000-$10K
9B3HQrXBv4WEcvBGcM3Nf7CiDUyYjunL21Vz6rsdZGrF,9545.007920814518,1120581,$1000-$10K
F1VNWijuzn94GR8SNpafoTpBHmb6w7NLcxTYHmj1xWo5,9544.96011142385,1120582,$1000-$10K
74srVnfuq3jWD1GCfoJB1WRSFVFLJfY5bbm6dVt7x3hT,9544.948185235151,1120583,$1000-$10K
7FfgNJXJCGte2FgnJyP4KLzwzxAsPoc2SweK6vrw64Dc,9544.911029027659,1120584,$1000-$10K
CFDxRU8SCgz7R15K8iN6cChYEEsRZAiVGDpmEcNTGEPK,9544.910526841868,1120585,$1000-$10K
8cmJTZqGsPaDRNTaDK9USYtd7MH8RPG7Wwb16kbeDrWM,9544.907892407076,1120586,$1000-$10K
H3TSuqKcdjY9VJstNqbC4DoNCF2DoZUemW4aeaEPhtvT,9544.88522490145,1120587,$1000-$10K
DGbCein3MW22QsX5FpyTGmbGDpeqRzcStzDmbHcZALy7,9544.829318778393,1120588,$1000-$10K
8GJkhPEyxyAwcpmqMkNJDRhfTXBHuZZN94mcLoozkM7k,9544.826286451409,1120589,$1000-$10K
HhrRz9C1vzPaiibhJUzmh6emUrcoZA7sghFMeHRiCsjG,9544.783168918313,1120590,$1000-$10K
5AxPzRfUZM9BEp2gUKCv7EoUQAeFJwJbnZjxMu1HnAnB,9544.759163188175,1120591,$1000-$10K
j6Y7H1pRdWnk6Sy3s8U5CLRtz1kxDh1Js9uZqQYtJhk,9544.734815917269,1120592,$1000-$10K
Dvwxe9FpXvYGiL3XEoh1xmV8tkJYMDJA8AzRPPKGSsym,9544.725379788655,1120593,$1000-$10K
51gATYWxtfuHPwzKsZaT3VpcSrMWpnfsp7GDvoWrWP3Y,9544.722988290658,1120594,$1000-$10K
6CXduzumHtzn7sy1ahuxceCyLztDwv7CFU5ncio3i2gQ,9544.72202338052,1120595,$1000-$10K
FVSmtuM8kAEFLmScdwbZLu5e7QUoHit28TNzuM3r8C17,9544.719391787608,1120596,$1000-$10K
Aunxtr4RhsshTNaGTGTJK8gqDctgU7biEn4DoekLtJAw,9544.718414032985,1120597,$1000-$10K
8VJF8mTwiDGq8LxY81tvpCZH2qXVij17vYrfd6wP1odD,9544.702489940066,1120598,$1000-$10K
EaYD9aVzftiY3dh8t6WYVzA3GQGpqgKSUj6KrB8cxCgz,9544.699279077993,1120599,$1000-$10K
Am3F4oTsSyQkyDmftNHwwq6aXZwi26nc15Ngrn3AUH7S,9544.677466381077,1120600,$1000-$10K
8KejHEmeMMdSAQ5jgbZzipVgmDHLWkNtMJMURXfSSu9w,9544.645180119987,1120601,$1000-$10K
F8C7yay5QG5j5goXhwzkiUQxzyATEP2a2KGQfGWmPBho,9544.619683099816,1120602,$1000-$10K
7k2yqogZujXX7JyYDiNMgHvTXZWbPvqt1Nc9pimSfq7g,9544.61573989953,1120603,$1000-$10K
5d1saww78nEp4YqnDxQAqFkNuC67RE7Zp5oGfSCM3o3E,9544.591464733192,1120604,$1000-$10K
6WWVLxqKW77ESqBBHgPA8J9BDo1o2Fcyt9C1doxvvKKv,9544.55117075739,1120605,$1000-$10K
2Dq37LLCZdeA1jUrqaktDSq7Y3J7jC31KuxZeyTFGz9D,9544.537415923009,1120606,$1000-$10K
4fWdNqKwida8q6GbPprZNzmpNxynUYFnkervS3J4Dme8,9544.529521054761,1120607,$1000-$10K
7u1eLFVLoSQ6wBFVziSVc4mUd912wCCKyKhqagfoJAnL,9544.48113188321,1120608,$1000-$10K
6AVY67Hw9RfjteCaACtVE5hAoiS46PmsT86e8js1QYuT,9544.47172852474,1120609,$1000-$10K
5SHJTtSmj6UipjoFySdHE3zK1qPndQuxEpVNpANPBAs6,9544.455359635467,1120610,$1000-$10K
BymEfjNYz9JAXRMXMH9AAUzjZb4B222cpjZsvp1mmTvY,9544.446696798703,1120611,$1000-$10K
CHUFjPCEoeuxHLgvfo4aydmFaGWdQuvVu9AjXvij9bCA,9544.440692218674,1120612,$1000-$10K
EKyGfZJRNQ6XJfa12bvxJcid62tLncYGqjksSgLYNuHC,9544.437603109607,1120613,$1000-$10K
G1t9HjC89tbtUqQD12ggTvVYwREyAP5hMQaWNz1baxWK,9544.39233366201,1120614,$1000-$10K
EdxNV8JuCt5zTwg9KsqBncFCNWEh2tut2vVGs1zMKi6Q,9544.38567057404,1120615,$1000-$10K
GjXtcSm6nYYCipHRD22qmFm7uZ8nhDsAsz5UovRDAQXb,9544.34144303727,1120616,$1000-$10K
F2ARwYnXZpLtVFnF1ZAUWCY7UK7UXSrEfgriAXdfwdCB,9544.33873079283,1120617,$1000-$10K
7c8RopgY1VeT9rrVmQ4mUnkwys9gKjaVojjQfLgQwEPx,9544.330029736777,1120618,$1000-$10K
LcTUjyVzTPtnB21FJRMsE1f3hMgWa78VULh8k6bRRJh,9544.304726395872,1120619,$1000-$10K
Hks1BLDcBxYo71KVz9fcnT7w74quLpQ24Ea5DAXmsk3h,9544.286271240167,1120620,$1000-$10K
61kMqYa3UK7ywXtLeKA2212P2TRgztAaqjCfbTJNhkw1,9544.283083814176,1120621,$1000-$10K
BR7F2SJVf6YzgRi3pgaqZAdDXQvEoiSpbSexDHQwbWs1,9544.282242597692,1120622,$1000-$10K
EYTRbHq4ASQ8V53KbDC9ycv8EwJVXQzqviwJ1GUFDJRW,9544.236191845168,1120623,$1000-$10K
ELe9Cv9hw6Kwrj4fKnzUSAX21aK1xQYkpsH83VrTbngt,9544.227114378256,1120624,$1000-$10K
Cn3AJM6gDxDX1Dq3CrSCMHcyC16vMNbYj8zGyZ4SqEug,9544.2116992581,1120625,$1000-$10K
69fgHH1K291aJDFgqo63pLkkZCCC84JcZz4HaCinEVvg,9544.210637722586,1120626,$1000-$10K
BJzfrrCyMwfUFvJqUrXjcQyEwJrXqAjLCTVwFEaEC59B,9544.197793591498,1120627,$1000-$10K
4y2uJrKs8xvQYkGwwhenYhvn5h1M9UwdRKRcy4sZ4nqH,9544.188955229238,1120628,$1000-$10K
7VzR7rMBiNDeLDTRnSNXUE2UUDckqYpiMm5QhGU6ohQP,9544.185277509188,1120629,$1000-$10K
DBCe6tYtdC6iNWNV81Pi3FQddehRmsvX76YdLYQ4CT3Z,9544.146574600596,1120630,$1000-$10K
BxTbsRRVw9ng5yVuhmYocjMoR1bTSQXSuPERH9KY9qaZ,9544.029164126856,1120631,$1000-$10K
GUuJrjAijdnZDZkSwQRiRu51pTMCWgh7zSaF1HX1XR2u,9544.011571067711,1120632,$1000-$10K
4GpAuSCt3cPf4doYXLj68LZE88aLz13ut3MEYS5Z9F7U,9544.00841172745,1120633,$1000-$10K
6agLCiKrPHwCGKtu7bFeHEnGgxFxYcL4V51g3C3Fac9M,9543.99061338133,1120634,$1000-$10K
CECLBkY89WjqkaMmxxwJUJpSh2ECrvhKGaBKPF9dz3zf,9543.967933963655,1120635,$1000-$10K
3a8TbcqSC14m42YsJxbixkKxkpCcojBWwkHWbHRfovV1,9543.952727115284,1120636,$1000-$10K
EaGKKfKSFTGVoNY7uzD7JxyGyWd3FAgrgPnAPkzs9a6d,9543.952220059919,1120637,$1000-$10K
6AugX1SsXsDjsuBwWU1H9KpunoYxRNRuvFqB1FkZgZdH,9543.935702347086,1120638,$1000-$10K
3KNdL8kYP6ynpspjBgASfyKv2G5exQeQPStyTyS8eaqN,9543.934374969329,1120639,$1000-$10K
8GYv43tvoU25FjAGZT3iHhB3KRNLKX1UmpuXHd3mw8sU,9543.890886493453,1120640,$1000-$10K
DK1676SV6KpoDuAKhsy2FVEyqCEGLvj1GeqjXT78rhCe,9543.879219673709,1120641,$1000-$10K
DFfbgd4AhgMFaDqwvEYfgXmnZbzRNj7pA9xTx5LoVd9d,9543.868040181509,1120642,$1000-$10K
8Rbo4azLHKTHuMcakAz4xQVCQKc2ctYNGJ37AKS1DXm3,9543.864437956117,1120643,$1000-$10K
8qXsxN1AwuPrtnocyHsoaYRHL6eS5tXhT5pNmuDwut9p,9543.85946681136,1120644,$1000-$10K
C76TtwrJeFBm2is1cxLq3K99nKfezDRmSaEhXnn14J5R,9543.801489528958,1120645,$1000-$10K
EEB35RFyWvtYdoB7g2r7PLcu44nnyNAawxXkwCMpta33,9543.779345837691,1120646,$1000-$10K
7XuCt43XiGpGdzDEQZr5oM1Az1VoQWD9hYsSezncbfLf,9543.77074889391,1120647,$1000-$10K
6tN2tT27c7eatNoagaX9RMatjxA6m5tEqX24qVjb5CZY,9543.760846045792,1120648,$1000-$10K
ApiM1juG6ezPEqMMRVZvBvRZrRFcSoS7oXpHmNB1kQb3,9543.74676884346,1120649,$1000-$10K
Ctfa4gXtowULe1R3uHUPZVMbAZiM2vbgXRr1ZTB92aKj,9543.7466560351,1120650,$1000-$10K
R87Gvei7rBA7vZCsjQoRNeUJxeXoUtaN7wh9VNeRo1s,9543.731938426932,1120651,$1000-$10K
Dtu8hCazaMyM1dKXjk7ZWppxVVsurxPeHuvooJ7SnDPj,9543.71186660131,1120652,$1000-$10K
73ZRNNFNwGXVQgWeuriGVgyjmNNVcRUcef9yWsJYYSsa,9543.707126266265,1120653,$1000-$10K
J1he9AtNosgSxv4DqMLWjZahW1hUYAvCL6g2FzGWLGbk,9543.699216298914,1120654,$1000-$10K
FnBA3DmnBMPNgJMrtp16MpyEz9njqmWoQGFJ4zG4RWVa,9543.69775916009,1120655,$1000-$10K
FXmSpp5t3zqXogZXVFDbwyMmWvMMhgnPxuyLc6hY6Gz2,9543.690341952877,1120656,$1000-$10K
CbLptPfcwqT5FpD3dU1kTnBNdKUacVnNvwDugmYD5KaE,9543.668891196858,1120657,$1000-$10K
4sG2BsT5c7fXsC57t4JtJYQFPHtQVH9NVN8UcHMragsa,9543.667684915466,1120658,$1000-$10K
5vx8oAedUNJDCPmwW4hDCnv6HZ5FDn9ENHwEcpuSALaC,9543.651212343944,1120659,$1000-$10K
ErGTYZJisYT1vTa6A4grUvh444M64P6sVgkmBr7zNvA9,9543.639427180742,1120660,$1000-$10K
9ypHYo9gEUwTiAQjBmJ9rcUzQjDsUnMwpzA8ntXj5N86,9543.627220243598,1120661,$1000-$10K
EjGPdGDTunRFKDcpdMhqpYqgCzvkqqNmc5cepozQoR3F,9543.607443201427,1120662,$1000-$10K
AnH4ZENyV5baAdzaGULk8hHrJZDHW4jBJFKdthWdbn8F,9543.599373738438,1120663,$1000-$10K
5Vk6pmxgQmuBp3ag7uvsi1MhhHK9T3jdMYWBYkqsJiuV,9543.591326909205,1120664,$1000-$10K
CZW25fJ4R4sAS4wkDCj3tu1qJyjo86Wh24A2eVba92dV,9543.587275116317,1120665,$1000-$10K
2JmvjnQTixLeMKAKW5hoCe1UG889oLYZesRxvnq1uxsN,9543.580728213748,1120666,$1000-$10K
hUHUT1GESHa3m2T1eakJ7iHU3anU3bEWdowuEWYSVmj,9543.571027142834,1120667,$1000-$10K
GS2VfpzG6oBfyE3SkjBuuNH5xdMmNZzSprsgLyJ6kdty,9543.559887297602,1120668,$1000-$10K
8WuDRbbod2E7NNpaqWa1MnKwVyrD1CibVKXaNbAk1vP5,9543.546315261307,1120669,$1000-$10K
GaRWkRM8vRsgkSa4BJ4zL8HR564umbiAY2DyXckrsDt,9543.53570239912,1120670,$1000-$10K
AmQYvgm1eyENsycEejPU2NKGkbs5CfYXcwvUDLKEQw5i,9543.533324671549,1120671,$1000-$10K
GYeiBs4QQb8R6fgyU4T3PVYMWThtyKazdCjrkwXvQipJ,9543.528857147812,1120672,$1000-$10K
5moQQMzypCYRddpaz2MVeJqTA8yWpR7jgooza7PiGxfs,9543.519470365944,1120673,$1000-$10K
ma7kGxw83shS1D2f1BFPNLUMtsuQ4HUR451MECdApeo,9543.499821784739,1120674,$1000-$10K
D7jQJrRQ7Z7nMscMUJwqhQsNHS2qJszN5t4oDnCprJCT,9543.495078315726,1120675,$1000-$10K
3ruGUjm27tYSdp6Vm5wijpLNFXospy6AfjhgqgAkE8yB,9543.489709955396,1120676,$1000-$10K
9GFYpA1f86UkhVXoLQSKeXgKSymBVVUWfTehdLsqdzjf,9543.463861954595,1120677,$1000-$10K
BCbiVfCqmE3RiFnif4bFrnJUmRCGYTeo1fYeGCuPuwYz,9543.460638665949,1120678,$1000-$10K
7nu24KMXcUAAXA5msde3PZ9vtE6kEgVHWevZg43M36dj,9543.457035922089,1120679,$1000-$10K
BXd6xFXhx3bmghSfr4LXsb6vzjYJxPhEZJi1jR71gf8M,9543.455689153148,1120680,$1000-$10K
58WHxWvhbUuezPJFcLMMWNieWhDCYdye9iZXV9YBynV,9543.44705081359,1120681,$1000-$10K
Gyf9sb4qbznbU4dnbwoPN6QZ9mqQrSN1xV5C1Pvvt6Fv,9543.43388160647,1120682,$1000-$10K
AmSnU8Tpy7RuUEfsAGpXNsnj6xdQUfLACS6ss8kdBJxv,9543.42264695686,1120683,$1000-$10K
Ct7poxiPteJ4UU87kAVx4BXD6TNHgkRVzVwKpD5HB4uf,9543.395521941417,1120684,$1000-$10K
EgtTrjmuXA6obyp2ijap8LrukB4k9GwFg4kQMydwwUt4,9543.378825653732,1120685,$1000-$10K
5sQeXWCwt7xQjU4zvHPqyBGnipXbReVW5DRk825q3HhK,9543.36945783289,1120686,$1000-$10K
5CzaFfrWPXGF1ndzMHUauhZDK7DGV73cTPJTqPr9Q2Pq,9543.366893627126,1120687,$1000-$10K
24uVBQhpExwu6MjTFU7ERNN4E6xW9w3XacMoFjXM1r1z,9543.345741531659,1120688,$1000-$10K
AVzcJK9MApZsykhSVSXLMofRBRvetKmp8tcN3ToGkcQC,9543.343956881701,1120689,$1000-$10K
9VUbYxbUzqcz84KXPEhSN7b5eDw1H1C6xMGhXHj3rxdz,9543.31966086504,1120690,$1000-$10K
AqBnRpvbBYfPSNYcEUWU52UC7begQSacfMT9kK2MPefZ,9543.30653040465,1120691,$1000-$10K
JDKrvv4z2fGtkMP9Lwq6iwSNyRMsJgfsvQXG5whoxWV9,9543.283897680987,1120692,$1000-$10K
bbT4cFUCJ2ojoNU2EYBs69cCA2Ts3mhRpegjFTm1Qpg,9543.27902005356,1120693,$1000-$10K
5tAoZNrBpERj7Xb4mXJjXfTrR4C2e5PsN57sujMNpAbo,9543.271011522673,1120694,$1000-$10K
8eUrbLB9cTVnAxpntgfJyo9CSRGh5kyNjbAV76ohUxqS,9543.260903241262,1120695,$1000-$10K
FYsTRhW7BqH8DSjCBDVrhMV8VKKrsnPLAtFF5ZDojGUX,9543.248677571906,1120696,$1000-$10K
DksSL5rmcYpKtfkwjVP5v8DZWukRmTNGWSWEEv3MMpe5,9543.24066300486,1120697,$1000-$10K
C41N5uXkhUHaWgwEdzMdnk8iEfzm3bpptcBoZH9HtDDv,9543.22574635937,1120698,$1000-$10K
BbFzGXSBKR4sPyfR3Rsb13P3JgPneXWqmhZPiSH8kZV4,9543.22358305747,1120699,$1000-$10K
BSiUXjiw7Cze7Qpj1USdYgMZybeTbpfk4BDk3MT7rsGG,9543.21478358246,1120700,$1000-$10K
A448xhiNCMcWVzEpEtt8UCb5pHE6zGcf7dcqdaFdGNH4,9543.190877768742,1120701,$1000-$10K
BaxfXc2eQWTfi4mtiaq5nLKwoGUfMeGNypjESmhgadza,9543.183265361673,1120702,$1000-$10K
3wN15K3isEkjnMBRgfpCgyuv4qF6ZpWwQVDn7JFW7cw1,9543.169242256856,1120703,$1000-$10K
DMvmfSefvfKjMgQDKEpFNMiGJZgw5eP4U2rbahhCju9J,9543.164838500852,1120704,$1000-$10K
Bo1wmpMeWZ4bKKF5KG2zKNJ8ktCXCfTcg3HheXEM1A5i,9543.163328457013,1120705,$1000-$10K
5JRRrv1vNqhA5ZFNGQG4QvNmGt25m9CXNQVzpbnZTGw5,9543.158290872072,1120706,$1000-$10K
E6kVebJVmwutZmtjJ1erBzBq4C2yLrSyK1wWTXSeRkc,9543.149556173277,1120707,$1000-$10K
G9YySH7gE3Ptz2vhyzVALNHYYYEGxDFaY1FvH7auKzLk,9543.141126094388,1120708,$1000-$10K
9qX3gwW3PrqPLogx5j8Tpr2MkghvJgLEEF9De9m8ybVs,9543.139291507527,1120709,$1000-$10K
4Nd6e3ZWrzcDChTCtRESAUfv3mYs8xwYm7Js91wor9Uj,9543.106293725104,1120710,$1000-$10K
93TQ6NwkMUy3bSSW7Yh6WnDD4P1RsVvBnLZ9fkwHM3mY,9543.094624243568,1120711,$1000-$10K
AAAMMZHX69584tG3LMk74nbKtHHXVvJ4yV5YBG1Adpea,9543.0759306626,1120712,$1000-$10K
E2ppD3SD1xGjm5kvymdVx3Diy1CBfrFagWxz2cgFGAX5,9542.99790064303,1120713,$1000-$10K
7C6nUBacroRr117v8FL7sYVQaFhDK8pYPrK3mmaCy6FH,9542.987486404127,1120714,$1000-$10K
4JTPJkzuma1Qvny1MUFr8fwiRWm2FGqe2g3AssoHeSGR,9542.964230932388,1120715,$1000-$10K
HQV3eyTi1jVSgL1YwZuhJNeSi6aweFPvoCNYzjAnKjrh,9542.959202904478,1120716,$1000-$10K
68Gi1JZPypz3hfrEgYi2RwaBM7mWu1NAwrHBcTvoNA7Z,9542.918946252328,1120717,$1000-$10K
7w39sT3o3TwMn5wek9Ja4dVxrgRrg7pxvETmcgRXEj9s,9542.893653655743,1120718,$1000-$10K
6vYpXWxMxRbwwCNQd7Nw7c6tsuApHHw8DWFpTQw36m9Z,9542.88977921984,1120719,$1000-$10K
4dkC6ofU8qvkxJ1E1rjgVVJsuHPu1jDrCNSAuYpvy3Wp,9542.875609374982,1120720,$1000-$10K
CBDjWbCE5iKYjXbNnYydjcakJjcfUWo8uSntZcZWMU1B,9542.803112920621,1120721,$1000-$10K
44rr6h1W4u2ssaVmmp1hrwsYEQQhRhXdLBNzouhzaSvF,9542.787574954993,1120722,$1000-$10K
6sPYy6VSH7Nrj4m8vPXCrT8C2xeNg7LCatoffhqMiKuq,9542.77303999244,1120723,$1000-$10K
FVVQwbXikVEmzBCFxAZ9EkPxkyJ6LACjUxeBgfX8yL72,9542.750845961427,1120724,$1000-$10K
C969JrKi1Fc4UYXFBwsxeJZcHjLA6xUycBJtr8u7ybcW,9542.748492560735,1120725,$1000-$10K
BbxUKgRhoitNhJmz9tFo4ZjvJEWbj62zrPjFojHCn9bp,9542.732923261212,1120726,$1000-$10K
fTJBk6m5bq1sShMJ2zykxC5D5CkNcvxd9nz9o1f91pi,9542.708866912499,1120727,$1000-$10K
EJLPGadfPTArj9xMf7vRuEZfjuTmdvFoq3EJYuUE2kQ,9542.670566646932,1120728,$1000-$10K
GjVked2Zcu4P73EGyFrmJeCKusBocds7fYYb1ek5cP5s,9542.62673110205,1120729,$1000-$10K
CwENtKNwsri4Q3WG493D3W7qU8tPYQfZ6PeBesFB64ty,9542.619308383486,1120730,$1000-$10K
8rPaFTc7dmczL3LHZxs6NSyRF9hqqeE8BGnfti8B2eY5,9542.608303799692,1120731,$1000-$10K
5akAnHwdVzbBy8Z2Fordz7QwYsSSWxhKgBUKNqf1ncPM,9542.60641632634,1120732,$1000-$10K
HUgKesNnBTF7cnbCyYLf7jg6AbCy1XZ7cZYKyKWVLrR,9542.583319779022,1120733,$1000-$10K
8K7roy1caDmLyjXT16P9P5M9S47TNRvexpd5UZNG6uUw,9542.56888865764,1120734,$1000-$10K
AdFKUBcpCEWZj8pkDRizWvSYGbhjDBFrrQxJCzHfz6bG,9542.533988705693,1120735,$1000-$10K
H5G8DfJbyqsE3w6JDVapS7rhch3TnXRZyVMcqiC6qhFE,9542.529128066593,1120736,$1000-$10K
EYtAjiXs3rEX4NDc1stkFbqVgWkKm4bHzFzPS97RR8JM,9542.50303089136,1120737,$1000-$10K
6mUWeG519p6BhHEPU6jVZPTzcrJT7fvnTznkdAkH2wV8,9542.48238315211,1120738,$1000-$10K
2qaH9ci3pznVB5YtVahx8WgJDF5jsr9Y9rJA23veK5Mp,9542.386164501077,1120739,$1000-$10K
8h2UqQSWgdMSxhou8uRRsgg13TdivFaopLBvE54LLatn,9542.38409752925,1120740,$1000-$10K
AfXv7SifJMo6vpRPFJxcoU7s6BpSCn5KCN4WFfUZvBEf,9542.376116734025,1120741,$1000-$10K
7r8KcTAT3e3ERbGocEqqmrXH3aYWa1SFqoEYHnHk7tzk,9542.37591316214,1120742,$1000-$10K
42NPGur8LP72W7yhCKbaDamfoCZHLguQxe2ftbm312QQ,9542.330945455878,1120743,$1000-$10K
76bHXjoEgC6tYgEbTLnLmZXdjMyj8APWS9GS1mnrMn88,9542.3093344001,1120744,$1000-$10K
4F1wHdR9ZARBBfRnit5S25Yrf9VKUBzQDcwzeVFtrHvk,9542.294693322969,1120745,$1000-$10K
EnBF3B4B2Ac4C6mP2dweeVbbtNC4HPAjzfY34ep2MwN6,9542.27825899427,1120746,$1000-$10K
6SsQ1r5mYMHYAjgbaFzVWFQr3YcS6oEUZhVWjGUG7tQj,9542.277721108969,1120747,$1000-$10K
HBskAmg97EcuFA7z7Vojq1YPsGZ3QopUT1fUN7ZR388n,9542.244051227179,1120748,$1000-$10K
2U8n4MsngmoRTVeaFwUFWqwaEjDXD47JTwJDFyuueMSH,9542.222378924262,1120749,$1000-$10K
Duq5FFPQjagU4Y3tvAmTjXqwxB4Fa1czosRrjcBGeJGN,9542.214996354924,1120750,$1000-$10K
3KHG1E724uVodCpJsv5ed5EsSeVoYkkrGMUAvhQSg91o,9542.182174580614,1120751,$1000-$10K
59nvfhvbqnNojqE3nFkxGCVAXXbZnxWnG5BWA71d18NF,9542.15160733283,1120752,$1000-$10K
73Bryz2kSbh89ZVfV2iimHxCT175cVBEy9D7gziABqAm,9542.147053804307,1120753,$1000-$10K
7sG2iHVi9MrY5CUmt9GvmXn5PkPbuj8LPgNLP6UYaow7,9542.131635428072,1120754,$1000-$10K
4dW11yYk6pW2oUWSjnYiDXCJZG96C76hRt2FyB8oeaKF,9542.131241482506,1120755,$1000-$10K
cab2sySUV3xgecs8pTVHJTbQxiew7kyUVjpHD9ipqX3,9542.12647123872,1120756,$1000-$10K
AjFPhvS6RmWKu9fYFBwrjMLHtuwWeH4prijQbovKFkaX,9542.117190579682,1120757,$1000-$10K
46kPMN54sSWx24LvVGg386ojknhbTys3k85KRFWAzVCb,9542.09475658506,1120758,$1000-$10K
38yWbPtCtsRD2tZRD8hEawBKeDAUVosVRV3oxAfCzUBG,9542.08198367378,1120759,$1000-$10K
DZoUATjSJbNZzMm2DC4vVbxoVwueEHK7hSJDz7PQLxhR,9542.077938719704,1120760,$1000-$10K
46kozaJ6zc7y6GprnmxcmyjmmpjbFzvJgpWGaCXfsVYQ,9542.072690240639,1120761,$1000-$10K
5YDkwAfubeEh5w95xtf1wnKfGnFMGX6Ufrw5eXzJjmNP,9542.048126043983,1120762,$1000-$10K
CopncKyyQLeNPuyx9sUBTJPiRd4iHPm7dtxV8ihs6nfi,9542.03980828232,1120763,$1000-$10K
GZRErqbnWqf7UMx7D4sZp6FFJd5M6dcYyyEJZz7ZwRtA,9542.002036699789,1120764,$1000-$10K
AB2iAiEQGMnokG7K1ZDMBQveQBx6sXNc9KC7orGyKewz,9541.996747965424,1120765,$1000-$10K
36NfrY3kUgdndib2z7wqF7HRJheS9VTEmWqMJK1ABC2w,9541.994208447639,1120766,$1000-$10K
9y5MqjWNjqskDPVPjx78oUfBePVdSVF3bt6S3NWhBeLm,9541.991157773973,1120767,$1000-$10K
CMrALuuzMuqssFCVSQVZztEL6Jsmb7Z5sChTuz5bo1yX,9541.956636370476,1120768,$1000-$10K
89SoaUvYfuQ7U2XMwUNC7xG6BGqSd2JHq6ao4xjpx85U,9541.93739007218,1120769,$1000-$10K
EYqro2bX5J8Xm4k1nPs2t57S1kqdhwyCqnapEr48Q1FV,9541.925481144572,1120770,$1000-$10K
CZjYo5Si6ELKiuPTok7ihuQEsKvypJJB1pwXBMJsKEMq,9541.910102303373,1120771,$1000-$10K
4i7AzW3VLszekGaMDmKUbnDMggN2JbK2i7qCMHmYmL3L,9541.87458604414,1120772,$1000-$10K
2Hc2cdAwTvqfbGdBe5UU5LvxaEF3uNsR9nRRXh8Gwi7z,9541.87367217943,1120773,$1000-$10K
CqMQPor8vdzksKrfgu7vnTve1CKsGKX8Y8xduoUwb3R4,9541.873620108106,1120774,$1000-$10K
FAvgsyQeJsRwesxD5VcEXxDAXrzbncShvPPLnZYMTZ3k,9541.86165234835,1120775,$1000-$10K
APy7f92LuNxcEkw2QmCXJUq1ArUFge2kDqSgLhs5wCcm,9541.837716471844,1120776,$1000-$10K
9C1neLtrUfAHFYSqXDw4wABZpKYFU5Vg45yBvuqAQVGj,9541.818915397012,1120777,$1000-$10K
F5UtJgw5Ss2qhJA3hWpNs4RNi9voJSYXbK62g6mrJNE1,9541.788295637722,1120778,$1000-$10K
J7gFz5miyzmRGXh2JkcDKBJ5viRrgDv3y3Angv8fKwz5,9541.767566395596,1120779,$1000-$10K
3iY9TiciYQFRUacMpB4NdQ9oDQ8gYh7B8CdF2fQ8jN15,9541.750445079138,1120780,$1000-$10K
9pr3hRpC5jtLF2gnjho9ohDAsVxKnWDR5kZPzEnLWQXV,9541.74144766681,1120781,$1000-$10K
62RiAxtp4ciEprfFXubLRHY3wxStaAK95cptEss32ykk,9541.737946781277,1120782,$1000-$10K
GuzdcdKf8efxjt7skbiSLx8XHberLU2CreaG8L9qJD8,9541.723573584371,1120783,$1000-$10K
DuoQ1LoMXVS6mJeytY3gstXWET1tFNsxJbWp7X6FwAcP,9541.699481759828,1120784,$1000-$10K
Dgxx7RW2J4HFjyCjCupu9gFVxwUGsP9NgdYcXBbdjmrg,9541.69080773155,1120785,$1000-$10K
G3gna35oiwfBsktFNHUr6pZUq8YtkVGkDmG6yHwpt76n,9541.68840111294,1120786,$1000-$10K
AR5Kb7dw4ag93kEjqeSbpKteN1vcXozB7YGusnZdtvEw,9541.670789160285,1120787,$1000-$10K
6i98PwD2ZUahXxKwrUQfV3mxA6JgFafWpAeCy9ruepQu,9541.66851832887,1120788,$1000-$10K
79Ldf5AgvsU9VBuLeo39RM15Z43kGVhEqnRXMfdGyVqe,9541.658282569979,1120789,$1000-$10K
B9mvyBsXHL5RQGsrxJzYtda9Xi84BQ9WyNJ7rZaPFotq,9541.648684876085,1120790,$1000-$10K
HWYSHmJ1zQUrcoECf9iLPMzfy7vfqxh5BkSUM5G8mMjf,9541.620679632553,1120791,$1000-$10K
4ASwuXL9AGDV3AbVP6v9AcgvQXD3r1yMU7zHuGGbXyyi,9541.602150927361,1120792,$1000-$10K
HnM2x196h5Us7tmUp5Zq82upuf6X9ptfVgRVqV5CT7GQ,9541.598235033971,1120793,$1000-$10K
4qTHwrJEdxhoounYwosm9WiH4YSLxsd7DmcfnopYMk7y,9541.57879742291,1120794,$1000-$10K
HUdfgg9JyiA6Xo7tjUopDJNs9QX6emn4UEbZsZ3GwUVJ,9541.562876634349,1120795,$1000-$10K
BWS8Rwod6wGoXDuzt5aM9QWVxepfEQfBitHd3Gd78rc7,9541.55535796478,1120796,$1000-$10K
8xuwVhLweAdudVQywE4hyi8jz4oV53C9p5nc9sbLRv7f,9541.545839804863,1120797,$1000-$10K
57ak1dqzd1H9pT1jFCH8L24orGgdW7WT4ztRbKrgbPwq,9541.529544464853,1120798,$1000-$10K
Gb14ZHDLuDBNvCWBntbwXc8xsY8QdPvCCdmGVskrbwRJ,9541.513926872818,1120799,$1000-$10K
C3Au4x6ymH9g9uqCEXv2hTi7wSZ85sqhrx9qa5NUDdip,9541.497838410736,1120800,$1000-$10K
83ScRvbDVFiZ6JVvKpjTRftNmh9bYQc1BW4Jo5JqsaZB,9541.489489064154,1120801,$1000-$10K
4WZ8EnDmBTQWMr46pgjBSZskqT56n49P33Z62iTTd4h6,9541.450506346604,1120802,$1000-$10K
8nRmp36EZisKMreGgv9ppUpmd4MZy4DmRcSEeSdPbxGA,9541.441945145085,1120803,$1000-$10K
9ZGN3HwytskciiB8MwkunKX9YMpkf2Ln6NWouXo7CdSh,9541.432126966867,1120804,$1000-$10K
6ZytXW9vyid4pTxPPiN29mG1SWjHJf42J5nzNHqTtV3d,9541.40727118831,1120805,$1000-$10K
9ZC5Zssf7tw45jfuM4nVVLUBj1ABCesC4pG9ua4Qa1rB,9541.40206459836,1120806,$1000-$10K
2qaQrzCBcTgVDQoDhnDvg4xiwsTs98rjDrH6EVWy3zuX,9541.396931065381,1120807,$1000-$10K
B88xYEBhUAXxhwE7aTg97eB5oAKYC2j6zoCxJP98DEQG,9541.351262758224,1120808,$1000-$10K
EprBUe2BHgpqVhZvwCYKuWQ9VRVsYWhR8jCj4YXhUGFR,9541.32657749965,1120809,$1000-$10K
EJB2u6za43UeueTnZFrprW7Ccac2zravjPMrDF55zq9P,9541.31794367556,1120810,$1000-$10K
5j2W9Tm7YJRgaX8WkuKMTmsjQfBQciRbMt4bHGsDBWot,9541.317484436973,1120811,$1000-$10K
AL6amADt5Zc2mRxMdWbeJDEB9B4SE8yuHKANyWPZdNuy,9541.311328376758,1120812,$1000-$10K
8fRwrjCSs5KXG4qooTkj7U5Z6ZiDsGbfpbLeMJUXK4to,9541.282865902143,1120813,$1000-$10K
F6aUTYm6fc5X995KhZz81XjKzxuV27a8Ru7pad1YKjn2,9541.276373498435,1120814,$1000-$10K
3HsESFRxjN1fHywwyJNkAepB1jAH5KDjwWMxpDsM86K5,9541.27347628414,1120815,$1000-$10K
8DuRMDtfDeyubxohfPH8LFc94cQ8pKzpvhwLBYvUSZBF,9541.254779010647,1120816,$1000-$10K
GrXgREJ1jWcvH2BHKfwXvQCRZs3zcA72msANXDMNKfxF,9541.247485620917,1120817,$1000-$10K
CPeBaJP39bjqjJ2Bb5TY3HqbqaCh1uKC1QBkQmzHZUmy,9541.240214948484,1120818,$1000-$10K
22RNHZTKgVUKLMkhNm7uT8bSZVwhJiFmDhzvL2RWo9ST,9541.23239019544,1120819,$1000-$10K
823GkNwzQ3kmawWrXtXEjubCwHm6qVnvgHuLXDHDdZgu,9541.213747299596,1120820,$1000-$10K
32yJKhaTayTLenGDJs9mcbh7Wk42buVKoCkasj7ZgGQh,9541.1915026304,1120821,$1000-$10K
7Rb5oUSA2iFZ8CmPD9p2fEaFwy6TKGQXs3KY7aZkb8Su,9541.18985529386,1120822,$1000-$10K
2i4Q2BosLyzjxdSrhKbjtTLiQ3Ag6rPuoJjLNMVTbb6H,9541.139753202751,1120823,$1000-$10K
7g9FxrUCAgGPyaJvsbNtVTFYjTbrF5sKTpd2Q4TWZSYA,9541.138974934074,1120824,$1000-$10K
31t13WwXZUbfGXm2z8mb4VwZWfDuyDrAFCDxryRk2aBp,9541.135376519078,1120825,$1000-$10K
EDsdYocp9635qDvwxcTmepyTXxP5hENZViDY3Q9rBEPv,9541.12989993519,1120826,$1000-$10K
5QbkHTdNF5u5ZMRSApxWSPynehfWmqBhKaL4dUw4wLwN,9541.099091716791,1120827,$1000-$10K
4S8Aqmse1NpN8uS4kVY3XhBVthY7xmL9s7F7QoHdMJQ1,9541.08572037255,1120828,$1000-$10K
5ivvSnv9fJMDsomuxomMg6uBJddMRmG9HE32fy5L8zyf,9541.075389122941,1120829,$1000-$10K
4vuCtFEwx4FUMymCE1mGnMnbCbtkCsHJGxoLT6E4ynWP,9541.068824001999,1120830,$1000-$10K
88WJRRKsBmUSqp5VGZmdnfgBYi4zjLfZNDtDqzyhV5sk,9541.063919151757,1120831,$1000-$10K
6DgnvSrcGVfXXLoRMg8yX3YXSvPfgNBnuRmk5KrBBqS7,9541.06323045128,1120832,$1000-$10K
7BxhaAHYfLwVLSd6kiUUYYTXgmfHuGJUv2W41TDyTALe,9541.058502932818,1120833,$1000-$10K
ABzPohqt8619h1TneMp6EJLWAN8Jj3kWW9KJ4TuPEBCz,9541.055775621806,1120834,$1000-$10K
HrxoRNVDxRQC1po36J1q3oLHZnc8FEfDiWyqZr25eyCt,9541.05346863952,1120835,$1000-$10K
6vaV9j1JTW9X7k3HFYdaYRCVCGaN87Jm6BiuRe3ot3n2,9541.039609020863,1120836,$1000-$10K
GjotfPjv6oo2q5A5G6L8Q7wzfUcrfToSWV1xDvfwXcbK,9541.030631070418,1120837,$1000-$10K
5BEbV24713EaZ3iEYMdZvPHFueX2wB9JTQkdePUgXknk,9541.019803840376,1120838,$1000-$10K
AXENFQXCTZT5K4hMAz8bBiyBf2T3u66aKykc4WyBtRQH,9541.015603857755,1120839,$1000-$10K
HF1jPqPPhzd8UdS5MNQpqyrWh8BYWzbADuk2igZ2FG4u,9541.00495646865,1120840,$1000-$10K
2LEopra1ymjdiyxyk6Gz3LmW41EDhcKw8nc95XLVski6,9540.94031978602,1120841,$1000-$10K
61HJaJDbkvDUAPrc4HBfYRevn1HuZMrpwe9GDqs6o1Gv,9540.90529223152,1120842,$1000-$10K
qV9ob4trfq1VJpfxgLMFLvgpeErxp8JcgttCXM56EbU,9540.889797463095,1120843,$1000-$10K
DHt3P5GqBVgw1foZzkhR7UKtDrVGyEDzLBfn1AifiiJw,9540.882916627583,1120844,$1000-$10K
A6rb3qMqcH6vYjdvRJvnv4HvWgsGBdCpozq6wMypXuHC,9540.864995936505,1120845,$1000-$10K
gm2mPPDSbUNq7bm74cvNFhmEPREcMNoW6nu84kKpAiY,9540.8435670989,1120846,$1000-$10K
A861yK1HgPupC1LQ2p3dkvMu4FXVXnCKeT1WMFB6oNZZ,9540.785929184,1120847,$1000-$10K
AcC82CCbkjr3ZGcs3eBfBemxukiwe8gr4ATQ3efZtuaQ,9540.6972662702,1120848,$1000-$10K
4S7Kt2Ccm984CouYXgfaPCvDBBQT81gjf8ngvavTr7Hk,9540.651598102233,1120849,$1000-$10K
23XT318xjuraCgjUYpo5sf8w5rSodE7VUiVSoVwgcv5Y,9540.6499137345,1120850,$1000-$10K
7iidYMp5FMwZbKPzQ7tbDyuwEZTptyBiTRcNdcQUvvNz,9540.649690199241,1120851,$1000-$10K
HjefoHqNRzt3KVybKznVLbS4rBDzNs4dG2mr5WwxPfpx,9540.64946283802,1120852,$1000-$10K
haCtusaLznzm6BoSa8hxPzgFbS9iXixPn5YA5zcmRSU,9540.646420919518,1120853,$1000-$10K
5H4f1NvNZEim5wSKJ9x39K9sACrVdyr2pbnmicfZLjfc,9540.62355482881,1120854,$1000-$10K
9Ug9kdXV656smCQRkjcHYJzfjkPycycpg5DkMoifWBL2,9540.616350291648,1120855,$1000-$10K
5mjCQU5ZwXZjCe93uPeX2vMQ4mu8TjA6mvUQ4HitDSKC,9540.604841831306,1120856,$1000-$10K
Ddwv6B1kGHgDrzUoSa7dU9X7ZgVTwB4Azk6mH53jvHTh,9540.588952992832,1120857,$1000-$10K
Gm1LssuhaR2XU7Y1bV52Fz2jfd6JQDuiMLPvRbsgLzoT,9540.54190437147,1120858,$1000-$10K
Dy8wHKPr3uGetoBYGKKXZeTTBjLPSLRHcud9admqVXk1,9540.527997279241,1120859,$1000-$10K
AVgABWMHNfHkBVbW5oFpmqRjRmkhGD4ip8EPNHNWndfD,9540.525643048284,1120860,$1000-$10K
GE3bkGbvkYBXxcziTL43DMZ568MmaLBbKV9ZjE6jNXFU,9540.505740005101,1120861,$1000-$10K
9Xc9fq2FMGxawabYEjEK7t5LjQWeMqHxTXaUgLA7o8Pg,9540.472538952841,1120862,$1000-$10K
394PcjfvUVJdJQHXTW6ZrYY3BCZkEQXhHNiCEJ4oEJ54,9540.47120635905,1120863,$1000-$10K
2XGyhHBqG6THrWsQgTCSSPHNjQ6aJvEyX4g2APGNsTWg,9540.467075329943,1120864,$1000-$10K
AdEXDXPrfrHJfRfivV2ifPdXxVDvqqVXQiJW5GAH5RBb,9540.465543863462,1120865,$1000-$10K
B9ocENmokt7MRctZ5XQn3jdyD5XXyE8NbXeYaWjCvXF6,9540.404104693693,1120866,$1000-$10K
6t92Dsoqr2JTy5xCu1bx2uuB5moWkxQHyFReNCQC2R9s,9540.379714877412,1120867,$1000-$10K
4Bukkq4vK4ZdEFSyMFbqERDDY6zmpibonUgp8bzMBDqM,9540.35586509896,1120868,$1000-$10K
F4d5o4BGdwYTXtwhFhbcQURQYb2sKv2zi8PU5L7T6S4V,9540.35577094975,1120869,$1000-$10K
H6uC8UVy1qJp4EaxRua7jimpamrdSAgtGqdFKWGBYavG,9540.342996484453,1120870,$1000-$10K
6hom1Ske7W2xVbzsvm3Y3LazbzWUjHWLyG8Rb6BkSkod,9540.272877286412,1120871,$1000-$10K
4U6W5MLzdk9pqTti1aTWrGDpVVZcn7GVb4rePFgkEivY,9540.272240608978,1120872,$1000-$10K
59iFHBoZDyYQoyY4hW2XyPxkRmFfKbxk7pskDhFSXDdp,9540.267778640748,1120873,$1000-$10K
GydqKGoBsSjWCSgq7vSDo66EzfpHmZKp7XD2DUUqBzpS,9540.25584161997,1120874,$1000-$10K
7ZaAbntLmPFug3snqWqn6XnMtfDnaLZ4vReqATJmEGnN,9540.25071636858,1120875,$1000-$10K
C9XgJdNQCctWxWi3KLYoqzBWvgiYJnnGsNLJGWtFSKAE,9540.246204222294,1120876,$1000-$10K
t7SrpC5jVGug1fNhchDUMjKLnKBWTaUQ2PT7Rn6khiW,9540.218819169959,1120877,$1000-$10K
4ScDrkFqvpHPq6MaF8ryvc7S46XqV42GfvsZCzxysKU6,9540.212409645288,1120878,$1000-$10K
4vmCjQkiZgYSSVYThqCvs23ixRmNF3T1k2v6gWYMicdG,9540.210764116604,1120879,$1000-$10K
Xi5YSAm9RJvKT1eFnZ6ZokRfvSBwCRLfk1jhT6PyD5E,9540.193648888675,1120880,$1000-$10K
xgwXVN25dgM7p6mAFEMDRRykhBHcccyzg3UyGLRQDQS,9540.168618000771,1120881,$1000-$10K
3cJhtMS8gno2GwGjTvKnJ6R4gDXDQ6U2qXfdLQb7vrTp,9540.15872985332,1120882,$1000-$10K
4ddL77VZCCHoXotYJ6WA819JsaoKCgGKPZp5aJry8PxF,9540.150341170216,1120883,$1000-$10K
4jB5H8f7t45EkpGSYfStJYbUNXRac2n39nopUt4ZW5rc,9540.143124296092,1120884,$1000-$10K
DcFEKbmFTMDXkwM6rB3Zpc3FCFyquDCGPgY3mQgmodVJ,9540.109593591671,1120885,$1000-$10K
6L3ctwABrV3ADmCovnbLkgbCSfDRk9CZhmjPjWfxLKTC,9540.065491896105,1120886,$1000-$10K
C95XEMqnAWcJAH8dsBqkJF86VHCsxn9hP6AUXrYvyK5n,9540.062726229058,1120887,$1000-$10K
3S8VMUpVjXNzPMPPhTsfQgZUEKbJzzwxKrr3ia7FarzV,9540.05276148695,1120888,$1000-$10K
BstfdHP1HRmWfiJJBCnBHFoY9EvaJh7fiUzmhK5kutrm,9540.035553374095,1120889,$1000-$10K
HG892AohvLfEVCHa2NoupD5Tp49KgizrZh6xjQMrqpkt,9540.028580835244,1120890,$1000-$10K
7wrLzY7mRsZ8aPQYkQuqyjHsdtGyK1eRhadXQtnsD2rq,9540.019079780937,1120891,$1000-$10K
4RG1PYy5vQZ7qjKzYzMothQ6fkGYy3FTq1hSqAZn2rot,9539.969434383693,1120892,$1000-$10K
5x7trmhgu9isquoNDnWVKeMCycu9UmteXdPga3eajFQC,9539.966714859036,1120893,$1000-$10K
GcuLoBuCnctc1i9pwg3ZzwimitSgZujZZL8PJkRBSFV1,9539.946124433873,1120894,$1000-$10K
GB2TwNvehta2SJpt2xAw44G8Gx2QMDZNsqGgZSZyUorM,9539.920403748954,1120895,$1000-$10K
96NU61Vigchf5e2dBuWhkak6iBrzccvuC8srFRW6RSxN,9539.881265267739,1120896,$1000-$10K
F9CC9GUaMgzucbrEZ5BzJZN9Lz244PE29CBzYigzP8eg,9539.880009593056,1120897,$1000-$10K
A9K4To9kucFwEKTibn1geotzp5QNppHFffUj9UHLnypo,9539.87224624599,1120898,$1000-$10K
2tbJDzPJRrEbjoA7pHCBrCxWjd34bCNHDpAyBGwMS4T7,9539.855397914842,1120899,$1000-$10K
96C9VHVMJQ2xBA8xGUungBt3HZUSUUF8XNMXc6iQKnBJ,9539.853298347203,1120900,$1000-$10K
BtFsPFeV6CqS9LQkhb5NjPQpMvg3ha6MLptvafKQEtnv,9539.848005292513,1120901,$1000-$10K
HNRM4hymdCEsqXsrz1oYVmLYv4r1vpqZTtY65bHVKrYi,9539.846504222494,1120902,$1000-$10K
6CwEyiHWN8LViEfYQgjUQ5ZcAAVx3zYjYHEermDASNZr,9539.844121643671,1120903,$1000-$10K
9ftNrGnGzJGM59avpmh6agr2LSGHdVpAosA1F9XFwgLu,9539.83218193598,1120904,$1000-$10K
GAJt2JHgwzAQCV8qDCXKhK1VJqNYinsozDWKL38oYznp,9539.811885710009,1120905,$1000-$10K
FW1yGxyhXZXx5dDvzaRcM9QpyFsrtRVBq62TLsMcdo11,9539.76626454378,1120906,$1000-$10K
4TE5VFrNzuLkeP2Jgj9S5DLZSuyjYJjLfPjo8b4Ud7AD,9539.730640213424,1120907,$1000-$10K
CCsAhuqusZGj2fWuGkFyW8YWUnnJTwv23gDuUwYvNx6t,9539.688828829538,1120908,$1000-$10K
GRfpkoyzr3hDEufQY86Vzk7mHqkVMxhgr8A6cmE79Bk2,9539.682873934838,1120909,$1000-$10K
7XJDNE178CpWgkshbg8pkZni2kfxJyEX8vFJKgQuHFZp,9539.62925218156,1120910,$1000-$10K
wvpNnnpu55UeG7Fdp4NmCUm7DDcF9FQ5RGbR2qWr55S,9539.61684223928,1120911,$1000-$10K
JEAXSxrZDxWPj2LcQp8iejYqjsfKSQvDaVfXCHrKQQ2y,9539.60450415306,1120912,$1000-$10K
4X3Nwb5GU84MC2srsAHDDk5hY4kbamj7GLpBxJ5CkwPw,9539.538474453839,1120913,$1000-$10K
GNiBAyuWZiPrmoReTSnq4cpwAatmtuPyHvFstBuWMpMv,9539.51331416086,1120914,$1000-$10K
HtozZCJVtV5tdqkay4RjHgSyf4ZsENdpLcah4xcyRJ2i,9539.506570387797,1120915,$1000-$10K
5beAJLFCqEYTZGBhcSR9JugZfTT296P23ZvzU74KGVox,9539.502315943602,1120916,$1000-$10K
CLeZaGGy25jgiQGSP9LJ1QugBaLRjsaXNcnb5ZTzNNE2,9539.493459359319,1120917,$1000-$10K
9RRYGf42VdTdFBr565YPB817QxgrrAMgFgoAnHWLVuQu,9539.457324839406,1120918,$1000-$10K
3mdcjgS7Nsq63KZmD8U1dLgP5ymxK3pr2NfGeCpzvP9M,9539.454186543262,1120919,$1000-$10K
BkgPSDCUVPWPYC76DHbXcLMp7fNDFca8zXnbE7vCz4xu,9539.452428880017,1120920,$1000-$10K
6LiM921kv6NaM2Y7UE6LidDEUFR7mkWU4ULXYNa2MSZ,9539.416087744437,1120921,$1000-$10K
3nzKpcp1qxYxeaNqexWhumhxEAuhNCxmXUUSFTLyh3r5,9539.41461840817,1120922,$1000-$10K
GPT6XdA9Tx9tnGTJX3SLfejh4ZQ1WS3wAroHRkjcznPq,9539.40872096,1120923,$1000-$10K
8QLLwktYtj4DKnDXKwF2iaua63T18vZzp1WnGVHJUWJA,9539.404677270179,1120924,$1000-$10K
3qb4xv5QUkxnjpnLsLz9aWtpMJT6xbvnmmPbfTiRjCe4,9539.37357932423,1120925,$1000-$10K
2PrAZbLhECN4pF2vhC9h2AJNAFE6eKNrtUiu9zjkTwzT,9539.346031875839,1120926,$1000-$10K
2EVc5Du9HRGhk7peXimnNjRTYeeynLRxnFPUupWbifEZ,9539.28562922323,1120927,$1000-$10K
2sArMeTAo2yroKBP7KeXtJJGpnZng8xAXjJebdRYC4ax,9539.26765028837,1120928,$1000-$10K
FpauJDP5Nbih85iU9dvKPZn1qG8EjVQynQ96yJPKVHWb,9539.262431970139,1120929,$1000-$10K
8gwkicA8PXTThZL8kcZDqabSL7YhBLpvCTSTDQ2tJ6i6,9539.24911697003,1120930,$1000-$10K
5mCxE5hL4tc5NHauWtkeu3bUBWbGCt3dsvaMotgqMw6o,9539.248274951122,1120931,$1000-$10K
B5c9qvcRvdaCVSW2qnUSSmoCuwd6TLjCJpC88qvbLpYi,9539.240503639281,1120932,$1000-$10K
Dtq5z8dfeCsDypjU4uj9gJq4c2omfH3XjdYyFKh2cJqh,9539.234431156976,1120933,$1000-$10K
CN2YoQDhHkdYxHRVtyWxwYA48T9uSC5NfhFd8fV9A8P3,9539.22180451326,1120934,$1000-$10K
6RayuZbMkcun6FWHhhRx75WVh3TPXRs42QqFLsyKuT7x,9539.209730405504,1120935,$1000-$10K
GZGF78m9iX5s18XRNygaBHLx8fnw1quU7jeQTMMzQuF3,9539.197928497946,1120936,$1000-$10K
13aS5bGSeLK4cFncpvGwZqDK2YtoHE6VeVfTMM6xXVd9,9539.197020990143,1120937,$1000-$10K
5bEt3QNz8jEvHikn5JAkuAhUDAZVQM5mQdRbHwZmMnZ6,9539.178813031236,1120938,$1000-$10K
vXUMPbA5r29i5wp6NTbtLgPdz7vN3iVJUpGc7jeuw8K,9539.171052950298,1120939,$1000-$10K
FT4mKrgHjMQcwdiYJ67M5cTyDHY9DhAoPii2D1mXUpLE,9539.166895532715,1120940,$1000-$10K
8Ac6LSXcfv5jXL9o3ihvPduy9Yv7d1k4TaRQPsZ8M5Ep,9539.163437137182,1120941,$1000-$10K
4dVyMaDiQWDk32sVnFQ83Y5JdJRnwWsJTq4p9aanVYH4,9539.109634118497,1120942,$1000-$10K
HGb5rgHA9Mo7YYxANGVnRRMFdE7GS3EWAMyjrx57bvoY,9539.104278458577,1120943,$1000-$10K
2At7CEbXNzQowJ7CbqqnVEEaH3YWdFR268ds5FZf83Tc,9539.079415663855,1120944,$1000-$10K
GiHo6dy2PP6QEUTpYex7rU5cn22Sak2BXuR17Mh4P4oB,9539.061593329317,1120945,$1000-$10K
GDcLdoYvMv2Dd4PRFRch9FizGL4fjSa5rZuT8SyeWVqq,9539.04242221001,1120946,$1000-$10K
4RMJun9293wMkHQPaz1AMqgJtTYLLVWwPKHVBNQsrbxr,9539.018452370034,1120947,$1000-$10K
88A6UwKHmPUDrK8CJB5oG6yvWCLmZnqboKTTVMFAAcJ4,9539.002472480766,1120948,$1000-$10K
HgXYuSEUFNA5yMsGnaHx1prMbg6YgXybQ5Qs6wtg8T7W,9538.996034061262,1120949,$1000-$10K
GUbbix22J3zjbpmLc8Eab48JsKcesAvJgLmFHhZE6kEC,9538.966987116783,1120950,$1000-$10K
CHpi7Ac7K7SoqqWRA4SjmhSUwrytcpLyFYbQjniz4WDM,9538.93867579088,1120951,$1000-$10K
3v8TJwx38YpG3gnWUwkAmN9u59vH358dAgjzcRuLYyxe,9538.931169677262,1120952,$1000-$10K
CL7rYSgFCV43AgmLn66bhSAjTJM1nuAGvyFLhCb9iEyQ,9538.92661342604,1120953,$1000-$10K
8ua3FL7jW8wacMg9wiwSWw7GmqnMFoyvyqmZhLCnDQTe,9538.893484468885,1120954,$1000-$10K
FfLndjbWhMrWEh2sf24V6Q7FEb29dgQQDfVbnxyNibpy,9538.81097019435,1120955,$1000-$10K
65X1cFe2d52qzCqhuuQz7kAuwi5baj2PENBStZyKis2K,9538.804933378977,1120956,$1000-$10K
AbHjUF3T5BeiY1oDaueAJg1rKfFaH2gMtcuXtJr2MBVC,9538.770894410045,1120957,$1000-$10K
3ToDeWXj5WeYvhkpv4nj2GupD3NKieK6WaCHLekTs4X7,9538.749316412715,1120958,$1000-$10K
Bp88nYiZxQG48xK7D5MRCJyaYTu2YTQGxizLfFsMqLeh,9538.747706863,1120959,$1000-$10K
AuVn4kGEduELLpUsoD9beETdL61hEeWjnJuXd18djZBm,9538.72324171871,1120960,$1000-$10K
GTpnJLMRGnNh6AF3ccsm7Urbt9WEkuN5a1iwBM4hYUTr,9538.71618467111,1120961,$1000-$10K
EpTyn3PQdDzCyFabYTW5gdS1uHtiL51CUrzPms1Ps3T3,9538.712358106242,1120962,$1000-$10K
7xvcAyL9brsEEkcWuWysWgmkTbKUDiGhfxAzbDLid4KM,9538.68932128942,1120963,$1000-$10K
Hja7XtSh5V5Deva5wMkashmiHy7USxFN64Upfe1prnQW,9538.661221966142,1120964,$1000-$10K
HN1Me8UbF8CVU9AcnwdQihSocAcFgcZSz2oWfgfWPzqc,9538.61750907707,1120965,$1000-$10K
J8JbhXE7iiKS3PRWu5WYx1PnqZFPvUKxAs6sPq4p39ur,9538.614098899216,1120966,$1000-$10K
BNzjRNaaBj2SZSKw7nLaHaD1v34HHQTSNVXnPxhd5qcY,9538.592706843192,1120967,$1000-$10K
GbVKYa1GX56Z14cqW53vNkMwY673Bwk6KTQzLM7A7gzv,9538.589349737105,1120968,$1000-$10K
5JMvuwLMaE65j7G5EAixoLqoRzP4ZB7fqVu5J3Mv8nu,9538.572734563759,1120969,$1000-$10K
7FXJHmBzopioJD2CNcy6L3pZPebjFCXwHseYnKJJ3imq,9538.571255877585,1120970,$1000-$10K
BW2JgX7RYkoBq8tJ1m1KvoT4rSyPaywsSQ9XViC27G5A,9538.491741906932,1120971,$1000-$10K
p1QKC1jHHUjXGFTvwqw98XC2J1dDXWNS2t6pxVJR3Vf,9538.468607253315,1120972,$1000-$10K
GVydJyPcpQZ9EJC1BFHjNzpWyoLPiae4GcSLdxpHUhTQ,9538.456174579445,1120973,$1000-$10K
8NQFunvHQiEJdBb2suvotCdnu5HfGMNg9kGCcVHRtE2b,9538.446086347063,1120974,$1000-$10K
CwJYALpokuJzseWAuZ3TTcR37eGV7HhWuXsbWbRHfY7p,9538.440364369457,1120975,$1000-$10K
2zKwCnRAMtTiHC3Nbe37CCVyMaMJdz46s8CjaTbWSzYJ,9538.430894893592,1120976,$1000-$10K
5kXHC87oCGchyDAGwKTmNf8z86Bn1xb3o48ZycBy4NcR,9538.375217631718,1120977,$1000-$10K
4eNXoZy435s2KgT2naYHFBMcQf3FpWaKFF9F31tn6zQ8,9538.368967632128,1120978,$1000-$10K
GVAwmKhMwrJaDRTcx9NEFjVBx9sL2AEyZdgsPdqUpXM,9538.362782128617,1120979,$1000-$10K
3iLJcVovR5p8KAfJa4HTVSL8Wx8RuP2wZvF5VpGWMKXN,9538.355135183527,1120980,$1000-$10K
CNQ6KU7ieG8gt1TJTbvF1jjzbGytffeH7Eu6pApyvmgQ,9538.320341783266,1120981,$1000-$10K
HxThG9Mf8MRRBYNh2SqEXcK2L59GN5LemfXpXtsyxdjW,9538.299455778679,1120982,$1000-$10K
De6L48938sAnXEdRVMGfgLvLtxcg6Ba9LD3xTm62eCvD,9538.2823705943,1120983,$1000-$10K
3xyjTqFVqKGwgedXHdzZUB6sHGG967qwUrCbNmuzPzxN,9538.277294202217,1120984,$1000-$10K
6eCGZAerZiMqTaxhXom1XCQc9cPpUvQydmBjFaXkntQf,9538.251773102835,1120985,$1000-$10K
BCZq6MMEefZJj6wC8uqKheE4teL395kjvDwsrV6dnbCt,9538.24877143946,1120986,$1000-$10K
CDSRqKDDMML1rbeQJdpGdzJKWufEKSeKij3oWzVf1dNo,9538.236245701957,1120987,$1000-$10K
2GAnfB66CDwrpkKGbURFA8Y98rSbDnBrhYaJ2Sba1eCs,9538.219069845329,1120988,$1000-$10K
2dD8kq7XGFeFB27MExxtqhLLY9Ja79uiHLvgwB7o7RU9,9538.21658752115,1120989,$1000-$10K
6Adp3SKfz7T6LKkzkC35zuYbzmEsCwzydTE9BxLEgS39,9538.203824898183,1120990,$1000-$10K
HUihruPyjiXy5DpsLbAxJifva3Fx57qx9HBc1N9VVoZB,9538.174362048621,1120991,$1000-$10K
G7uedTSmsM31s2b15gXFhUwoMXcuKgh121Ly8MwBtmKy,9538.157824014732,1120992,$1000-$10K
92VATaedzD423iktwGyijEW7E55VaczTtwwb9TBbxXSv,9538.146122071159,1120993,$1000-$10K
7cZTWKMUbWeR747jF8z8wB1YKHkXFVv4rHZh6DHSsqvR,9538.140731073474,1120994,$1000-$10K
GXwzyfP1Z5qxGx8smaedqU5T57eR3TANLqzg3wJiw6LK,9538.13535462619,1120995,$1000-$10K
CZBhfC3dWx8RBHu3qLFJA9vq74o2mW1fx31p1kKrvAwr,9538.131421710515,1120996,$1000-$10K
FYLePNHKr3AzbV4N1xGtoVjDGtUetMTXJCYRZLakMegy,9538.129286657946,1120997,$1000-$10K
5fNifryCCihrK7wRQnZqGwNHynwB9VijqCnJwkyWgxt3,9538.072710027629,1120998,$1000-$10K
9yiaRUWR1wSPQULFaadN2o2HnEZDbfyVh5LnDTMGFHch,9538.068856353775,1120999,$1000-$10K
9BmR1cBTUEG3bPyQvhWuZQGoEaoMcKSrWUEH26NYDqoP,9538.065422107984,1121000,$1000-$10K
BEttg9aqTfQJP49h7NdM97cKU72H54frRPgU8wNb7Lb2,9538.053433641035,1121001,$1000-$10K
52duAvPiwFXJgY39NpPC9EZ43xHoN4sgGt37cwtgxpaX,9538.046597083347,1121002,$1000-$10K
CRPSZbyEsDGSBiyShjpBBmh9UMF4nNoZBX7dbmC9JsDN,9538.03773969252,1121003,$1000-$10K
DpVtq7Ay1UooEqpdbx7MbadtZ3k1e5M7h2Zh5CDRvUgW,9538.035238681081,1121004,$1000-$10K
BcCPf9sxHW2uV3YJwb9Ei1KAuZ34pvY89MK3iWp7Fusc,9538.002399655388,1121005,$1000-$10K
H1g5ajxNELFoUoVPG4oozxpR27tp6wyK3kk9WeKvsRPS,9537.99606419243,1121006,$1000-$10K
AEQR1LfCoeWKMkeeziN2oDjPzyLdxdgNrtPWthT1DJWC,9537.995024702022,1121007,$1000-$10K
5X8d3ioJfuX5EqwXYbfvmEo5abp9n1yGodhfJW2mjQbK,9537.984429799137,1121008,$1000-$10K
Ah4yz5zoYNi6SsgwrZRyEzYWwmKoztBaM32HAt9dHmLb,9537.98355331604,1121009,$1000-$10K
55JPTtNxr8X5pRAft83gFTyrbJWxNfdEEoUuroQd4dQZ,9537.972487017187,1121010,$1000-$10K
rV94RGkEPm39AN61SF138hiaJy9s2nDqPB5yDYCUnTv,9537.962780288564,1121011,$1000-$10K
HEGfcfbFfB6XADnXMP1SXVKBTmqU7SLN1WGptoBNedaW,9537.949999556,1121012,$1000-$10K
EuYN6SjnzbTZzDiZWUBtewWWwBUPQKtYLxWHWT3rbpbW,9537.933804379456,1121013,$1000-$10K
5mMnUff7oAzWUbZvQVSPFuNsfJ2StaefpffA4z3mVW1B,9537.929336202584,1121014,$1000-$10K
6zzs44dh5JP2sov3YGJk8BN26pECb97AvyRQcDMHaRyp,9537.892444297977,1121015,$1000-$10K
CoJsdKrL6etSpb2Y2jZBv46whfVdxh4MNygiPwTxU9jP,9537.851771190557,1121016,$1000-$10K
F4cXbrrrT7KmTiFFxynpv22vLN8SJ9criYqeFWyosy1j,9537.84246643002,1121017,$1000-$10K
BmLxUe7TLrhwgMks4zv8kU2tqbWw3eriZdHZTZYFXEVD,9537.836694410904,1121018,$1000-$10K
9BM85jZ2PJBW5ovL3id6LwrLJ2QixzQiKkdt8WKpYrzg,9537.83177798921,1121019,$1000-$10K
9CevNV2434gvUhnvaNaB7n1sfMyjiffz5NVijypH3dcR,9537.821014261233,1121020,$1000-$10K
546z3tcLhGDhGVjMvnA3M4ftqe8SF1aebXXHxo8YNM3Y,9537.818895164626,1121021,$1000-$10K
6eo25goS8sxWeJZWAZ3Ja1th8hUVtm49VNE8LgtvUkNT,9537.81743203559,1121022,$1000-$10K
DMrPruzPnkxuc1hnWSWyWd9W2KaQ2jg8nHHKz3mUaY5r,9537.816274678116,1121023,$1000-$10K
2AWoDtDDGpLdnPS4qxLH2sWW9Jzv7xr4zz4HQXXxHZwU,9537.81114675184,1121024,$1000-$10K
88VHH46UKQjbWJM2jcYSgpNM1sJcF5EC3UpTEVEpGNGX,9537.77927843141,1121025,$1000-$10K
Hz291SzLvEuwgqaKHLPS2UFWsAMSxaAjwYC8vMnayLzC,9537.771760773958,1121026,$1000-$10K
FkstnH2FkpWtqrifWYQZMKr7hQtZNv5MZzNwoH32UArw,9537.745934046425,1121027,$1000-$10K
7j19XVp9JQsuwfPSLbfjB21ffyTj4Y4YLhzWnu2iCuaN,9537.738268656814,1121028,$1000-$10K
9MhtT88B2CdLtwSE9F2TypxJGtzW4dRcbSnxPnds5Fn5,9537.69604302505,1121029,$1000-$10K
2mKuC62Ui8J142DLVyNGUyg4TDZKXc8JvX46xyK3BYKC,9537.686089505652,1121030,$1000-$10K
BkRaZSEx6wuShg2QDDoNTUsAQvsppHDkCMwXJWvvu6Af,9537.681398782972,1121031,$1000-$10K
HZkTh5Bhk2KJchGKgL8wqjtUp8zUc5bm8UkQFF8CSMud,9537.68076262171,1121032,$1000-$10K
3xBFdnJ2kvhaKKVd7WA9VoJaacbfkh1yYZQdxo2gv5HH,9537.666576664738,1121033,$1000-$10K
eTth5iFmGPhn23i7LJRruz6V1AVPKdwaNN5T2CWLQ6M,9537.66027110384,1121034,$1000-$10K
CwDrpVpdgEFBe8fgpLXYWk4aCbSYonU2po8McabRpt2N,9537.60842754376,1121035,$1000-$10K
4qJ15n1FfDTsJ8KYRgo8QiKxmDKN2sgWppqTTsFjjaLn,9537.585409333733,1121036,$1000-$10K
51Bvf26aC8cEM14tfDsiEUqgxNDvnaPfEgmzwRxSX8gS,9537.546968440725,1121037,$1000-$10K
FftrLnRiRC6xJuyoBu4gpswcnRqf9RYxUtkDSCQVuPdK,9537.53162706,1121038,$1000-$10K
EQxGzzf976UcsUrYbx6RnvxTbMBj2msDsTvPnVRdUz5a,9537.53100255605,1121039,$1000-$10K
9kgCNJeANTCwyXt79pWCvdoDi8i2JNzermREMLCVRxJT,9537.514034301994,1121040,$1000-$10K
4L7DV8zWRWYxXKWEN267SH1cuvKtA3iHoD9d9AFwtE8g,9537.48847185453,1121041,$1000-$10K
9JCyUjsq4j2GhbnsmXyspfRgnumJepyffYUfxJmWScDq,9537.487475966602,1121042,$1000-$10K
G19CWYNpUX9pNzpbKmfVLfzCAmGUu9BzzYDgHHdusVz3,9537.472532487704,1121043,$1000-$10K
53Mg3UKx6JZgV4LDFUw71wozqo3wrpX7ictppD2x4YSM,9537.450222807556,1121044,$1000-$10K
9M98vUCQGSTSo2EJjPcAUCzKSzVadjeygN95xXSBQLMf,9537.443263184381,1121045,$1000-$10K
EBpKWmx79K84bQbPmPUUESJ3niS99nDU3D3PaQU5yFtP,9537.413856084138,1121046,$1000-$10K
BVhfbc1JCdz67kJrxybSe9t2SqcSbMJqsQKfVakU5XLH,9537.40874871836,1121047,$1000-$10K
4DmxdM1sfzovfPrE9NtDv41m1x4RiSAs6LfWhND6uo9d,9537.380160393792,1121048,$1000-$10K
6PEa5gQTWJPpZqQkz3gWQtzhJqc6Rs14EmE3K1CtSEJ7,9537.338658347677,1121049,$1000-$10K
2wxf4ZjHfaWrqG9temPDnrL5fLnFbRPp1sJq3Dfvegp6,9537.317377644722,1121050,$1000-$10K
6Noe2HdJRotUMjQoUGziyUWnLmz5QnQToQBViEpLf2nG,9537.302455936151,1121051,$1000-$10K
5SgMbAHfxTNYydkDYkQocWsAfhdSsPtXBE9UyyUsXSri,9537.295395105173,1121052,$1000-$10K
BqnffFMpebzCuACvKJhCRx5uTVXRb8NLgRcG88SWTYr9,9537.29518261781,1121053,$1000-$10K
8tRbLtZgYNwuMaS1eKz9xBwveEeLo1W2Rrw38R7ubas1,9537.27781183547,1121054,$1000-$10K
HUQn5GFcddmzQFuyQmiZj3iZvSKnVGV5nnxDrzmw2m6a,9537.271378996906,1121055,$1000-$10K
6uMWsqS18nimjVuoJU2YX4DdLQ96XNDGbZBiMACDX9fE,9537.26826128425,1121056,$1000-$10K
BEpMp2WD58D8Yzo4n28WDySKBGQVBnbgsKyu5iGmnYVg,9537.220682970827,1121057,$1000-$10K
4gpygp2KoTWbDBPqqYz8qyFAX8XrEVAtq5vCKtKdENG7,9537.21434810974,1121058,$1000-$10K
ECbzHztX1b6d9GuFwmN7C5fxWh64HKt5fLnm6uY5FRqs,9537.194543577698,1121059,$1000-$10K
4SrYRR85wBt1sN8sY26Wne3xoMYefrf8F21PLnorx78C,9537.173562489657,1121060,$1000-$10K
EVmQS1i7QFu8enVzTebJ4dRop7XdQatAZFXeUvE2n8y2,9537.167321023155,1121061,$1000-$10K
DEmpHmXpm7aiRySjCcLNHKJMLgWb7W5NUGZD6fUUmVaq,9537.167012078387,1121062,$1000-$10K
534qYxXHuDyrKk8FTBi15HQiYyA98FKrDtkTdvKcMESv,9537.14897559739,1121063,$1000-$10K
6X4hdVXBEK8r6BZT9rNrZxch8RnFw7cCDAErHFhVrqBp,9537.14028054644,1121064,$1000-$10K
GCN65PakqWUSosyoYh8nT2X2fUJFqgiT8YoicLSxSQ9a,9537.130885328757,1121065,$1000-$10K
5gF9WQ1oviGkkup22d4fXnxGKEnYDusbLJLRKN2z5D9X,9537.119293397953,1121066,$1000-$10K
Eb7MWFzoSra3fBqxRCFWS6Dr8FaqdsU5jPyzT2egAFRf,9537.078250267245,1121067,$1000-$10K
CHdEwEjoL4UVBsUxTRaYQozefpYGXLLiA38rFPVe9qbz,9537.072539527382,1121068,$1000-$10K
CM66TAaans9odyCj8dQ3reP8XNB7tngpjTweMHQEcPwA,9537.060084853849,1121069,$1000-$10K
2UZsD4uoTxfwftisWs4udLQcZ7ENjZDFLhj2HMYqSD6C,9537.04452652497,1121070,$1000-$10K
97DfMow1CJnif1qCiZFYdtRndP1Hxr14aTTn2G7zYYB,9537.029132620557,1121071,$1000-$10K
6K1VWiokhvXHbGYgVHicCyqfVbE85gTSpk1sxk5Etpik,9536.998494382458,1121072,$1000-$10K
56ukSZUPwX3Grk4Kv9YBj1z5Z8QYTL2nkok5NwLX5mzd,9536.979841930175,1121073,$1000-$10K
CkxLFsP2h5dKpJYhn53v6nrfoUnsjUnQzzWGwBEy2mxu,9536.941914361661,1121074,$1000-$10K
D9qgnLosm8Yyrwo5wdGZNWWZZu9iNmEhwhKcine7eYS1,9536.922736905311,1121075,$1000-$10K
146ptTtU796jyvE4RPQ6PQpyKTynL52o5Y2Bef3ZaE2p,9536.904578652742,1121076,$1000-$10K
9FtSLCiB2dtPGY926yuy5WMvE8B17yUrQ8xUWjw7mDBd,9536.893482444644,1121077,$1000-$10K
FmaMkhtnGfwK132gXZ3gPUiDFLm8UTxbmmg4fqQvLGiD,9536.841741685228,1121078,$1000-$10K
H86uLwJYjo9TPPWxrKtD5WeVTKHs85H43w231H5RdGyJ,9536.817535584227,1121079,$1000-$10K
FKbQkU2JS9TwuWEUTvuwEwgB7PvXog3DwBy8PJdWvWd2,9536.80856125656,1121080,$1000-$10K
BFYg57FVsXh86EwexMTifBzuRqn2nALNswaacQLCNGMR,9536.803571079074,1121081,$1000-$10K
E22CjcHpwzPWbFUTUq3GwKGoqbMMAL9BvD6JQc6cZXnn,9536.791859625555,1121082,$1000-$10K
6iJWmcCuwMC5LonUzTH3k6ojtjA9Pb1gATmbpSLLryLH,9536.784204438738,1121083,$1000-$10K
5DrBkMLBbhKNuY2FsmF3LiQqTSZNTmxEYJ37GsXjjcGp,9536.749230979205,1121084,$1000-$10K
Djr3mYWtRQRbf5nVPCvBLk9Hgnxi8qE2YZ8D9XWsJRdB,9536.74504093186,1121085,$1000-$10K
C7MqrXVtkhNAHu2jqzHiQqTsjtzDjLnF7M4d38QZ34MX,9536.726215647415,1121086,$1000-$10K
Gsk8X53hsD14jfsbqkAPDtKU3AcwmaHXUbnLWE5c5enF,9536.691258746352,1121087,$1000-$10K
6k1KPVEvyY1idKm4iZpvNj6SvMN1LYKv5NKZiZp5oHQZ,9536.678751125111,1121088,$1000-$10K
J7hX4aAVtmcvNNYantZ5XeovQihAKuZPvEPwsD4FWmwC,9536.673581210058,1121089,$1000-$10K
32TDNsiUFdjgww49Qs8rCL2EAV2bjE6iowkmNkHBA7Mi,9536.663701430542,1121090,$1000-$10K
HT3o69CCHNCkz88hdmepbFuxD8o7qFEMMz9CgCAfC6U8,9536.65624887508,1121091,$1000-$10K
2he6o99X4cfZ1WgRJFUxWQPX6kL39BsSCHAkje711tjJ,9536.575590369184,1121092,$1000-$10K
FZ4Ko8WpkcrdA932LXdfbus31FajSozYUT4bo2kCgUZo,9536.57251740244,1121093,$1000-$10K
DSuvEY5ZDSA6UKfFp99U8W3BztjWQj6vQ7PLab2f47qk,9536.563334331528,1121094,$1000-$10K
Aay9UR4vRYnwE3FMCp9zwfaxkQy2ZxsbuApgqFob6rTm,9536.53855641113,1121095,$1000-$10K
7gMkSRtavQ3y6tEQ8i3rtJ1dqdeFea2e5YRgAevrgYoL,9536.50141492687,1121096,$1000-$10K
Gf7pcL6c5HUDCeu5XHQc7MZBvjyTNdHVF1Xrm1t58sy,9536.500155205933,1121097,$1000-$10K
F7winA25X15p7CZiXg4ynpKxZ3LQZZcVx1rLfKdFtXkE,9536.4955739229,1121098,$1000-$10K
qJXgUnC2ae7QLenrtfHUVjqWnQBmEsuo7Qnr7fJ1eq7,9536.487145085259,1121099,$1000-$10K
AWKCcVJCaojpzYLUSBWWaxFsUccqv56SxRFtD8rKwgir,9536.458889123092,1121100,$1000-$10K
BAaYszvqwkEbpERxoubcF4m2d7QJ4npRCsuAXQV95FJ4,9536.450604881751,1121101,$1000-$10K
FMjQzNT3tSrsy1czV5PGxfNYCn5iyDt1JDCezxeNkieW,9536.433741178149,1121102,$1000-$10K
EcknLVDLdor9xcpq4ym2vPCrjY4wLUTLyjtRStCivXpM,9536.406802970032,1121103,$1000-$10K
FfoUWP8q1QifmUYmximcnH2Sdx2EK2krWHnaGLRwDh4v,9536.368732068733,1121104,$1000-$10K
AZY8ywedYN7CcCxzc5ifsxbQQ9Nez44MZDJhQt562JPW,9536.359494562548,1121105,$1000-$10K
HL64EyjZCaTkhxm18d69eMwHDC4w9qj7KJFpCg2ACrkF,9536.324365617358,1121106,$1000-$10K
HRSydS7bFGAZsSHycWGKEbsiHtEDKC7RsrnWWRySkZyJ,9536.279793789421,1121107,$1000-$10K
96szmcxS7XBDJGbCjtX8KXgG1GmT5dT1M7Bu8aCF5g2n,9536.263698955441,1121108,$1000-$10K
FbwKeTx4NsLyN4MkP2cTzoMaiBPwFuzvwEEq5TzGpC5U,9536.238053951934,1121109,$1000-$10K
CJd4YJbfDbuemo8q4b4PMEkywLkHQTM2X2BQPzF4jj9d,9536.223046908284,1121110,$1000-$10K
ALXMV3ZqTeZXVMeqCiHDN1geVSpJA8zRzE6TLQmc3V6K,9536.20390426729,1121111,$1000-$10K
5DS6GQpXRPD85dki3nzvoBYTkejjv6DKdFxPKr3miR7X,9536.193519650145,1121112,$1000-$10K
9G2KZCKnDzMh1iRbWP2H1Dgz5GUgWqbWwvRu2djXcjQa,9536.181141676716,1121113,$1000-$10K
E5yUwRiBWq6ZN2ipYQYr8Yn2DDmqkK2GcHPnE7Bok2VS,9536.1767213556,1121114,$1000-$10K
5VeeRJhSobmAcSW4KNaKjiJ4Z8YjAmVPSJ1LxQxtTtkq,9536.16746507639,1121115,$1000-$10K
GcH8oTkmAfrquN1WW9vtWLU4MtqUZwrWsw14EtCjAHM3,9536.161767254103,1121116,$1000-$10K
5916TZPL7dEgG2KQmSstpn7RBQPhYpwkckDmtvkSft6Y,9536.151481573817,1121117,$1000-$10K
GNBbznNum6ahfpPquE6ASsgNU5t7sw645qiX8Gjfa7T1,9536.147260871598,1121118,$1000-$10K
BwaQ4EFNXM8dqouTeJ9ThJLbbYQ85dTB57j3e4EuuZqB,9536.14520329211,1121119,$1000-$10K
8YtXXGqDEpBTpBuM91ipSjKNRJuD4Td5T6vXMEdrz9fj,9536.128654190046,1121120,$1000-$10K
5PA91y7ne3g5ka5xFVZSe2BJpHDBJUhpzhpLCwLLWe99,9536.12727420651,1121121,$1000-$10K
7hzRetgutGzCxYFbEjHJ3wo1tXg4ww1U8dC7uUPTdQEu,9536.110013510402,1121122,$1000-$10K
3Az4m2SgokTsAkyCS2YJTf9RQfmnvvp9CdG2BuAxSBQH,9536.100752892453,1121123,$1000-$10K
9o2hcagVfoGCuzdgSdaGknfK4xMKNUdME2vwSLMcNKJU,9536.098918003372,1121124,$1000-$10K
ABCbHiEnf2WFVE921ZCyGcFhUiADMSNiE25cwiGEvzV9,9536.08832793904,1121125,$1000-$10K
J3ZZBE27wxAhcYSWAKVauUjXKWTiBBLe3eDabhk6JQW7,9536.060616641855,1121126,$1000-$10K
XzhKF4togVLNBfu7hJnCRcbuKeuXwCDQ6fcNpE3rcws,9536.05531316727,1121127,$1000-$10K
A2HYHkPC9vP9pAzwiaHVTE8ZiQpsQ6my2YMi79uroPfZ,9536.051434550192,1121128,$1000-$10K
ADyU1g35RUqAEdDxK38ujTv1d3mEHTRDafdgwjt61xGm,9536.04770374844,1121129,$1000-$10K
Dng13yy7STh6yFfBCUAjXgCbnesphwNAWXB8DipcNJJt,9536.03375804565,1121130,$1000-$10K
ATpDfrWe1Trh1Bfbgue12wcZmB8r1qWsSkPyXgbesCzY,9536.032349457919,1121131,$1000-$10K
CrJQsvHPqK2boEtcayTMWyry3o81nJj59hWr9VDSckPp,9536.019426486924,1121132,$1000-$10K
31NWevXbdWsKNenk7NdoFWrzZG8gGsMySF2i61gphQSy,9536.001444502439,1121133,$1000-$10K
DUpVvueJF2QggKhDaZhkEp25GjZss1QVpJSVg4FBu3c4,9535.992252196213,1121134,$1000-$10K
jeuzUGtqsF4oLNnQSTFEkacvjfp4iSyGrrVw8KcvJbq,9535.975968652812,1121135,$1000-$10K
27z3r8Q5EJhNC4oATdg2xdzH9f8PFwreSBTVPj2FB18w,9535.967689589399,1121136,$1000-$10K
7GyMbz9vVqJjpt9maBAQGbu7a4QmQ83RCVpTrRjwefRo,9535.96577133664,1121137,$1000-$10K
3sYHChnxF36zWARDZdCRLrVpEdDNrixsYYt1VwUeZzLr,9535.948633480828,1121138,$1000-$10K
3dora8BLUpvDGD9PC15YEjexmQdzfU5XU1jpNzWQz9hd,9535.931859000477,1121139,$1000-$10K
GJc1EguQGVcofwzU6gsuaXwyeb7HNVf6eiahSjkeXbuX,9535.928447972745,1121140,$1000-$10K
5dAeRA9jkEqq6czy5RdhGBtDAwxquSymnPbqRPtZ3fub,9535.922880877371,1121141,$1000-$10K
DfnGyxZWF9nZFH2a81D2rE8E2m44ovrX5Z7v2bGfGT6n,9535.917777338609,1121142,$1000-$10K
BDpxAmgN33ArWYp8KEnSbjC7WjqJH3cqdRiKvT996RJb,9535.900744611483,1121143,$1000-$10K
FXqh3SBkWeBWbwHmujrexEQ9MBwGYNg3adwpuSDzYd1c,9535.881864305335,1121144,$1000-$10K
CH69BTBXK6L86rBGsGvYrJ8PFxn2gVXCP1fbC1gGB4hF,9535.870007312767,1121145,$1000-$10K
FF89e5phqYR47uFsJUNo73wZ3t8XCdedVwC3DnNoSYtc,9535.852969521857,1121146,$1000-$10K
EpRrUutqsjkHvmEtmnh1gp5tJRhH5zLeyVnopAKCsT2N,9535.844456198844,1121147,$1000-$10K
FUeFgngFYtXT9T9wVBt5c3usrYXQbVdog5RWBfwwpFXr,9535.83973124438,1121148,$1000-$10K
83t16PCNmd47maijDaoPEw1QYKGFiQawKQBnnuxMBkV,9535.83931722029,1121149,$1000-$10K
JAcjq6rQKhqFeKgLtaDSHoTdcR1mxcW2v4vmHfR4dtGn,9535.823106533662,1121150,$1000-$10K
1vfBU8p728DCCiczq3uYpnAYx1NDvaXuAhk1vy2Qkvf,9535.800120749187,1121151,$1000-$10K
93PJjxk8jSX9hbsvbW1DEVAwsWbccAbko9kRVmzJSfye,9535.77727533338,1121152,$1000-$10K
AgUHr25WLsJXeUa6DNnEAz5E7HdKQow8H4EXcp4he3ZU,9535.76472204477,1121153,$1000-$10K
9yqtxQgGPhSHXuEYuPeMCLXYtvUt2pCVYS46R31a5pVi,9535.752531644433,1121154,$1000-$10K
FFE4EcQLstci88oVQrahEcwG73Rxt686zrYJt3DAjaMz,9535.746857381171,1121155,$1000-$10K
C9gvohjEjiJy4vqgg1vVCfSKddDaXWFyZNdpYMU6DNYi,9535.669811186614,1121156,$1000-$10K
4XPdZz5xbskNQmdgHacq3FyWD4atjBu3FBCfNrHveFxD,9535.667799083216,1121157,$1000-$10K
44NW5YGRwYMuGmZEE5yBpVD6Jq5aeE7V25nU3dKVNtGC,9535.634558531663,1121158,$1000-$10K
E44tz6KUPfBMxjNiBn8Qfc2xWkPweZL9Qmj9Lug6QvcS,9535.63274120391,1121159,$1000-$10K
GhNw8zjCtXkp1KppXgcXCJ6VfwyQ5EDA5s2K9JpBLeHo,9535.624495752476,1121160,$1000-$10K
57VSkKVFEAYWnGRGRDx9gjEcyApEgomHoU39Yr1ch4G4,9535.584361094812,1121161,$1000-$10K
Dpi3pBPdq3AVCed7ogXyj1eAmdcyqqcQF4AvhdVCfD3k,9535.57129978272,1121162,$1000-$10K
2WppWxeyXyRSLYSGCMBrbnqbR3hWJw6jTnibkg2kYL6x,9535.567198195313,1121163,$1000-$10K
HtMX7iHhG7zUuPu8ScCUCt7dKszmFws5NHVuG9dkE4j1,9535.561257609388,1121164,$1000-$10K
3yw1CuxnfzgjDPM7jp5YP8Rwis3Aix5EoXet9Ej4Hzba,9535.544571020284,1121165,$1000-$10K
66y9VfYwsgfKZTUqCMYh3F7sNoHDD5Gm5UGxSXs1JoKV,9535.523052480188,1121166,$1000-$10K
9EMGa2epwMUUpf9kFe1ocSi36DepBmNqpHZC6QVctk8A,9535.518563538177,1121167,$1000-$10K
J7wHBZJto3vuB8aojwuBDQgtej7fSMzBtrfonxc1HJCW,9535.460686359169,1121168,$1000-$10K
DJHgCtLHSn4ZMUw5ZBfUJtNPZsTbGfxiQPUy22sipr8K,9535.454651813212,1121169,$1000-$10K
4HVoAoHKapNG324nudTSpgR7RXKtEL4gczyDcsFcqnJH,9535.44706844535,1121170,$1000-$10K
H9Xzynqe9VTkf4WiYb4uc9NzL27zrJPHqmecqBggu9cz,9535.446140084594,1121171,$1000-$10K
6dT9C1PDVJvKtPsqk2TPjzZkCoPb18Vw2D8TtVv2a7bZ,9535.408891021569,1121172,$1000-$10K
E3N9QnRWCY9mMwFW3skbirdMezcmXib4e3dtoUqqjKcu,9535.38183532742,1121173,$1000-$10K
GKf4TpKdfzFbMB48SHx3CQHG5dHcHjU5DQRHYEkEAWA3,9535.364710142088,1121174,$1000-$10K
5Kfridq1fNLQKA4PvEWutM8rkPJcEq3AzTbYn75oUUa5,9535.358824686322,1121175,$1000-$10K
EhesPeRgLRXc9cEfMjuo6e9KqCA85TudTt8uj54CfGpn,9535.34037486191,1121176,$1000-$10K
2mb2wU6djUFtdDs7LMH9MZpAfzE7Z8aJCxJ6mdKh3pbS,9535.340223303148,1121177,$1000-$10K
DuUr4EruRBR7wMLPMAFmoMPKWMHTVv1vo9sY5YDvfike,9535.328188774283,1121178,$1000-$10K
4vkhB5NaszwB2Vkh2kEot1eXq9qXk4UKoq5TDUcCohWB,9535.29978413584,1121179,$1000-$10K
fo3VeesRvFPmm2U7PJWPRx5NbRFW9iYi6eHmd8E4ojz,9535.28112520313,1121180,$1000-$10K
GuqYxt3goR92xAwUVCSYQ7ctMSgjcW9YNSCYwQ8UgMUm,9535.276891132371,1121181,$1000-$10K
DZc2B9RdfDM51xZpeHiiRFF9wkmxn3zH9YAmsonQZUot,9535.26356810586,1121182,$1000-$10K
HqjRq8KcibxW1US1yYwiAWcy9LiKCUEokSUfqcu6RoXN,9535.250707740839,1121183,$1000-$10K
7EgHWpSBFKumqxvzjtTBoDfkx6pYubiZr2H4Zx4hYBn8,9535.244890939939,1121184,$1000-$10K
GmXcvtosSFY5itWCafbQJmSqXvPsZi4pSiUzW1Jiqp95,9535.226195596479,1121185,$1000-$10K
Ay4ietcezuG5uhNguugdhCmTfY2ZThMtGRuh47EQQGmf,9535.211199786923,1121186,$1000-$10K
HyZnTx2Wqtkz3aRZkizud3AAkNRarQhrE9uVbZ5MRPyv,9535.199169868385,1121187,$1000-$10K
12FaUgM5pDRYMVabaVULqtLpmTdmwGw8RHfG94Kvbwu3,9535.197432535278,1121188,$1000-$10K
9HrtmPRkuL2RzMhQtFiDdDmWWa9QZi79PphXbvYHxh4f,9535.191196724843,1121189,$1000-$10K
8GBCfjMmmdCQjmGdVjZHXpeHbKcebX7By635rVwBQeAG,9535.13706240066,1121190,$1000-$10K
4vv8mDLCNrd715o9WAi8K9TWaHGsTp2NNTyoD7LCyJmo,9535.09475968028,1121191,$1000-$10K
HAFnqZVdFknNAJn8dwQN4DzPtR3dyXMZDCNgq4zNQyRD,9535.09146379423,1121192,$1000-$10K
De4ChPz5aCjDCA2kX6Curs9umCRdFcAzVETtT28dBXYG,9535.002361783409,1121193,$1000-$10K
DqtrSQKPMH1fhTBJ8XyYTMxiMjjfwpXsNHtdcW88G66F,9535.001920747662,1121194,$1000-$10K
FdCCxR99bJJagh171aJHMQkvbVpQ24swFrcUYp2LYuQu,9534.992082335586,1121195,$1000-$10K
3essNeVGUy2BNQtaj1MzDfCoYmpKtv7ok1aeJwWsasdG,9534.98469543022,1121196,$1000-$10K
6anbZq8ADtz1v6jg2ivUPQBNHj5bK1XW73eq83RcyQAz,9534.9783279933,1121197,$1000-$10K
AzLeY3WaZboT1TDvD2FGBoqrijBVDNHMwQQ4aRAn2bCH,9534.97139573533,1121198,$1000-$10K
BXe61RWfAAEZMUMAqLfqwVFa2BP2KmE9QyFuvc2DEqTP,9534.968707858055,1121199,$1000-$10K
LyWbG9htGbmykKDZsWtgGABdoKtsLi5eFJHweqGbjqY,9534.925380198927,1121200,$1000-$10K
FN6eNygT3CtawpSc57dBJpXsCJJN14RwVQreTHDP4dQi,9534.900363224939,1121201,$1000-$10K
GyzHDk5uSyRb2Qqjh5zdapva1e1MTwjDBSBHveFknJJd,9534.899705011185,1121202,$1000-$10K
HAX8Lrh1MiRpsSMcytbGoKS63WLD9dLtbjQQyw4FSDAt,9534.895470256155,1121203,$1000-$10K
HWPaP75DKpUL3tTEtjPk1dYnNu8x5BtvWdf6jkkC28Yk,9534.894285947572,1121204,$1000-$10K
BvrHGUfWqLyni5cpir315P7UGs8uFQTRP3GUDdSxkuHc,9534.884976152409,1121205,$1000-$10K
9pXURNFi3YUG7RgJGuVKvroosAWcXP4UDCUwhA8W4wb8,9534.884773421907,1121206,$1000-$10K
844o9vusyuPEcW9Stj8aVMhCa6C8ArLFhxRC6HfowYaV,9534.883989420847,1121207,$1000-$10K
5ZUw6L6UYhtBSunYCZF93D1xnrwy6L5ZjwSZuRpq6Qge,9534.839110604584,1121208,$1000-$10K
2GQyCL1bxL4ycyQygcJVghmgLq895zbAaUekXgkuB15C,9534.810961966796,1121209,$1000-$10K
5x3g1DvvsKzj1QtMuDHXoXWRcNtTrYjLa4AVcxTJhKcP,9534.793648279352,1121210,$1000-$10K
84TV6S1kt75FJ9ZwDX1WKVXnU4iVE4UMTtybigxxbfbu,9534.787343939752,1121211,$1000-$10K
6ZdtH4gqADBbuxJpeJR28dCMQQkSJChWEh2pRqBUPG68,9534.734284734639,1121212,$1000-$10K
EaCzB1RW5fiB5tft8M1WzmQ4hbZWmZ7yWg61HxGnpZAD,9534.720263589243,1121213,$1000-$10K
Hyc5Q5vjWxNqEFAMczZwzP3Lr4VgDbDtwttmPstGaxg5,9534.677118755806,1121214,$1000-$10K
Hn8sshYvPghYKnVMGQvJHxhR6ZPTc35oZj3V1QySUzny,9534.648684945854,1121215,$1000-$10K
B1gWpoAujCnrKnskK6cFHdLVbqsbvVKzutGGkNnqcHyY,9534.634852503963,1121216,$1000-$10K
HwY5bog3wbokR8W9PHa7zQiC5XsRixHMySE9gUTwtmFC,9534.615370696625,1121217,$1000-$10K
3fkwU1njQpmvv3ZJ54dseydrdfdR8zbiPoHjvR9UD5nS,9534.604698625162,1121218,$1000-$10K
4yu74ZVMQGrNiWSE2S81rwrcw4r8kt93d2W48TtF3fRp,9534.533099264834,1121219,$1000-$10K
7S8hizttjUSe5ykBrGL5N5sHVRm7tQtCE4jeRbLyaCtu,9534.528344751143,1121220,$1000-$10K
9WzocYWYwKoe55VVc4m4d77bUbZBKr45hmJvbcmbdZsT,9534.47271399061,1121221,$1000-$10K
9UKuw8bt7cRcYwEyxCCuhbx2QnjkYLsMzb2JyaQEQKzC,9534.470809804085,1121222,$1000-$10K
BNEPj1EN6cwJA5hRbF7nkA4K4E21jjXHgPSRqNjVqenj,9534.464369142332,1121223,$1000-$10K
5PrkVwG9oFVfxE6CLs6ETVnDJGfhEb1jmM2PSwc3G9kd,9534.446024803778,1121224,$1000-$10K
2dKkRHdwq31uGVj3hCMxocWHzFa88QA1n1o9JfuzsZHz,9534.438010068843,1121225,$1000-$10K
CGw1zb2KuNajaZhiPPbk1M1BtWCjWhgf53BouNmGSgaq,9534.42682944183,1121226,$1000-$10K
28qDEAu4uUYT4E9E37aJfgH29hJqPULCifp4vL3Cu2u4,9534.423831816885,1121227,$1000-$10K
9ykFnNjhLSdDJkbycrwuFmPge817PqRZF2ie57eRrscr,9534.415378675862,1121228,$1000-$10K
HmxEz9P84uVXeMefJ5Yz34EXY94n9RfLD7uFdb7qDxth,9534.389645714866,1121229,$1000-$10K
DkKbnNHxP9BQgH9LKePeaU35Jh5Euj9nrt43wu2dQoLr,9534.374882343627,1121230,$1000-$10K
J4ToczycwpY5miXurQfbhqd7wzuwTRXbzgxrj7c3NtHX,9534.363130158865,1121231,$1000-$10K
FxArwmMmYhQyRQb6vaQa1Ekcg4jeu5mPZSebJBSS6hWF,9534.324665419334,1121232,$1000-$10K
3GrbKkHwmbNPSX2ivm2wy5nerXgmEaGa5PcWxynUogJr,9534.223721465298,1121233,$1000-$10K
3iNejTfDaVKU3GtwZbWmYGiC9PYCgnJzhz9KbCsodsqZ,9534.21440154577,1121234,$1000-$10K
AJ4K9h1zJZ6nSMcpCACHaT1tZHcHm6MAfVwifmAGc53d,9534.206705858622,1121235,$1000-$10K
GATotJDT26FDosZJUnHEVDYS7pdPYrpnAhiWm82iJNMp,9534.166912736258,1121236,$1000-$10K
4mYyZ7Ww8LhTNxMqU5PtHXBZ3HKLXgN6LJuWPdn1ALeJ,9534.14380747913,1121237,$1000-$10K
J59KG25sTr6viYfcwSZNNJcESnH1XFQYDjuUMqM68h3C,9534.1430429643,1121238,$1000-$10K
FAntVwxjFg4WiShbHZwqLTBNF5YaxW8bEjVfZrLMBDUv,9534.142916537547,1121239,$1000-$10K
FbJPXMrD3wwUDCv31dqjffyYCjHwg5XyBN7CjmcqsQh2,9534.134918563956,1121240,$1000-$10K
8cDcCpPjbf3AsEwRDHF9imtc719cs1XT2yrwX1AeqbH4,9534.12628880448,1121241,$1000-$10K
AY4ny8d7nYGHbbnBdkPn1CxvsGNyTnngDR4y3Mq8pF2y,9534.082048334243,1121242,$1000-$10K
2cJ4ZtdYz6ods479Tx1Q8Z3s13E28AQrzgq8aM6aNfB4,9534.065267522887,1121243,$1000-$10K
7hZ88wbtropvyHx3ABWNvvmjhT8xF4ejHFD3ZP15WsQq,9534.061883973693,1121244,$1000-$10K
BPt45Mho4t967iNsQXUXFYsK1WRc2o7u1dkEFHpUB7R7,9534.060165369172,1121245,$1000-$10K
sVEPrywVAqx4QZmgmsogReQrUSUPuGBiSipkbBWCMca,9534.038331029282,1121246,$1000-$10K
CAPrFcvnC8Tz93hT3BQ67Le5cPfVk9DFmzZj6uzvLNDw,9534.028117704529,1121247,$1000-$10K
HnkbeFv6UXiRuzH8YqPTho1Jfz2pB6smLVfsNazyTYLH,9534.011987455926,1121248,$1000-$10K
89Sjwz9m5VVhCuAVQ58KQDUTtd1nY4FXvvJjNz6kw4EB,9533.989617034435,1121249,$1000-$10K
FMyb2oqUcG99FCDBtEDKyAiZqSUwDzKFLBdjucvgxVrm,9533.978910918626,1121250,$1000-$10K
6Q2pckN8HPegpkCgYZNaAmHQPEjRf4fL7YSA12Xc4zJ,9533.974680331423,1121251,$1000-$10K
8vPbaVTp2uVFaLiPUXfznpkze7ATaHFYt54yWQWYh6ot,9533.96142802232,1121252,$1000-$10K
DaAuHr9wrfhfm7PrZgHHkpYQd11vxQj9eZD2vZVW4dGL,9533.960627741148,1121253,$1000-$10K
6FRN62pdfF4K7bN3h3jEaeJrYjfuBpNVdHhc8cYP2rkK,9533.95360826508,1121254,$1000-$10K
ALVBHSdkqYtEY63814yYQ2g8dZyjQhaUmhfK4HEpQz22,9533.913878035512,1121255,$1000-$10K
8Sa2gwfzbPJ2gTkeYyTaq7fy8ZyRUaLdLDwnXWgsyRBF,9533.90812275667,1121256,$1000-$10K
D2PvjobBL6T9d8kfAzZJ9ofBsfrA8UPfreuJ5N11dQZx,9533.873426243996,1121257,$1000-$10K
7Qhdw6RFhjsVe1wVXxwWQP9QZA5N74PDXxYemLf3GGA1,9533.866363401377,1121258,$1000-$10K
DAT8Bz2pbiqMMTfN5ymVcM3LrCmNKieg2YpbrsfqFTe8,9533.844629722373,1121259,$1000-$10K
A2ipVz5XcJ1zpAyxH2ESFpzEW9QuYFjhFt7uXHsXqLgr,9533.837949056635,1121260,$1000-$10K
BxE7k6hxkYYbmVYZxhYnRSTJ8E3rTxoN9bUYZyNNFujx,9533.77565869095,1121261,$1000-$10K
7rDyYUnMP9y2TD3fXBxwSVjKGhYMgX829brMGNTtvhgS,9533.754457757597,1121262,$1000-$10K
91SHoR2CZBrAww2M8djJzpsDL1vLDdEsvxbKSg3HWv2r,9533.754388195259,1121263,$1000-$10K
3BGhsvPXZsKpJwRqQFoGHkUJf2SvzeZKdoyqSKD2iJVo,9533.744318205661,1121264,$1000-$10K
6LVLnY9sQmFXYjjDZnyEq9Cks6XkUKRjvTtU77nj164g,9533.709056148582,1121265,$1000-$10K
DGXKj16qJCAv9N248epdwyKaJZ2uDQTBs7X6DupZEgwF,9533.678381803953,1121266,$1000-$10K
DP2kSq468MH9ZN5nBqGtnJENWXVJFB3eJXwCzCdEVVKm,9533.661644496318,1121267,$1000-$10K
Dq7wypbedtaqQK9QqEFvfrxc4ppfRGXCeTVd7ee7n2jw,9533.606919474232,1121268,$1000-$10K
3ZpSgmQkKKk86gL2QS3L7NPsbSXmf1zjXNuV1VA3ddKr,9533.600450978034,1121269,$1000-$10K
Cx84bXWrJrQHmXueKME59uQRVBmYdDLemmFazav9KMpj,9533.58458309076,1121270,$1000-$10K
9SH9zx6YFCoHgmF9No89PmYx93W3CcbHzr9zKpM5Wufu,9533.55961830376,1121271,$1000-$10K
CufzEXTzxQvGgvcfzpdJ8j4QZYbiHqQCbVnXyjLmh4o4,9533.5120271971,1121272,$1000-$10K
DuySL1REJRkzTWZ9RyYCago4eKnpSs6ForhsLgjLq7b,9533.506873944689,1121273,$1000-$10K
BkQ59yRyX1mKAxtFUAzofqu857c94D8NtzB3ksPVEqpm,9533.495415577592,1121274,$1000-$10K
EFLX5cJ9k58TvQNpPichsnN2tckiWn2MBcgTPUszZbmN,9533.454831374906,1121275,$1000-$10K
g4CgEYBrkVnCj4pBMJvTsjEYUYYJE8fkRVesDPoSKvb,9533.44906016264,1121276,$1000-$10K
AH3h9P8wuaSNjXhQAVvTBmxpCgsgg9vK8mir2vyT5FxF,9533.435859673613,1121277,$1000-$10K
GJak7UcEK7BTpVsMv8Qwyj2pBVzX9wpyCmcJ36dvUBAt,9533.434362377535,1121278,$1000-$10K
DMcg81QPtKs5wnezvXpuztkVXZk49XJwMX4bw3Ds6Cic,9533.411454263864,1121279,$1000-$10K
5g25952Zg8kQPXGWBJMot5BpXf5hTgUsEYfYDBB9gie5,9533.411209836673,1121280,$1000-$10K
21aiNSgKVZ9p5zHiaXaVksLDPhWaFigMwYQBHzWm2AeP,9533.398258186395,1121281,$1000-$10K
BZdh1NnChnzBMRmdwWb27NwVx5TE3vzqYs5SsKtVAtyR,9533.384204651229,1121282,$1000-$10K
5puMqHN8cLUp9h4C6zrxWgj7Kxxq1QHHJrNFkbzQh5te,9533.368785322558,1121283,$1000-$10K
HYo42PBKqGcVXbwHPDv3QYfApVbNfJq1frk9NGtwHAT4,9533.364064782792,1121284,$1000-$10K
9YZeUtL4QAtEjgT2WSVdHgrUKkuAiUs7Dzg8pVquuuvf,9533.350861603343,1121285,$1000-$10K
7oj895WjTKPxns57KkjwFcB8DGN2PBZivfAvS8wJCEwx,9533.342149642756,1121286,$1000-$10K
38ruF5QU8FE2fJw8yrBXU4sLVhAUeVn8nxdeovtDHz7Z,9533.30005759981,1121287,$1000-$10K
CwDiz5sy5ZA6riXotWNk1NmAyEZBeVXHDCn77jfuUpQo,9533.282603273103,1121288,$1000-$10K
5G6nexPUAf4aYNwzrAWezjnLhvxqDXggd65wG92JiHog,9533.276536330868,1121289,$1000-$10K
DiQWKgUg9Vpm2dvidao7fozeZ7AkK9jbri4weEiU78fL,9533.275122673986,1121290,$1000-$10K
EguJyGwKDNtPw4jMj7y5JBjnxy3oEiv8ojqq2NvJ8eAr,9533.24443595062,1121291,$1000-$10K
8LC5k722pxEr8oe6FM8KZcjwB2CXvw69QMWsZe7ajhBL,9533.218807234976,1121292,$1000-$10K
ETWcf8AQ6ubAzTUZBtRZZkzkguiDfsqxbfiwPi4eg183,9533.21379313894,1121293,$1000-$10K
8xSYdcGgFh84cjepq8zf73UaEnqnU6T5rhZ43uW5AdKc,9533.197252234919,1121294,$1000-$10K
DA5d9qj4NpqRoY2kvczQXFBTCNxXQ3KNR5k97NVZSyyG,9533.19278479095,1121295,$1000-$10K
AG2Z3QsQCoQnu3veEDfpj7x81vzJPZmKmtuvtZKiv8iz,9533.179077451889,1121296,$1000-$10K
79L3tckcCM5VV9gUR5mGSvStJZizuvzph8ZJqkC1PLUS,9533.16827651116,1121297,$1000-$10K
FuPUaWg9JVrFthHprHBti6dM2ftVmvu6rs46U2YT6iyq,9533.163222769652,1121298,$1000-$10K
6tj6aFaXewJddqiGfzNd1wg4zus993h4khEd8WzCoiHs,9533.145463409628,1121299,$1000-$10K
HjuD2SbGn96zRjgXHx21qfRj2BB5cNQEwVAzaesQkLq6,9533.124942058512,1121300,$1000-$10K
EFFzAKtCZNwSM24uYp5RWs97XT1FiwjbpByAt3ULW95t,9533.113720260882,1121301,$1000-$10K
EwmASDkw2N31txgvBNFjMpMyJkK8snWaKtQT58iUVgxB,9533.105662692944,1121302,$1000-$10K
GecsvdnSEG6WNFbyj1BxyXLehU2ffLWtKPczP1iQqHki,9533.095650269493,1121303,$1000-$10K
5LHfdAvnqiiCefDXxK1sogwcu7KcDMcsWrz6RNRMfpBF,9533.09088807899,1121304,$1000-$10K
HNQwG9ANnbjQEas7QSeCGsGNG15B6xYTDU5B5QPfnsPa,9533.034584767778,1121305,$1000-$10K
BN9SzEPknBqFHAGma7bxdScFmBj6nLRM3XE6661XALsQ,9533.021576203095,1121306,$1000-$10K
HLygaTmW7FtL7uc2u6EVx7i94MDrnwBeCvdwsGQCkftd,9533.007697571198,1121307,$1000-$10K
9bsPBiRzMouyzxBhHhhfNEcUycWaQJch8QR32rkv76w2,9532.976844299406,1121308,$1000-$10K
GADzVnhdkpYoWnkB2uzfwwA1i7L34xFwnnY23deLxEZG,9532.960300044924,1121309,$1000-$10K
59K2QCR64d4zDPse8GAbMVcvu9Dg6kcy8dcXTQ69suqp,9532.95711217598,1121310,$1000-$10K
4vqS9Z1k5mGC2sEb23uUhq5qcegdpQVVtUSiY4cZswaw,9532.949672478035,1121311,$1000-$10K
HrwppTNxd71h6s2TornkKij6rUpBw6kfuxuFsAPLtUY9,9532.926877637698,1121312,$1000-$10K
EKbFARSVhquatHCDPZMBZJxUPEj2tbAMAMgj9EhRkaJp,9532.90378223617,1121313,$1000-$10K
228nCaxgCdTm29Y215C2XwQENxMbBdKPYk11Qz6dFDTw,9532.902919593758,1121314,$1000-$10K
8Hn7hTyry7gyHqM9x6vDsNKXtfYN6Kb7irvacEygMxTx,9532.889885012331,1121315,$1000-$10K
AtV3sjfBDqwaqpu1nkHZnynV9GBX5CGnYVKrNWfwEv9Q,9532.855929897827,1121316,$1000-$10K
8adT8FbWwV5DprhdQ7B8bjfadNuAkUCRjR9EjT6j2Cwc,9532.853188581286,1121317,$1000-$10K
46eSgqLuMEHh81HvAKNKzoDiJ4yhYr9SpQSnpGPaKy8D,9532.851183567122,1121318,$1000-$10K
ALkNtwWyfgCAvGazAp5KRZszpZ9zpqcH5xXKLdyQB25B,9532.84659693511,1121319,$1000-$10K
4Hezh3s1KmdwGB6KaXyMNZDwKgDSF9HuXZigoV8ZCNig,9532.844198479199,1121320,$1000-$10K
BoPS5G5hUvfa88Cci5hsf4vKyB2NrhFdwaonjbp7GhRf,9532.836056082006,1121321,$1000-$10K
6M6L1iCc65mye9C9dRbSpz5hbTV3Vkso3XF2bdSUa4aH,9532.830079134315,1121322,$1000-$10K
6urgadRSHaMvDuTmi75ahdg7d4Kn9AUEo9V8uSkEqq43,9532.827205920199,1121323,$1000-$10K
8RwQBwjwmHGWyZGxJ6yeUT38aPkxgvLHcuDPfhBtoNNK,9532.819301245829,1121324,$1000-$10K
GEz6jcuN6zpUa5gaJqUpeDrsdd4WFnvUPpvVwfXbXEVF,9532.817633931265,1121325,$1000-$10K
BpuRfTx7UCM7Q4debcBSMeXnFwKPVr6d6tMGHMN8G2wv,9532.80070997661,1121326,$1000-$10K
FmEmw9uXkj5XuR1qtRLdncWKxHrBRr2e3TQqxDzdvyyq,9532.778038971075,1121327,$1000-$10K
8KdvkFuN93Zn5o6nEDzfjdd9kpKSFXiy56NN5jCmM7gw,9532.766106510187,1121328,$1000-$10K
2KghJUVTQov1D79HcfT9NcuxqSqDrJLmMM3ZYQkj3wRZ,9532.76156763369,1121329,$1000-$10K
3UYg2iRoEGii2myzJMvvijF3TR6JbMgSHrkzHQ16cA4b,9532.704903039952,1121330,$1000-$10K
6wR44KF3SLHim6HGMGxsWdDoE49SdN9MFetyxvTJM5BD,9532.654794473636,1121331,$1000-$10K
HjNqwhjqEFr9NxY8u2xX7MpJ6MvyYozHvyutZxb1iMyb,9532.613376410192,1121332,$1000-$10K
AMdMMVaELZc5JEJKri5wmYaJWprjtcQSC5q8FhPtaxbd,9532.59214768798,1121333,$1000-$10K
EYahydnqH1FCuPMgKejzu7KPt66MpjTQd3pWJ2whay5W,9532.58397173214,1121334,$1000-$10K
AKYiBNoaeXpLBE7eUkMvebromHmKjNGBqXQj7Dd9FvSL,9532.575060348474,1121335,$1000-$10K
DPdbtT4KX5e2K734C9fMnRikf1ja7sgCQRXyZ2oCHsxp,9532.524981109787,1121336,$1000-$10K
Hbuo1QQDHD6gWqUhFb5ZkWpaeh5XA818KQgRqUfZf45g,9532.524344736972,1121337,$1000-$10K
8o8MFXXxe2yHHTJak1EZ6QLTRWGs8d3HU3hb7WADwSsM,9532.497805985773,1121338,$1000-$10K
8oBDwjRvoxScWngNDwHz25MeQqhg34BwfdWFyNuiext8,9532.482736996177,1121339,$1000-$10K
G3n6j8QQePBS3DnFLmnMyyA4iSZoUXNz91FperwcQhhq,9532.472816796191,1121340,$1000-$10K
BUna7AvRnr6rgLotSVEgEBzxEVn7Vd4skUCL4bqVdZCc,9532.461204012292,1121341,$1000-$10K
DkYmRYeKk99tHk6iYRaHbL1u4DYuVhMFuxD5yKQyvD4Q,9532.448602520575,1121342,$1000-$10K
E4z7jKUHUZeR9wx5o79uXSVBeCL1W3TvVxT1QUx7BN8F,9532.430538161549,1121343,$1000-$10K
5A3uYvAUu8GhuiTMrxTbJnKLCXfkohBXoUiR4r17gWJW,9532.395331700147,1121344,$1000-$10K
3ET9oeJeX4iL7TR826rydWfVUPA5jeJcdp47sgEBJLM6,9532.364765670696,1121345,$1000-$10K
2szPSmyS4tBxkQL8DUNULMyEj5VJpF1zsJeYQcZHNARM,9532.36103387142,1121346,$1000-$10K
G45Gj2Lyh8rJXF9b94fQtTr8gjM7mJ4yCeQWD1hWay4i,9532.3538425643,1121347,$1000-$10K
5JBNcctpwARmo5Hufi51Ddn6yJUiHeQaAMpnLen19G1B,9532.310384311462,1121348,$1000-$10K
yc7ppb1kXbo6BBP7yMDVtQgCRp6CX7CJrbp4cFjXu3K,9532.300243088928,1121349,$1000-$10K
HwFcHA3uuoH25aVRBxhXTj2Vg2X84TNW7z5rUjwNggKN,9532.252431131828,1121350,$1000-$10K
Botuyy4Y4DsJR6koB7RETsc9MHR7XCoqbAsqWD8NZo3W,9532.240090506983,1121351,$1000-$10K
CbcoaX9118sy1tscDPSfnqDC1L69coSHyYNrooKVK3ec,9532.236541230846,1121352,$1000-$10K
AyDYWfsZvW5yx4sRqeBjuDV9FuievFJHLoQYPt9AX2zL,9532.235493695105,1121353,$1000-$10K
3FAi53HJQeavcfLeSip1ybpv4r6S15vc6hodiw7Y325p,9532.157509921717,1121354,$1000-$10K
7nJwSCwSoWEX6hrDRZ3eZJ3LCNzK54fFa8gdkFuuyXRp,9532.140575420352,1121355,$1000-$10K
2j3wgu9wYh9Dw8ZHcKRoKVi6k5G5qUWyz1UBcsdVP3LF,9532.113429428075,1121356,$1000-$10K
DnZwPAqEomh85NkJHepG5XDeEFMUH2DvWsyTEnrsafwj,9532.106866358386,1121357,$1000-$10K
HRzEHCSVw8AbrPKVTvqXhDhEyJ67oqWhwfdXMuBitiEZ,9532.084580280532,1121358,$1000-$10K
GoSbkXoDRKp4XhDtnVTHWQtHZ6rPeSFn7tVwP4v1rsyw,9532.07648914258,1121359,$1000-$10K
7yACkf8A6Dr7YPEo77J7wD8x7HoNLk8DwXj8wRuFVAhF,9532.030638376042,1121360,$1000-$10K
5kNwwjtVujX3GgZHo2VXXzMR9fSwutMwjaiL61adc7Hx,9532.01918156031,1121361,$1000-$10K
9ADbkoLChqKVvSbL6iKjLM56PGM9gUSxHEtR5BU1LZjt,9532.00813770411,1121362,$1000-$10K
J1we7JCaq3urnK3wfra6VGmrhktw1nVgjEFQ1WPkZf6,9531.96942877401,1121363,$1000-$10K
AW9KNEARKvhAdsAUNc8WH56F8pvZM5SJLGsKQz8JhiXA,9531.962188947058,1121364,$1000-$10K
CMe1H4w7NPTxsTWSg1GE61eX8cprxHHDj2g7Mi16AkEm,9531.941707908445,1121365,$1000-$10K
CK94TmNsrPk4cX8dNQpWwPjmVyNgkzqeUMmVZftKUi2P,9531.938006070695,1121366,$1000-$10K
CD2kYVSg5uJY6Uyys6KNtkfrEPLGqVV82r3BUdBTia1o,9531.937486943152,1121367,$1000-$10K
ApF3ZgFXXWs8ddwr4yvrsmz8WknCLsAShkeSukBqLiAR,9531.928716532546,1121368,$1000-$10K
FZrq4VsuvWsa4xTAu4CABzW9CmXJddFUWpnUFdsbsHGr,9531.9181,1121369,$1000-$10K
FgR6T2krPZqzN472YRLvyvDkeDJMxxY1xB969ZHZHxph,9531.917701749073,1121370,$1000-$10K
oPcwKn9VtNutaJMoytn1Bdpmcde8gGin1dxdk144X7B,9531.912359454964,1121371,$1000-$10K
7cGkw35jYhvDpeNqWCCF3m5zgX99YKDsowCUZCsR7mAu,9531.910627501486,1121372,$1000-$10K
4zkXNqecryFWcE3z2Z4M2Pn8iZp1E4U8ZU1TQfVpw7pN,9531.89599309169,1121373,$1000-$10K
5FcfmbfWosMbiPHpiuBRkgQCfKBL5aeWik3mCnUMCsV3,9531.890346877459,1121374,$1000-$10K
CUBjgRd2JQFSt7dHC6ZRjQKzFa13mnkJ2fQKLTsU7nCR,9531.881560690468,1121375,$1000-$10K
6nqKs6qCPviNr9cWVSwY7EcxymzDY5ScbVLRtZAUy3dY,9531.880363387038,1121376,$1000-$10K
AcxdgEogZnu5m6ELxmtmivwfMPWbtP2mKFTA6fB4CBYQ,9531.870216670053,1121377,$1000-$10K
7KXFWBHCc3x4Zmd2hvzHXQHkYP5pxN8GDutE5jWZsidP,9531.85992550535,1121378,$1000-$10K
E8X5ykgaRmSR4qzerXJDL818EQmaoQsb3odumRV83BZF,9531.858361443168,1121379,$1000-$10K
extciMwiDNfCATBGEo2CBH4reDWnULqoMfvAC5Dx1VA,9531.852142268077,1121380,$1000-$10K
nXV64CXY7yFLYJKNp8myR5FwXDhrgnhDQpHSU6f15qi,9531.85061369017,1121381,$1000-$10K
7Vy3b2hGjkCjv3kzMRFPnXi4iroNpdhoHzjQVoKYmzs3,9531.841319259196,1121382,$1000-$10K
FSiyyuLG8qZhcf5jvLnSU5aRc2MMZadZJRQr78fMQiW5,9531.819125599595,1121383,$1000-$10K
7eBV9aatpJqstVHJc5Jy66rMFAVKaXALC6s4nDdFn3FA,9531.819000284588,1121384,$1000-$10K
Bfg3VUsYPJn2DF8uhurM1FQNt5TagkW8eLM3DhaqKbZh,9531.815542539003,1121385,$1000-$10K
AcvaxW4LRxJTD7r7kv6Qaf3smcp52SWmdaZE828JB618,9531.798741326807,1121386,$1000-$10K
9dRjCrL5gL7T6Uc2mvBaGXyPHCcUV4NJwT1xBo1F6PGW,9531.786373237263,1121387,$1000-$10K
9N2So9SYwWhoDkYAZz5Z9tmEJfwcuhpJDnhGjHTvimGV,9531.78560963054,1121388,$1000-$10K
GBvyBzuqNA5a43biTBjwM1d6e6F2V5vdtBnxsUd18DEj,9531.768004479401,1121389,$1000-$10K
4xa35TcHGktL5JFoTTywKuo5q6nTQzEnazxRN1wPmLFB,9531.764978532985,1121390,$1000-$10K
2rCQmR4ZCzLvxTn8U6GX1VCp3X3RegYcHXaNvQAFRnPY,9531.764124814743,1121391,$1000-$10K
4B7PEsB1czK9KUdSEEC5fuDoeQ7Ar1hbmSV34N5EJg1Y,9531.73686111853,1121392,$1000-$10K
HBW8LThMrdvMFAazvji9M9Vyziu3mgdBKM6aRrDU8DF7,9531.732445426014,1121393,$1000-$10K
6kUUzXQuVnVAf12CLsfYH1qA4p2qLQYgmjs7cBiETyGt,9531.728292194079,1121394,$1000-$10K
C1PufyZtEYwoFkTzChLdFZkKvszRfoGeAPdHeTuc6LnY,9531.717477693483,1121395,$1000-$10K
HxTyxb3VHprevwmX34c29tmAmnbgHBsenqvVEPiD15d2,9531.716905194275,1121396,$1000-$10K
C8jV9jEmSeGDdzawvL2RvdaJ6RuJLNFXxgSjJeb9eYUV,9531.68867663674,1121397,$1000-$10K
GyW8xWreLsGX7YcjevFSWAQaeLHHBdx2kMUi8RH8bkFE,9531.673430570696,1121398,$1000-$10K
6ipkNyCVUhFY3k5EQzRiB4ZAZcBRo6vutxiLVUXBWyB7,9531.65008758387,1121399,$1000-$10K
J2syTRvfP1XfVkkU5bkrdw2iriZVjrwsgRcQEKmwBCFc,9531.637108813438,1121400,$1000-$10K
8miK1N4uA9c1V8PK1tdWs57fJ9FhMcCxWQpd9TmYDxk4,9531.63336131576,1121401,$1000-$10K
HhpZb716n6CRQXJtCiL82K1HPRonFjaYCjyaLCeSx2gn,9531.623733295743,1121402,$1000-$10K
CCHC1C7ztDyaVZWWxXtwH7ApSCiQAbtBK1jre1AeRgkp,9531.612115384542,1121403,$1000-$10K
ERLEAtJdhEDTik3YQYMiYB6i2bqNatiAUYk1pWMxawAS,9531.59511834045,1121404,$1000-$10K
Bm6YXcrw2VB7xNNS4nHTnzoYUZBcqhNHwjuvds4HBg1s,9531.580884739242,1121405,$1000-$10K
GyBWbQDfPXtk9naHRnnE3wTCucZgoZ41exSE8AD2YXwt,9531.562911373676,1121406,$1000-$10K
8BHCK2JGA6k1ve1PgcswQTm8t6oaBEjgbGTSjDjoDNmW,9531.556855821162,1121407,$1000-$10K
3wR9sPNuWi7ZcNTSV1mpp3wU2jJBfmDUECtpjMvfwv9v,9531.519916402707,1121408,$1000-$10K
2QAiJfPWeFoUqVm9fDnzh9VwtT9A4YbN5GeTGmtmU8YT,9531.490160895028,1121409,$1000-$10K
6gooJDnHjbebxqDq5ac1ojYB1JxoD7gt1rcPdD9v25ig,9531.48982221772,1121410,$1000-$10K
6DKUUsa6ShxMxeiCvsUyaVQQ83s1ULjpANmV9wnd9xvA,9531.45015988333,1121411,$1000-$10K
EaQ9FQmkhYigczL5j6u7G3bAoUMun4NRmQN8RasKfvRQ,9531.439904873929,1121412,$1000-$10K
CJxyP7BUWfmC9byda7i6c1wjtzvbMemsbhUy6HmHZ9JL,9531.434117126384,1121413,$1000-$10K
7gsWy6R2PBep6M2JD8oEQS3aErJEohoPiuQDChzADuTh,9531.410699215716,1121414,$1000-$10K
3vtM5o1ryi9rbTKTJ7T74gQtAmsZRwXNUZzTrzgifBTJ,9531.409782951776,1121415,$1000-$10K
6TM8eiZbCLBwuTNeKLfWfgmieECtyiamXrvPpT6o2MSz,9531.385878021518,1121416,$1000-$10K
FDvYMG9kwroqzx1CVzZwi4pjPng96RfhFKL9ZgfYeMEc,9531.376335608886,1121417,$1000-$10K
29Hs3wepmRhPgfuDcQeoLKYf3ULmyBqSMkc4Jk1TUidj,9531.32076053253,1121418,$1000-$10K
BJkxWZrUuYPR2qcxqyjxiuvi4sjXnePyzbomtc5x8S61,9531.29431332477,1121419,$1000-$10K
8ZcpivaXz1QQm7LqzqrJsQZp7YQWgXcA9cwGNEeFauT4,9531.291331101505,1121420,$1000-$10K
61yLDJG8Nbw8haRSf51ifxBtLRbEJ414yrwaSiLtAXrV,9531.284646316177,1121421,$1000-$10K
DkiTmTKp1jWureLSmoSYAQuhwWJbKDvgPvbcG9fFSgP8,9531.284546688401,1121422,$1000-$10K
7fsxK98mWBeD1wuXYFkMBBEuVQbXPT5UNsYVR4sX5Az1,9531.282131966062,1121423,$1000-$10K
H4pvXUSgXsYPW5unNoMoGVgPotcSf6YxZ8XzMsdHDBMd,9531.208594788768,1121424,$1000-$10K
EW42JNkRg7o7ooq9yUCFTuaCfctUbqVPda6W43PmKiAL,9531.20474315478,1121425,$1000-$10K
GYgKh5eUDcCGVTw9JDqGxFea6xWaUVSqYufqqsJHGgjU,9531.198556097394,1121426,$1000-$10K
85xeDsamKCPpSYLFz8HpVTuaXFcKhsYjtT3oTrTU1k1L,9531.156302083833,1121427,$1000-$10K
5Lm26FT7Bqu7aRqt5x78s2Fq16g1eFycGsKQkzeschVy,9531.152640997032,1121428,$1000-$10K
ExJuhsNKGtDzgwwBnmaJpFrH6jcF5Jb7jcezNsjKguVz,9531.144314237197,1121429,$1000-$10K
9Wm3UrbRoKouhqTeJkJKydWXu6F3zjVzjZkv9vQn9RXc,9531.140428790803,1121430,$1000-$10K
FvFgMkUMHPXsEiSoBheoKiVh1juaJ4gca3V1s6xCNke1,9531.090841909761,1121431,$1000-$10K
5GH3W6qdXUwd1FyayyDvnkDoZoCckBNm5KpBu2z3UqiD,9531.08934675721,1121432,$1000-$10K
4AS38oudyMK6gbhphqBbD7tJ8k4JUhfTAa3PKqacSedK,9531.075656603089,1121433,$1000-$10K
Db3DrAedhczDQrdXvRY7nKZbNCNwbCEgZKsffJDy457T,9531.008485262872,1121434,$1000-$10K
8vfXgKVtzEWnMvTGDn86QPTWY459Qb4QdwTd7Tz7Bo5t,9530.970825601626,1121435,$1000-$10K
H1UyoXnDvyUisCNGZVixsGuwAnPAGa67ugvDDeTfL6qi,9530.935083571281,1121436,$1000-$10K
GcRgZCGeGe3FoZcVsPvNjzLXudUZUQXA8r1ZG1DjNoP5,9530.93010283561,1121437,$1000-$10K
4yYaptB4F4wCheXKwhYmHRW8hGn86pifxzi8Dk4yupaw,9530.907141003037,1121438,$1000-$10K
C4iJ6F6rqDwcMsMQeuFpCd375eruy93xzZsRuBwdFjeq,9530.899539744009,1121439,$1000-$10K
9crYaCr1DsQHfHZmodPL8zZeUSuga4cxA9S8orA6Dq7a,9530.887525804914,1121440,$1000-$10K
3bZ8NihkUajjaeGZHcB24nsP4YocWbmSDq5jbTgZn7Zb,9530.871835302882,1121441,$1000-$10K
CVSPitD9uCeoVEKyidCCDrxihtBTbyeWskfZAyJHiwsP,9530.85445116549,1121442,$1000-$10K
BfEjM9p7D9HUu1dLhNrFZQfB1UKUsWUR9HzXbApHJC72,9530.814544983581,1121443,$1000-$10K
63EcHtAN9Y4GNzXAP6a2qH8J1nu4ykbcF5oq2iQJqRK8,9530.799139623805,1121444,$1000-$10K
3coDceUTrgHJysFRLuX2npK9RMGaHt5PB5LqNF7dhW4p,9530.792761581186,1121445,$1000-$10K
RiVBsKieUrVyJc2KobpoEoz3x4gGqHR5XZbGcFhnXjb,9530.787106178734,1121446,$1000-$10K
2isQNLyQxYUWhf8vWENSNgyGafaQG1RKHKzqc3ojVWCA,9530.763837698685,1121447,$1000-$10K
4Zr5Xxik3gm6Zakub8RtM7bwhLeHAbAdNumiusCY9CQw,9530.761319147156,1121448,$1000-$10K
EcdyQjw6dL26HynuYW1kb1h5abGW6SwSP5qi6U8y5nd4,9530.749056678858,1121449,$1000-$10K
H5kYUw3mQu6mhoFvCij2ozPPRhsb9dPBQ7YWEuTWb6Ng,9530.742671818922,1121450,$1000-$10K
3GiSiMNe2Hnvj6KFwtc53wyBFC7GmvMtNhWWgZfogcee,9530.739202259943,1121451,$1000-$10K
2DxWiWyrqPR1bXjYsdairYfTa7k5wosJ2zwgP6wWnJp9,9530.737329835882,1121452,$1000-$10K
DZwPEjKNxFFtrLRgqRCBcgigZSEKaZJteGcWAG6QpfM6,9530.729783652658,1121453,$1000-$10K
22LijZtuUXgkqQAisn5kNfTb67JA43bhtpFUNCaniLKE,9530.703476021998,1121454,$1000-$10K
DtwnKq9pCEpUWqaoj87Tmnavsf1HQu7LjGNRx5vWHXxY,9530.679622146485,1121455,$1000-$10K
78chkqWVVWjB4Bs6Rexp8vRPoYtF3hYJkW353C8So4jr,9530.646644895933,1121456,$1000-$10K
BAzynpAdKR9U5xNWgwiM1jBP4u1NPimeqRuZkMiQrzmG,9530.645034185247,1121457,$1000-$10K
GooafoSKsNocQFKEnjvrBL9Pgy8KPb4bMNVU5tSLHK7F,9530.623227047905,1121458,$1000-$10K
Etg86thYL4TuTTEqPMxU7vfXPDV9ooAXJq3cnZ2byLZ3,9530.596806040674,1121459,$1000-$10K
A8gGhGZqVebCweLmetxFZemnxnzN9gTHsR6DbaxCF6yB,9530.584312071169,1121460,$1000-$10K
FxMAWTzQU7pXBEskTDzLW8ys8QgkJjVmxAsHDd8MRgPy,9530.54249957665,1121461,$1000-$10K
AhVozCx4sjNipcqMBwoLk4319hCsXSwW5zGPeSJmK3Fs,9530.534065986285,1121462,$1000-$10K
GfKSBRH1RNPKuw7zNND1xUjRd5CvefYNei2sSBfmU2gA,9530.531000935578,1121463,$1000-$10K
99doVeipN61ox1HnzX6gswbX6RFUfjYMoaRfvAhvdkbK,9530.493171449813,1121464,$1000-$10K
CsLterG7vr28N7s464KoGakXNV5Knu7iKDaVJQYBdjg3,9530.471435781987,1121465,$1000-$10K
5gxp7cQSU3ehAfCJsURYNJBeP8KUcw7mLHovWXJ69ZNF,9530.468271834085,1121466,$1000-$10K
5UahwMR1cYGcE1UBFtN62gGmzMtEP38ZCyv4zWrAYm4W,9530.450154655571,1121467,$1000-$10K
HuWAUwgKngVBroDnoJMWQ5X5TC4Wg1V28DbJS1mZMYYb,9530.416557254212,1121468,$1000-$10K
EW7GhQa81DUF2XyEwsziMsZskywu9kUHvktqfMRkNJU8,9530.399536835523,1121469,$1000-$10K
GpWZQsB9rH4MKJKzTZrZ8qvGeezcRsW8w6SkGg766fX7,9530.3972693633,1121470,$1000-$10K
HFbdeY4Df739t6tzaWbjksbYUKoK1AP8jUvPVPH9CUue,9530.39458044033,1121471,$1000-$10K
4YYZgjp48RB81VS88BGrZ35qXkqoxsGYjW2rH7F739ML,9530.39283932055,1121472,$1000-$10K
4AyG1mLyr49WHuV3xLRxgua9DggtFyqMS6etKHMrzLmq,9530.38843265762,1121473,$1000-$10K
3zph2fS5fZQGzwDJW9KBGi1E6iH1Zpn1GDcSwca9mi8y,9530.378893011504,1121474,$1000-$10K
7EkYKVQY4GUsg36m99kLFYBEMwfYBfnJMvtYnH6vyeug,9530.33363307408,1121475,$1000-$10K
EtbX65YDa7ka1ZYiZ7diJFQ1t4WrGrxAVtW7paGLRX4m,9530.308196055303,1121476,$1000-$10K
3C7Axfz6PBtxBEp5eNtgKJq2XPRM5UhKKCvn1AammRgc,9530.30583483547,1121477,$1000-$10K
6qmxZ6DFUVdjDQ7SDNE6BMnaueSRcF5e3FGG6NLSBT1j,9530.29309478988,1121478,$1000-$10K
5YdZr4cWY8cDLjpAfzMQfvRrbXvSBXJt2DjfprgwE9VD,9530.261810495318,1121479,$1000-$10K
EuUa2VQufsd8gGSy3tK5AsmApr1pUnGUPAt5gr9QfUAp,9530.246915770076,1121480,$1000-$10K
B2KJ5rkL4i9WAJCjsyuhsebgw9HxERSW9TwKyZjkQxUU,9530.240294361109,1121481,$1000-$10K
HZAiTvWMMba3dMcNqkrzXpgEUxCZdkx5AETpM75vAK9U,9530.229759527883,1121482,$1000-$10K
CCn7X7R5D3ZP2NTthGMTKEeaQnojRmtGZnELnXKfMN5A,9530.225326431051,1121483,$1000-$10K
4GEo3uHNMezAQzgocabCSZwhJBvrg2GAe3TKauCXBvqY,9530.224523061002,1121484,$1000-$10K
B8SkFw3LvZD4uJ8fF7MSPmue8VQWhKjPDKtRZX8gTy5G,9530.207690895066,1121485,$1000-$10K
2DcPEBMAMBpLuDvnwiXFEWcNGv6nnDQdSBSKARke4U6n,9530.170259049675,1121486,$1000-$10K
DFoKhnBjy7v8nHC4CqZQgs1MkozzC8Uha3qpuY1XdNCT,9530.16565138784,1121487,$1000-$10K
mTJd5a1HAkTPwPJ5GXteDBiT29r5j3wfMoTFRxn9VRz,9530.142743246353,1121488,$1000-$10K
BNBM7APqAS5GoByELd4dHy9QuSFsmWyf3mbYDkvL3S5S,9530.133882901706,1121489,$1000-$10K
ARkcBwibr4SfBF3jnATweMEWxR1wGW3Wb77KH7uRPt9z,9530.131976359102,1121490,$1000-$10K
Fzhh9KNSNhW1hVEfkvzr3ZF4G885JpPYUEyPmm5tToB6,9530.128043262297,1121491,$1000-$10K
7x4cFmamH2qKmuiS7ZatZC8H75C7CnYDT79r3nf41BFe,9530.097962733293,1121492,$1000-$10K
C7chuR4TbTootfnc8hW46GEZsKATvfr9fZSips8SYrge,9530.093161431165,1121493,$1000-$10K
2BKvQgXwKPn42yv2ahynzmiVHWRn3ABJ99icWTpaGapt,9530.078841170553,1121494,$1000-$10K
5Jz2KQRgJ6uKaBa3UvYyUGpQoHQmeYjuAPot4rdiLXZs,9530.071869266889,1121495,$1000-$10K
CJSF6WfRaFphhDsCtU3b68jUVb1zgeX5DKaZq1WdJ6JF,9530.062449242638,1121496,$1000-$10K
8aXazvb1xEz7gFnurLurqD88QzXwQ7ma2wvt917RKNb9,9530.058562986032,1121497,$1000-$10K
Ar9PvaEb2qyrSjgftFAFBN7GXwjcpM8npqD91nBCfrRT,9530.034677531292,1121498,$1000-$10K
Eku5LAo1vMk1LG1xARxY7vyCYrqtDMcphbA18rfRxTCh,9530.028388158356,1121499,$1000-$10K
3x4yyjcWN3wcRNtE7njAqjJMrgyigJ9onPxdwdosvu5t,9529.999323558022,1121500,$1000-$10K
FcJNkTnrXi4nmM3mXPwSf9MJgQsusKY9LWNw2cBUX6oa,9529.995610233787,1121501,$1000-$10K
Ef5FmrnamTZMix3Bf23D7uSrPfaDoLUDb7BHn6n1JXrf,9529.97596229824,1121502,$1000-$10K
7NF6t3Wdmmucum2YDtnZywQDg876bg4Hu7HjRoGV24Wt,9529.954138661726,1121503,$1000-$10K
SHAgxpBtwho8yBgrJf16FhHhvw53KLkHq5tiTZCmdgs,9529.91153942166,1121504,$1000-$10K
Co9tFEpvL1SNhSo4obSkFm168XKe99ZiaStWT9yx8UjC,9529.89288541264,1121505,$1000-$10K
FGxwmC77may9pJBjwqtq45tQZUFaR67g5KSWwMqvbHDN,9529.866042204938,1121506,$1000-$10K
HPHaXFd71WdSFmRy5RswDyr1XPgLjFx76313spKyQ9A6,9529.853537789299,1121507,$1000-$10K
EYFe7uXrPC8gQWMb2vnzSAoqmu8pXbQAwDCcKt5uWsUi,9529.829140877657,1121508,$1000-$10K
nR4YynknfE2YHuynS8tkUJLQMM1Q84ueqWYCDXUmdV2,9529.806981384772,1121509,$1000-$10K
69Cx9cFfxYzX4cjibn5KKzBeHtbBJYoFaiaokTVJqrE2,9529.805965312717,1121510,$1000-$10K
D3Qh9WWikfJMbMPJyy58UpGJtQC3D8LD5pvAaxU4agSj,9529.788391847178,1121511,$1000-$10K
FrfYLAGhSEh1nDTjZ5zHQuVdXi3GnUR3ps2tbLT6ewRz,9529.775445099942,1121512,$1000-$10K
2M2Khwaf7JXwnbsKJr3hztdpUCRFV7mUFQ3SwQs3LGJ6,9529.74399617468,1121513,$1000-$10K
6oHPFb9a45yGJ3TphLEs6y5AEXN4eu9X4pUpGyVRr191,9529.74307633906,1121514,$1000-$10K
ArbMyXxArMQ5769rBKXmhyhXeoHVt3DNUU6PKcEYmowY,9529.740623565332,1121515,$1000-$10K
AdwE25kaPhEFv48YUWonXKyJ9tdUyTahZ98zreKuzoih,9529.716037384593,1121516,$1000-$10K
DmzvTUAKfkzZZ78vqg1FZ32hTdtqFLtvsbfZ9kMNHv9S,9529.71370249354,1121517,$1000-$10K
8qRUoXCuPSe27xuF7VrKhR6GNz4b5TPzMs2zsXRgF5eR,9529.713429717054,1121518,$1000-$10K
EFruC3UiRzsVt13USoj1HwzNqwq7uAY7rj8kpHy9JwSj,9529.704320561039,1121519,$1000-$10K
EbAfRpD7bDPv9AJHHrFGe647cxpX6rSoE9sZStiZpfFE,9529.698910490155,1121520,$1000-$10K
6vE9K36W5k3hVxBfHPV1Vheyd8XRWdziogxWPDcb8rT4,9529.673671426526,1121521,$1000-$10K
Coa2WeUp4UfRmPEu8FTB9ZzWy3zqQ4u4QtLBpdsMCknX,9529.661458591598,1121522,$1000-$10K
AdZcRcyh1jyTqsZY8LmvV5k1Sf9AWmKmxvkfaFQSW2jr,9529.65689424882,1121523,$1000-$10K
6HJ6R59DDse4Ssrt35B8Jg6HgeEgZnLNNFQrzn7R8USt,9529.656829959391,1121524,$1000-$10K
3b1depLEKt1AyWUqABCv2oRoQwEq3jNuZ23haM7qZkXd,9529.6482905846,1121525,$1000-$10K
ESQHVenvJNA3jaXkkvNEugRN4NnQYugAdVAfVXS5Q4YS,9529.587163734765,1121526,$1000-$10K
CYkFsX2kzJYUYKB4mx76gwhgjkP2rzXeNSzu8uoXdkDv,9529.578277450297,1121527,$1000-$10K
6qXDCkZuWYRukG4W3PtGCB4RGQRjo6WGz5RQ8JvrHyxN,9529.573418785456,1121528,$1000-$10K
9tjgrPmyCDbTwGy4qW79BrvQvmKzyGcKGrwtVYuUf3AA,9529.550628696985,1121529,$1000-$10K
DpnZ6eFfG8hooUnXJ319J72aTCdM6tHY11UeZzHdLhUH,9529.530983111286,1121530,$1000-$10K
A33SWMN3N7A7nu94ngXdLBGvuidM4CN4D17xg7p1QAga,9529.528217960931,1121531,$1000-$10K
4ca8WWx8oU4yosZZTkcHFh2NZmJZqZEejuQ3bp8Re983,9529.523989406973,1121532,$1000-$10K
FNbaAmLgaDQ76GewMn5ReMXXi4hNg13V3t1UuiEoEgZR,9529.523180524868,1121533,$1000-$10K
BwD4c31LFt5zvkSx5L6c4Yx4dZJoLWgwecEGUvo8K3oq,9529.494802995687,1121534,$1000-$10K
7d6uh3fLoq7ycpuB948Lasd3MQLppZshnW9dVGFj361L,9529.486189036634,1121535,$1000-$10K
2s2qc7zjq7vzfHxZVS41nhxCv31EcdNhT8mfrDZUKfnh,9529.48217774903,1121536,$1000-$10K
GqRFYxZi86b1mTfbmRRiTi2dG4sSCaKxpPLgsTiD3DdQ,9529.466168081062,1121537,$1000-$10K
9ipjDQJiAFuXeNWjKsaGQFbsRo9obKhzVAZ1RzQAUmtw,9529.465630919638,1121538,$1000-$10K
8MK7bxu1h9B4BwrReJZjaJxKmMZ1eq6xWujAw9Apcn6H,9529.40381016829,1121539,$1000-$10K
56TCv7EFxkKbSDAA4NcNLXWxwXN76VCVdPUxqSHiYmrW,9529.402985445948,1121540,$1000-$10K
9mKqSgQykoQukBxr5dmrQegULbTaPGZ2R84cQEjp95aj,9529.388891847453,1121541,$1000-$10K
6zZBNMYZkmN6pgpmKCCWnepm7dVsRDcujqTk77ynknh3,9529.381801844991,1121542,$1000-$10K
3EuuNDKmMkV7HihYWtJEzftYb65qpAZ1dfWyTEPiUGN8,9529.291078420496,1121543,$1000-$10K
9xb8ccqts1UktFNhiRgUFv3ddpVhEKBbL3gUGZokC64Y,9529.288432833615,1121544,$1000-$10K
6anrHvP2jP7eok9Lgf28KCPzb7mb6eSjiQdUJJCFSjwE,9529.284605242643,1121545,$1000-$10K
546bAtruv5VkZ54hpPKAuezhb3zki3xu2PwpfqeoTQdD,9529.275,1121546,$1000-$10K
7qX9BGPj3AThnVX4jvaGkWKtPsxxxnpqSdCLq2yAtP5f,9529.258141662118,1121547,$1000-$10K
8CbnWSKjacJMUCJkF1PmbWysZw3paARvw9tBhs26uS6f,9529.25813638531,1121548,$1000-$10K
94cF11ZVqsKLMLYsb4jziQcRq1VpQTSWwpUHxSUcXJqN,9529.18489714003,1121549,$1000-$10K
CHdvviFXd8q3Jz1GPHjhpr7R2YSagLn8NNVYsgg99ALk,9529.16910638225,1121550,$1000-$10K
3V8ppyHjqcVBRaBRy8UeR3uUvZghVP1P9ouvrTQwsDm4,9529.13546997464,1121551,$1000-$10K
GsaNqBZdn6M5LUuheGzV7q4gGcyNBAondHP8wahd5u9Y,9529.134635230579,1121552,$1000-$10K
8QkMiPWYF3UdTZtkUGuaEtE88mzPVzSBNrdq17Wm1QXv,9529.133758702033,1121553,$1000-$10K
HEDmL1sQgPv1L8HHkNrbhw5Jjzjz8GhChxLE2u3Ccnpq,9529.117145487402,1121554,$1000-$10K
7maDafrNN5YhXLJ9cKJoEBKQCufqrKxdLRrV7vHmhzR4,9529.110983563605,1121555,$1000-$10K
E15JhLcQSYU4MexFogEGMf68o76o3KEy1bFLz3jrHDad,9529.09945010196,1121556,$1000-$10K
ADytV2qqFGq49RDE8A5A91JzDo39qLtQLGwiaV5Gmbg,9529.077403458943,1121557,$1000-$10K
BwbbGTxki28h89qRJ6fHcJfBYP5XQRpG9uUs2Krxfdgh,9528.989912849194,1121558,$1000-$10K
9p5HHHZa8QnKQ6aTe75RyZz1BmhceJr16Ttdu6XjLGSW,9528.931050445337,1121559,$1000-$10K
2r7DPceMsiJ55MGjn6BMMbj9BE7kgU1zpvRrptwYNvJ6,9528.927238049853,1121560,$1000-$10K
5JzboxwfN6DEcy45QXkHYwaCqPwx5tUiTR6qwrLs1C9w,9528.90944866016,1121561,$1000-$10K
J2ygHwsjx4qJvU8XpyQeatVBeN2Hyqyha1nfdA1Vpe5R,9528.897518365227,1121562,$1000-$10K
2gou6YyUa5EpJ7soLkg334F4SJ72RezZQdMcJnQZnqfJ,9528.872118965495,1121563,$1000-$10K
9GxemZemXWDxE5sD6dTQF2oq3nPyZzZ6S3cwdZidwybS,9528.860780646006,1121564,$1000-$10K
HTsvgmgPYJ7bh3KWtXZxPUiX2vySFS82UvbdS3Lg3G1P,9528.856831755276,1121565,$1000-$10K
D39H6U5JwJqD7JngeMzWayVPoFPjotar328ataBZsS39,9528.813034451267,1121566,$1000-$10K
FpwTDf8jmiKYBkHucsPTWMbRfysxg5gxjPb2VCCmvYB4,9528.793180511404,1121567,$1000-$10K
EkXToV96WPZo2iDiUxFrPQyQSufmzJZmUiDiAi3mN1Vd,9528.773972298,1121568,$1000-$10K
8BfSR68paqsp8x2sPpF9GXw1Qg4ygPve5ANidYCL5pR9,9528.745743078138,1121569,$1000-$10K
DD5X8fzbdM1jhLDRg4J16jASmRgieAJhPUEksVrr1csL,9528.739844968493,1121570,$1000-$10K
9VD5pFEsL4CSCZMBARLPkoFeZVf2NSxpYD265Fys2x2,9528.7281665382,1121571,$1000-$10K
DkMzuLMicQTGW7ovXXoAPSvP4n5bqbWtzR5YVHMcMuL7,9528.6885171248,1121572,$1000-$10K
CZZcbNURaKApx53QCQC7q5L7ZJewwkgvNi3Cawi8bgG7,9528.672633822753,1121573,$1000-$10K
Ao7QnbXVVvcVGdgSHwDuWo3XWrLPy79Sc8dm6UeNU1Hz,9528.666785544157,1121574,$1000-$10K
6HTdNx6yBTDJTSt3k4RbuREvTPKzLxvHRj59wBbrfufj,9528.640954972725,1121575,$1000-$10K
7UXB2Tb3ew8gKxkYHvkd1iNwsJvahmyvAdzTB8gznGD7,9528.61844999734,1121576,$1000-$10K
CLRYcdmyk47TzPnz4vjmqFZ63z5DGZzRYCh5Npgta4rB,9528.612312172443,1121577,$1000-$10K
G9iZ4cbXeR9XrGh1Gz6qnkrEFTppH48Z8PQD2MUeycKK,9528.547618271037,1121578,$1000-$10K
FGwJDdRk29vV1KbFnKybw7QTyoJ1PDTc8sXHJeuqnWZY,9528.538015684187,1121579,$1000-$10K
DyXLBVDrS8cAvChxrHa21Z7AF7Fi8UUcZ1aBKEegBdB6,9528.531294796789,1121580,$1000-$10K
DZufcBsaZdrLacLJeRi2EQWtrh68f3ddzX3LneWeAwEJ,9528.520285765975,1121581,$1000-$10K
5wCNmFawBHoxkWciYuUpvXcvtJZpCz3ckPRZQYN3wEwY,9528.510370519058,1121582,$1000-$10K
AXdXvDAtMhEuAzaHSmiAxsDQ9ySBcJ8Cbk8sYxPjgdbK,9528.494117766426,1121583,$1000-$10K
MWE1rwhCoWGEvCc9fAbXFyyDrez3hsXuKZFVCSDdhAj,9528.489385491423,1121584,$1000-$10K
ECK5kLPv5asw6oERRukQgHipHhFrwx4jRiNeY4QQAHrh,9528.474229925305,1121585,$1000-$10K
9eCzKSVoxN6Vx8h18aXHhM88hbAkj1i8mC362oJVCRfi,9528.467227490853,1121586,$1000-$10K
DGEqXR3csv7iAAP23tENSb2QNphbE9QoXpYyhZb7KB1g,9528.452128918232,1121587,$1000-$10K
AYkfVmZbKo4qab6Q1kzr2XkWSJ4UVjFsZqjsuiVf6tt5,9528.45142594834,1121588,$1000-$10K
FMAbZHHk9XPs76ZcPsv7gjAVyQtgBmYen21MToZKY67m,9528.412554063903,1121589,$1000-$10K
62SGQ8C3wnEhY7Exdagdzni75M9XuheXvVUzdkW3QXUv,9528.394560002205,1121590,$1000-$10K
BMySdMJY8GCRcQjEyPXLuXM4BEyRFfxAHy2NRh7tUZyV,9528.341164726764,1121591,$1000-$10K
GFfVwsSquRGZ5T7kZev2NDcS69xtv2nZgCYpJFQ2pxnL,9528.337641383767,1121592,$1000-$10K
As8c6R3JyjXL6pYXd57Aiy7LJXJgHJJYBhGfj6QPa7vR,9528.327209817458,1121593,$1000-$10K
H8kZTjdeJbA5jvFp2BHnZKZYzSL3W5vg2B5pYJtav77W,9528.32639441342,1121594,$1000-$10K
GcPyA6M8mRpRLyJS69AHaWbkTqQMMWSerQtSK1R5dYQy,9528.322049135248,1121595,$1000-$10K
Be5bajmG7is2gpUNBFQj96r7dYjp5vksRQmr7B31WFaG,9528.29154674197,1121596,$1000-$10K
4xiJocT7Lr4mFVHaPJXbUphLPGiCsFQP3WCLJjhML1xK,9528.26920697119,1121597,$1000-$10K
3b3P2BHt6dbP4uJt9CGJnVZtu8ux4YKCFvP1XpdfrwQW,9528.267929694628,1121598,$1000-$10K
BSVvkztkKd3mHNNwFoUh6vdedBF7cz8HYnnTxRtbKapi,9528.25434676069,1121599,$1000-$10K
DxVeT2NuaSv2LDeCq3nxpK493GMcgypetdoQXevb1377,9528.241743841678,1121600,$1000-$10K
A5LzQG1Y6Mn1EKGA1NkbFMVmqHi7XyRWh93Bv9fQHzjs,9528.217626457148,1121601,$1000-$10K
8yhLLyToL4wAcc5MPyj1fWaZs12FuQ9Wh2pQDqo5oM2E,9528.1860394347,1121602,$1000-$10K
7f69F8Qu5cYvExRv6hN2MRCcR4A6KKnFB2FgQdzyZKo2,9528.1807242591,1121603,$1000-$10K
EZgXEU4ScKK4BiCiHN5bMPynxqVdkiSsYvu1bnmyJNPr,9528.162116489897,1121604,$1000-$10K
8xtU3qiiktyZkzzHxSaagdW572YFgp3MYKvwbKHeUnFz,9528.106169706098,1121605,$1000-$10K
6B2hmXJS8iweEbrMx3gKnJBTmy32MyXahdvPPZGrNLg1,9528.061204873331,1121606,$1000-$10K
AB1v3B1VyXVtxXxZaawWmokhYHM8oPmv6kpDcJycyETS,9528.040939022521,1121607,$1000-$10K
7KLZamzu2YXDnUNsGxrquDeKj7hd2BrHUayorDA7G4jG,9528.025852400273,1121608,$1000-$10K
6KySE66jHNNd3Y3EVdm55NPwozPv2gitRTV4r9h5m4Ad,9528.023303183596,1121609,$1000-$10K
G6zY5DEyasLjtBGP1TQZ5GKd7PQenx3LTorsQzF96pKx,9528.015023516762,1121610,$1000-$10K
6oXbCJaDxoLtgp5gWSJPDwUvLiudyHibxYByhim3peMn,9528,1121611,$1000-$10K
t3Q5uTeujncBvMfonoe8AnpKPf4fnbciHskxc29BNGG,9527.95811963518,1121612,$1000-$10K
3mkDvNQrbc3XmyPPSJvEyYEkNHUsmpQ5t6srsoJyLZFK,9527.899681856552,1121613,$1000-$10K
JDPKpkrxnixQcYfjEYynwD4KKaApVE6Ct9ezx5pFf13X,9527.879802104619,1121614,$1000-$10K
kD9djhd3zc4aVGX6GP6iY87zyL9up6Nx8ZoWH5URrVE,9527.876084835205,1121615,$1000-$10K
3y717F4BNAQKDdQ3718PysXozZpzESebzyqf3ThedEao,9527.873650424655,1121616,$1000-$10K
2BqNiuqKunXHHtwYDiwkihCc7ZRCgZLo1fRmKb3kjPRV,9527.821882780278,1121617,$1000-$10K
HfK9Sv9z1GQNBHYLFuTmVoAKM1423iKcYfyKAhmPvHYf,9527.796225749922,1121618,$1000-$10K
HEQpa9fFozkZujQYkSNRwJ7e2ZyU4tKaizrmLFMfsLek,9527.795016800153,1121619,$1000-$10K
4yzr9or5zLBVKPcP8qKz8CVSbJS1tYSBX563wAsXmFAN,9527.733260718625,1121620,$1000-$10K
4kRGSyfj3kbxM3sRjJFfbkTjHuFFPR2QUyLEA8VrZbQ4,9527.722224509655,1121621,$1000-$10K
FM2pVSWzyfqvSJ4E5Jk4UnVUzzoERPnUKcMVLFwqsnDa,9527.709234479513,1121622,$1000-$10K
DAwhY35hVaoWxu94kcoceNZaX4XqoRY5jorzcnR5SiBt,9527.674124101799,1121623,$1000-$10K
56qZkbaVYRKjYE3F2JNRptWvHLcggW2ds7QzZk82XvFh,9527.660491850722,1121624,$1000-$10K
1q1oqju6xuwfNGp1qxhjKqm9v1LbdvDfuTeVpicA7y8,9527.660031208323,1121625,$1000-$10K
9i2QwDPcMccBPWMw7XK7ibgtxiVauNP5z6GFzTwnFea4,9527.620879653452,1121626,$1000-$10K
EKwZ3jG4s8RoyYc5AgbYL1xK7zGodZgDtCeGA7QgxvtY,9527.608298813879,1121627,$1000-$10K
C6RdCGLJZLoxH1bSvBnDthCdZb3aTdZgpN22zVeMaSGU,9527.571375806785,1121628,$1000-$10K
AsARv31RyZJ3qr8b1xmVyd22CmPXmGTmc9CU5y6rDkJN,9527.549056825455,1121629,$1000-$10K
9nbmxCpLBtLRgdGzZqeMqwKXp9neVXrtRLydi2nfe7ft,9527.536982857218,1121630,$1000-$10K
7W5eRGAWVMyKD4pYNwZaUaxffyQR2Vs7n58kAkPPuDLd,9527.463512309452,1121631,$1000-$10K
zK2rFvugU1BreQ6DTyUuqJ8oD5ztaMM5uaKdk4zZZiK,9527.458379613763,1121632,$1000-$10K
HxaFn1AqrLQNab12N2rc5YnZPYDn4zWRVcm1xvDSwieR,9527.450756423688,1121633,$1000-$10K
GdihaZxVdevDcmqxfWr6zumHdE2dGqZAL1w9NRAdEDdb,9527.43290680984,1121634,$1000-$10K
CjLEwm5FMRa1LXgFDQJksRKCToYyUrub8eGVJnQXSP9w,9527.428451707938,1121635,$1000-$10K
83FjCMYfsxpmwXEVtpYVMYpGUaQhe18D35iSj78ndrjg,9527.42840843343,1121636,$1000-$10K
GRHPsQLcR96EYG2F5GPH4g6NixjGSPDwX74R5xVG3dq7,9527.359730021011,1121637,$1000-$10K
Fx9xU65UaCFa4BgXRaxKqZ1BEUu5mQD8V3LRrFHidkhN,9527.358678512112,1121638,$1000-$10K
CY6VjqoWGMGxkcpuM6sN3R37skCbAEpiTwUgi9HgMggT,9527.347749803821,1121639,$1000-$10K
A3M8mhaDgApXESt2ihdAmAwNB5s75Z1unCY6p4wvQKdR,9527.34451304262,1121640,$1000-$10K
G9eKTpixH3JyDo9CrStaEUtbKospjgcuZr9sc1nBzeZJ,9527.33911244049,1121641,$1000-$10K
6B1WYx4R1uWjVqsVApmud3oNKGBotcnmWnBRe6TmmUno,9527.326764355257,1121642,$1000-$10K
8Z4XeUXxZyUu1ws53x2hYYT4Hyg49KqnArVqaDQmzzgs,9527.307199849583,1121643,$1000-$10K
BioeJzJqGWnBJ1rNdSqGsN3Eq4kmLxmudwq52Ag3Qcz9,9527.306911036569,1121644,$1000-$10K
DDxueEnTF6nEw4CNwvMkpdrdRQSdzoobtU85XwGsP5Bu,9527.30526503879,1121645,$1000-$10K
3Vzr8EdS8qjr9RSUWUojKL5EVZjzBX7wwqKtgqaC8hYy,9527.302376305539,1121646,$1000-$10K
7wLuGrANaviQx1PmEafhUyB3JLodcSG1ki52FE3C2Yei,9527.289007852298,1121647,$1000-$10K
5ExVPQLiRvmcYpfhMszx6dxNiyV7UpCwj8JcmkVi2hc6,9527.278764392415,1121648,$1000-$10K
4yXprKFbZrbYu5ZWfBNbRtxAcKYYQFwbLFt5Qa5d7t7q,9527.242628179516,1121649,$1000-$10K
FcCRzURECoRMgfNhE2WgdBWycRVVvULTKEYhqmpSdABV,9527.236830008746,1121650,$1000-$10K
BRE2MK5MZD7PMr9NYnodVbNHy9qPCiVMyQ5EyYmj5kz6,9527.234529010433,1121651,$1000-$10K
A2AMyt6zk2yh73Pd55tbAi2sJzZwpB53nVMEULMnu9En,9527.183644127908,1121652,$1000-$10K
CMJeM25BRtY2RtK3wWRwdAf99LFwzVEcY4XNvFMF9htS,9527.162539726252,1121653,$1000-$10K
5dyzmwh6Q5rZfQ6Z5dKFyGARrcb19p7bXWhb7QTcALGS,9527.15783807418,1121654,$1000-$10K
8Wf6nx6L71TNi7FLN22UmX1645g5Pn5Hfe3xM4Dd7erx,9527.102718203949,1121655,$1000-$10K
44XZ5Zoo2Arz4MqP26a81b83NynU8mPm3FrHhVe5ic2W,9527.089348367885,1121656,$1000-$10K
FbT4KU3vYCiQVKBCHqHB3YQH122W65YwjuziChXogWWE,9527.074381962833,1121657,$1000-$10K
omHEeMcSbSfLnJLXx1H826dxa7fsmji9vxpME1nSJXD,9527.013878644098,1121658,$1000-$10K
CqtJoF6t3aX7cxTNY9PAWbabR7QT6FGzhGBhu3pohvBt,9526.9992,1121659,$1000-$10K
AdEKqSgowQDrw7RHqx8ayfBYSx5gBiX348bmC9oRnHrA,9526.998426642107,1121660,$1000-$10K
BY6UY2RDer8ddaLqvoMZnKZnMwAUCm2SxXqEmf6tEk9t,9526.997999914835,1121661,$1000-$10K
E1x5W8MGhDcJyT4vPVVhvGR1n3JbLSBMcuZFGdo95fSb,9526.96436783578,1121662,$1000-$10K
GnmUSt1G6wQVLsfcy8V5tvQhjHFN3eEbtL9B3rdijYt3,9526.943008937058,1121663,$1000-$10K
Ck8jhzSUfpGguYSBfhjvKiidfGncESPFKgU2c5JNFg4q,9526.918086003894,1121664,$1000-$10K
9Bm84bC2WWJ6sJqjqbEqQLk25YJVjL6UJnR2rb2e9ewS,9526.916290727326,1121665,$1000-$10K
2j5fV9Acwm6xVyP9LRDu8VWQRrYirXwfgtmqDw2fxS5s,9526.868303923005,1121666,$1000-$10K
FFXaQhXnxQ2EWYmipgJDUGxhJdRicsrAkXbNyefoUFzM,9526.750425330145,1121667,$1000-$10K
8xcDyyfLZE26xRLLiDK7Vuqk1Jo2fUvgWKQXF9PGwfNs,9526.713612251908,1121668,$1000-$10K
HdBYzV3XNJfPBBRAcvjkSQuMeutxsjKBbk2Th7hz6ymL,9526.68739127372,1121669,$1000-$10K
Ah5afvy3aEokRyWUjBRVg1trVLYgrn3biiQta56FDvrq,9526.668197499543,1121670,$1000-$10K
ELuHNE4ueC5eLhbPnuk2dtn4vZKeytq2QaEz1RqpiJUz,9526.636240776399,1121671,$1000-$10K
CaUj1qaWYW3uH6FAKBuVmxGYwtuem1Dr1ZbtvPFqztt4,9526.630284923036,1121672,$1000-$10K
EC9zceScGWZALTBxykPC96TZUHC5hmAH9t3YFxiVKvBC,9526.604830963464,1121673,$1000-$10K
DVZq2yTkxXJJ5DMGJqfWg5oxi9VRr1tS1qd14RwCDDNE,9526.592085344306,1121674,$1000-$10K
CoDjdcYooCyc74NmAC9CE5RghRKHEUvbNvdstiPMUWob,9526.56944301164,1121675,$1000-$10K
42vcMbh2KSeFdW4nFmRDk9YYVTSf9qUb4K5JKHMa8iM4,9526.568398646757,1121676,$1000-$10K
BpBYAAqbesc6xrpM9dbRDx2bLQN6eGmAU7f7JyRHHsMR,9526.542945956719,1121677,$1000-$10K
6R4Y4tyEh833J9hDBLAKbCXVmCxDWcRFMUji7t71Nnr2,9526.53444747401,1121678,$1000-$10K
afVWjjPBEyBrCEAGAgtyM496xGRHwKd2aWHKsbqHbTc,9526.512305296592,1121679,$1000-$10K
GX2trA8KoCbJxK8udeBHWtv4keQr9uD91BEK5e6wHuV4,9526.495581413235,1121680,$1000-$10K
3ggoHoCZkr5anQNRdjuvFt5ErFABC4NbKZQPPD6VSA38,9526.488198487283,1121681,$1000-$10K
6qqDiR3fURznZnv9U6J2v25Wm7NPLTb2RuKke4eGiwS2,9526.477400595213,1121682,$1000-$10K
FD1HDB4e95Ei2NSEoVw6tnHDHnuMtYTFMuL6oXSsK3VS,9526.434404844334,1121683,$1000-$10K
7oWk2T4BdZYfi3ahKPNn8tXXKsbiMr3Q5sPDJDzH4wyA,9526.4328194475,1121684,$1000-$10K
BKRERUNKG1Kr2nskjRiZinJGQGdfzhw77Gre9T9m8obD,9526.395133490074,1121685,$1000-$10K
2961vpnivVAs511xFTV4ZXv4mrGxWncp6au5ZjJLDkdx,9526.383817231665,1121686,$1000-$10K
AoNeG3KhdZVEa3HgB8X4Bv5y4uzNjj6Rh8uw3kb2mkUE,9526.369054340052,1121687,$1000-$10K
9skiRwqmoKhCDVdajuEEfm7rG642jw3JtzmupUYPSpXY,9526.366372267645,1121688,$1000-$10K
ECMkAmU6ExVA52FgkNRxKq2w5uDZTazifJDag7Ma3mq7,9526.32769969153,1121689,$1000-$10K
939pSbEmRgbxvkp26KChCD5C57zPQKuvbrMSuR2AyzQk,9526.295131297114,1121690,$1000-$10K
5afCMLmxTMYWNbGejAEXkaH9nDTHYBdzsXNHzFLP87Lj,9526.282919423924,1121691,$1000-$10K
GL9JaMrVywdQ17shWCGN55pAkvjpTCyvcoEXf1UuRKUP,9526.271814788786,1121692,$1000-$10K
4gi69mW4n9HTPYsRVs5Eru69vj6fLM6h8Q6gu9VUYu8T,9526.257804120718,1121693,$1000-$10K
HRMuTnVe6bsHu3bJvXDb5xEpgDMCadtebudxHU9d4GFG,9526.255370546463,1121694,$1000-$10K
Bh3Dtkado8S5tJAxSWVKhYtBuhjRvXozR6sMQhxvBVvn,9526.25235137334,1121695,$1000-$10K
H9cuAZpL5ceHHo25jEdUFUzXMzo7NpFLaozY8pm5NSsB,9526.232802501596,1121696,$1000-$10K
HkS26HeF28VG9tarH1ckT975DceQpdCHbWjRYsjpQQse,9526.221946559679,1121697,$1000-$10K
FjmjGzDUG89WauCtHcwihbV5ntrjDKXcKy5V7qGmLsAB,9526.201128711331,1121698,$1000-$10K
2Uc8MFug2u72e5DuVsNtgd4zo4hNaqPqKtKQTfh7D4nu,9526.193051034274,1121699,$1000-$10K
DRkwrobSKppGtmHcavisQQusaFFvoW7wiUFxZ7h8sFjL,9526.105577263315,1121700,$1000-$10K
CZ3mkHhZrQiKHGX9R3ATtFXPBtrqJYviK49TMfMXsoEN,9526.095845715106,1121701,$1000-$10K
69gPVRf3CHmjTjgcvJuMsJGrCCLNDgS9mvTYZebQLn8g,9526.094759178995,1121702,$1000-$10K
DTac8t29e5xqako5ngPL9Ex47f7Pt7LjTzY6DYCWMKzp,9526.09252291109,1121703,$1000-$10K
ECpykh7Y2nSKUphery7nX6b1MzzW5nrnkBK7ewMcmd1p,9526.09073549377,1121704,$1000-$10K
74e63CLQPzZQyQk3zycZFhqYm6yTwz8tmdVx1G2Ffr1Y,9526.06631546205,1121705,$1000-$10K
C3KHnzAssEBWoF8nKGTpmi9PSUZ8NvQd7CGP9uYtNQvV,9526.005852143204,1121706,$1000-$10K
GJVv3CW9JddXAHDc82d4ZoVEK7bJn2UN2gLPUSW5NG6k,9525.969353321681,1121707,$1000-$10K
BKi8kP5wGscjpmZiTFaXig9mr8ALjR2aCetwntUpmzdB,9525.943703630639,1121708,$1000-$10K
CeLn8CZ8UxJpKc8eFeAoryvhgzZKksXwthSNhPjZ1T3L,9525.910471800991,1121709,$1000-$10K
59SPXDzZDa44YtSAiFkRtD1wQN8Zyn7an3ympWNntJL9,9525.8950916595,1121710,$1000-$10K
4wD26yH3TpeH5cw4YNKZW69cprhFLz5hoFDMG8AGaGoG,9525.876206780898,1121711,$1000-$10K
GjHrYHh4CBZHdRLej7S38S4y2RQNMA89PWrnxhSho8Ln,9525.793233641041,1121712,$1000-$10K
7ZRQrmW728aMBEtEEHVZg4qbmkyCn6KunwHH9PfUU6aP,9525.754814224278,1121713,$1000-$10K
DNq4yuG7Go7s7ACFTsZrXZQTEPuGHJsLQhXCsK78BRXd,9525.743832936761,1121714,$1000-$10K
66G6MaGn4nER1TcXRWSU6zu6BDcATyMekwcGiak4J4EG,9525.725265745012,1121715,$1000-$10K
51arPXR6paMYWUrtFEc1aq5Jx6qiarxpTbRu9gxUjbsv,9525.710893387482,1121716,$1000-$10K
9N6fauMdZQpcXNS8wPysd1Q7q8ipvZUL3w9or2Mq475A,9525.69937595063,1121717,$1000-$10K
5EDD6iGJ6EZTVvPXZtz3okKgS97CPzvJQNViBYoQ87jy,9525.66564286152,1121718,$1000-$10K
GdKECZiaWRiB3eBPzs2VX55cfEbh5MzZwYMvtKRxAZeU,9525.623479068703,1121719,$1000-$10K
HuUUZ5377krvW2e7GRawZQXaNrLkg6oJHoGkcnHpJaSY,9525.58726042209,1121720,$1000-$10K
48hAs9t68gtBqiuM6Bs6qBZcxR5pFgA9xvtf7whaE5zY,9525.586249852478,1121721,$1000-$10K
D4irLGCCcu6VEuQjG92ituwF4HDRPnvLMs4GumLZLrJd,9525.54647154892,1121722,$1000-$10K
5C6URE9QHed6TExHcupCMJ165S1J3JtNZR1AkdvQih5J,9525.52335878934,1121723,$1000-$10K
BArQrkEzfmkvUykKn3spMBkUiHY511j6gnrkqVN5P56G,9525.496201916689,1121724,$1000-$10K
9HSMjZKGBJ4x8A8sMd1Srer6aXFjZMtVX5kdKkbSTvRN,9525.489863891677,1121725,$1000-$10K
A5bvMpHRy5hYATT6jw6RCBETUAp5GxVvfFd4p3EgPqYC,9525.469917709968,1121726,$1000-$10K
3bg9mrXx35GFpn7TxaLrN7YBU1a1zkwo81BxNAYLMRjj,9525.46852273732,1121727,$1000-$10K
Cbo7NW6992nRtiwFeNkfKtH5SbFCbYrGEWyb6AmBRhFi,9525.432308929225,1121728,$1000-$10K
86qrewZG1qRHZaJDGaS4341aRM3di1qQi6CwefqR3m8W,9525.426845610227,1121729,$1000-$10K
KypWUekMSPkQbChPpkbjnuTCutEKbTp1MMVE9aoEff7,9525.411531819878,1121730,$1000-$10K
2giF6UL9MwRbxHzJzXnnhgNKFvjLdbx27KEn6CreonvL,9525.392696061253,1121731,$1000-$10K
DjbDzek23hQ1y1JG3vSfjgSu6Pj9LDytid6ey7ERLdnt,9525.381487248285,1121732,$1000-$10K
3mmJc1knDPdo9ah2hMxkoXwum5MDTcaHcBEKxKkL8Yxf,9525.3496583273,1121733,$1000-$10K
919DYp75WWMdg7WEmTBB7AHcHWjyZxPrtFMcpwFkA3HA,9525.324896381902,1121734,$1000-$10K
24FE5nVJ6uEQkcKKCoFP4JQ2v1R6byQn7SZ8tMVvXNrA,9525.302390418308,1121735,$1000-$10K
BZVun2t6xSgzRhM7XWo1QfWiyGigU4JaZoW1U2LDrmL9,9525.300876973512,1121736,$1000-$10K
74Xc9dB93RmA2EHYWSaAtzGjrTSqk1ytYJaRzRu73xb2,9525.278564409999,1121737,$1000-$10K
D4DpJ3NugpTt8xbYFiggegB9NuwMuMH3TuGZLKM6Gmoj,9525.26409492535,1121738,$1000-$10K
HrULh2hbHnWnGALuuVyPPqdgr8JzL9g4HyktEH9wDLVW,9525.249758291695,1121739,$1000-$10K
XXEe7tgcUxvBzxjXgEduPaZxTzKCfRDi3kD9dJgpkGu,9525.24709433799,1121740,$1000-$10K
UpbjfWzvkmYdJXg3EKUYcQL7PtisN8yMd5GKkGLDzNG,9525.21912767263,1121741,$1000-$10K
AvipfZjCcmiwM35W1Kwcy8mghyvuqXvXfHYdEwHJnRyP,9525.199538504321,1121742,$1000-$10K
57PbXpnVzddQTugJ6rXu5RVsBaR1kovpNCFF5ctEziYz,9525.178632165775,1121743,$1000-$10K
GSsNo8nMFA44bwStDrtxMRUtGXTLor8VGmWhoADeS3wJ,9525.166069519852,1121744,$1000-$10K
6SevtMtC72dwnFzNhTmRyzbc46pPSKwUfmZtJcKdzyyF,9525.153924901922,1121745,$1000-$10K
4QyqrWoYfkSpkCvaTyD8GSbZo81YZyxWYyn1gea5vV1c,9525.152336193934,1121746,$1000-$10K
5d5HPvtgTJ8Y3rtK9i8Zx9ZCcGA3FPqn46GAamyzhMWc,9525.128872359091,1121747,$1000-$10K
DXsuUcEdfjr8tqVhripBsxYEW5MHWDWtjb8LD9D3QVx2,9525.106414410177,1121748,$1000-$10K
Hx7CsSuvRYfdKmvvL85AQRJsCM6pnKfvs5LwcTExtmTh,9525.068361234164,1121749,$1000-$10K
4r51kFKKC24o3tuDLR4Po3whqtcZ96FFNyEQft9x6zGC,9525.005347747114,1121750,$1000-$10K
2Aw4rL28CCPRP7vULYCyVRRB9nKVtFVAnFVQ7BMJJ7K4,9524.962457511227,1121751,$1000-$10K
qmtyJNTWgaPVbpx4LWJbpgeeuKtrrwFb5postDKjRhA,9524.95252211895,1121752,$1000-$10K
BHMvHH6EJa1APx4gsn1TE9o9KjQ9bLHwZxnpL1rSaFYe,9524.884373489582,1121753,$1000-$10K
FWAUo5eqAMZbps9EoS4ctmG65wzYHpc7T9cpCZj9U8MJ,9524.834110468322,1121754,$1000-$10K
Fgs7X58MQh9g4xkgajTqpCP5LifM6EJVtsTs1TETnkkY,9524.82254722585,1121755,$1000-$10K
12vBEaU7npFrnrz5B43f34UupU2fE8wvykcYXcTQaoiw,9524.780047929085,1121756,$1000-$10K
5FfdMALQy8gv2hgkLoWZWAzJa4Wqf5MUuMBv1JEbne6b,9524.77,1121757,$1000-$10K
FTAkNtGV1B5LEJyLMtc3mBcLjnmhccz7Fd8XE8ZeVbGp,9524.7675609789,1121758,$1000-$10K
DEvxhKFTEhoJgFMZbmY1ibVnFgs52nrusf4huCw5DZct,9524.765255201428,1121759,$1000-$10K
FoTuo1QJ7STAswGCibtuyktuzUhDtZBrcbvW1VP52pqE,9524.764653855123,1121760,$1000-$10K
7FB64H7TeLimQV6u6UktfrYPyGzwmcYNmCSt2YVco2im,9524.76168631071,1121761,$1000-$10K
FBsfkyrE6LE7RLcCczQduAhgRUzFZpM5XDCyRGXFzmgQ,9524.750865139013,1121762,$1000-$10K
5sYf5XJ5W3wFxye5namuhc9Gz6voGiRm2pFbyo2SiSbD,9524.734250239226,1121763,$1000-$10K
DzWA42pgkvZKHtbJdY7KBRoRFqJ1aaVyGUuU7yoY6hvc,9524.70391997091,1121764,$1000-$10K
CRmTRfh4VQojSvStDUULW7b5i7RyKLccLvmBaTSVshEz,9524.695531864392,1121765,$1000-$10K
8fpPbCv2zXe6XWYFpDvwayJrgvpiEw1CifVuSLEYCJNB,9524.628647187306,1121766,$1000-$10K
G3afGzTRoSapC85qaoQQcGx3yW3BYYHUTs8PsH4cj9xq,9524.60137650914,1121767,$1000-$10K
D9ZBfoLC1quPAGgpXCJ2SFZB144Zi2iPcQCDNCeDFQVC,9524.588187936799,1121768,$1000-$10K
BUCNNxjXDEKgfUytKdzUZHocafHPnxSXkr3XeEbGpGPb,9524.58293601593,1121769,$1000-$10K
AbWJDQYRA6xZqD5fAPpJPYZzyyWFkBLrdewhLsgw5Mjj,9524.568963366553,1121770,$1000-$10K
AyGa8jBYeAfWUHxcvsMMYSnBUu9ZY8eMfQ9wpJrKRKCh,9524.538941551027,1121771,$1000-$10K
EDFpTU1YwrBaw31RFJT3VT8DwQ92kPGvi5HGK2Bdknq8,9524.53259781744,1121772,$1000-$10K
CXQCNnZcvFmfFWNhu6VM2qS4p4kdBg8Gfsa3ysPpknrC,9524.516853899895,1121773,$1000-$10K
A3dft8KZe8UxPEaMj1ZAq2J5Gxn4MaRdLaQe5pfqXE5b,9524.482026671823,1121774,$1000-$10K
2VDbNMdUoFUr9nz3K9G6arDTKqWY66SqBaFz2tsCNHcR,9524.454573726183,1121775,$1000-$10K
GL8YRXQ2Jwe9okF6vSwkzWsCRseNrUmxKyCRVZkqC66f,9524.443219764999,1121776,$1000-$10K
DBLsyggqQd9bKRBgvfc8dEYxwVtLWEnsVCtoKdGt1xr,9524.417948935863,1121777,$1000-$10K
2SR2xgsu3XDHMb5umAaU7e32eStTkLHP3J86XWPnJh6t,9524.381159043434,1121778,$1000-$10K
Gp66nf77WCs2iN9ad7fYDy1X57wuvYwKWdCt6upotQsh,9524.3583584773,1121779,$1000-$10K
3BGQfqDuGoAYm77VfHEupZhNeYz3vi8XtsMzNFsBBeCg,9524.35207233201,1121780,$1000-$10K
BRBxDPoDyNRJbHBs6CH9DZgxwkEvQggFL2vjf1Db2KSr,9524.326245469525,1121781,$1000-$10K
2LjG6k6b77jnGAwZzJBsakpXf1PwcGVe7gSLMe9vppZi,9524.323511034616,1121782,$1000-$10K
HgadY1Czv6iCtSCPnb7v8mRpnfpCSJnKVXQCBSGQX5ir,9524.307693981335,1121783,$1000-$10K
C32DGgg4K9wMaNXCyLP7vD1pNjC8K6oSDmjV5AURbUSS,9524.306993380123,1121784,$1000-$10K
Fs68q4UiBpCtAmA9tA7r8XDSwfwGK5EszBBPJq9pMHM8,9524.303871898583,1121785,$1000-$10K
DSVQC6G2LrgG6b8v9uuCtrphFzMCndom4z135593Ppek,9524.297133805441,1121786,$1000-$10K
4N2xrbHvK2LeTT7kTGrscgrPaqPocS3sBrEuaZYXVrgy,9524.290387075458,1121787,$1000-$10K
GTnVpGEj8PfG1cpaVxhm9SxcpZGaC4LTFrG7dckNoE3X,9524.285883403823,1121788,$1000-$10K
CXbNyGc5WJnhG889g4TRohBo6kVGyyzBwqRtBJtdpDcK,9524.28330160854,1121789,$1000-$10K
DLFGBWrDUGWfyRseAqbo2Uj7nuuYFNVnwnm9ihwb8N5n,9524.251645638884,1121790,$1000-$10K
GQgNW3y2EPZ6NzFz6yMj7pfMtUrS9p9UZjLUs9BMCEA6,9524.241847438803,1121791,$1000-$10K
DmWQiFpn65YKTgB4pug4XycKRFDWfPSov9vPN1YnBF1w,9524.24004495036,1121792,$1000-$10K
F9vmBr9jJ7ADUMs8r2DjV3a3MgxowtEZKuLeNTH9LimW,9524.237660260722,1121793,$1000-$10K
C2zTdvDLq4PJLDjzVky21PqNMp1T3DMmcLFubB5RZAbC,9524.230486628077,1121794,$1000-$10K
FxbYZgzBFG96TEwW56SYdJDNTVhLP9PpAkDLozTY5a9D,9524.190114251061,1121795,$1000-$10K
z6DqBm4kf4BjWfyPJiXnxBpstdDLZtLfyieQcMpv3u8,9524.120161857678,1121796,$1000-$10K
98Qvd9knqY1jbGAQszTxK2nYufxUrxSvpq978F8m96oV,9524.11898296098,1121797,$1000-$10K
4UFZE2BQL9JCnDN8v5sF7A4L3gSWsTWyxUzpEPZ5ZNaC,9524.11737111062,1121798,$1000-$10K
HtkarAfVNm2mczgTTbKPSybVEyjb9CHQT4e9GGUxb4BQ,9524.1008430485,1121799,$1000-$10K
6zeY2M2M5pm8LS8kZxmMWyJBJd265ueN982j3ieFxycu,9524.083325908008,1121800,$1000-$10K
FVcxKnYn8B8sJq4nvG9uEeNGxDFgjjWkFo9Dt5is1LTM,9524.081872344495,1121801,$1000-$10K
9C3yqid12gm7Jwfcj9LstgMmvjgsA8T9VPdQKcYCKFrF,9524.07767445202,1121802,$1000-$10K
4MEgffDY1X12tVNKqXzduxhEbUHX7dXGY2Dd3wbfJvdt,9524.049525477154,1121803,$1000-$10K
EwAwF5CM5gQqeUjL4cun7KCfFJfHuPem1mSNKvHpFaZa,9524.032180072234,1121804,$1000-$10K
7he3Dkv8xWxQf3BeCUQCBkJjKKu9tyP5ubmjej4MwsrZ,9524.01904840878,1121805,$1000-$10K
Er6Ydo3mP8bkMYLZf9rXhfptxJQa98GxN5Hj21czQwVQ,9524.014941505488,1121806,$1000-$10K
4nfmq3yCt1RGxzg8DJMDnyd5xQPdc75WxxXoUWYJpqxA,9523.99405337788,1121807,$1000-$10K
6pWThE73BaVUs4PfkCT846uF99hTXenG3vVU4Mjyj5mr,9523.99310573574,1121808,$1000-$10K
72TrNpG9gjFy9aDRCsfgrMNPRqWE7iXj2bEkfmvhSyVA,9523.967873547701,1121809,$1000-$10K
7RfQwgB3vUeaCzGNkSCCJ5p85cnBLb8dnHUmJtU8nXQi,9523.944033582507,1121810,$1000-$10K
GH1kFbDdjEcVAUsN5AeogLs1afzWMAdxa9c47JV2RusZ,9523.91737207888,1121811,$1000-$10K
2YPm8S3Yq6kCV72kKWx93yM6uCvi9422ScSD8D2H6zcw,9523.911771810564,1121812,$1000-$10K
GtiPEjNLDYDZYxnXxyekm6KaDApPNReWCFYD3oUcvUas,9523.906059200697,1121813,$1000-$10K
EaH9xJvZX5kJqJvxPNoU1TbuBCM8pcapAEKBKRi7BH3s,9523.870570937785,1121814,$1000-$10K
37NVmDsUgQf8pBkaRmvqHjia9T1H3NP9AMFNb9n73H3v,9523.849971878544,1121815,$1000-$10K
6wbCzTS7dfkectJYamxyW13VU8JiE94ipbvtwMYXgiLE,9523.83096735888,1121816,$1000-$10K
DhBMD2jmawNXeXPCXZ7oobZZF9QT6V7QyKDE8VkbC4UJ,9523.82523851528,1121817,$1000-$10K
2vQjZr7v8GnKNHHfQLgKYVpZDjL5X8JXKVyUpmdpvpTY,9523.823980026498,1121818,$1000-$10K
3HbfR2ciJwrAHU3pbX1nkyLGqcD3XSpzRvvC3t4Cigce,9523.809639403573,1121819,$1000-$10K
CJinAcyrBSE3yitU7zQhzWYqrYp8hxHXAoCBeUTesVgQ,9523.80613922416,1121820,$1000-$10K
DqBRgCCwST6sKTs7BnxwFFikdy6zKcMkXxzG1pa8JkFY,9523.799379375718,1121821,$1000-$10K
4StpXoCCzNrPPyjbxmkHhcy3zQzc7889hLEq93nFJg33,9523.776224714376,1121822,$1000-$10K
81hJkotNjKcqJk8sZaFhG5gjYrhdKbe2r8vAjxkdYqMn,9523.762976575277,1121823,$1000-$10K
CTgsoiQtKAcaiPwuj3c8txRawZb5CJ9umiDGmNkAj6m1,9523.703196992792,1121824,$1000-$10K
8a4e44Auyvo6zf3AoF3YjZiGG9m4fXCQAwZhff8aJWbp,9523.700989330406,1121825,$1000-$10K
FNtYrQHj43vHJLTf2R5LZSxB2ParzcURo9t34VDT3GUM,9523.681291631317,1121826,$1000-$10K
inTi73bKUH8f3Ni4KrM328Vywudubx67PPDHM7D9L1N,9523.661968709122,1121827,$1000-$10K
32vg22qFG5dFsN1meqk6HXXV71mAdJvHu7fQvA1WX8S6,9523.639336344037,1121828,$1000-$10K
3Xv71Hbe888yDWVULtDscmKzu5EHQUSjwwXCsykK1Lv7,9523.623480534658,1121829,$1000-$10K
sM4GCMTWBAEXBhpLZ7LqJ151Uuz9iEd7XSRg6xF52h2,9523.601131047448,1121830,$1000-$10K
5Qg3MytdP9juvwvLUtvioXJfpUhLnQbox7PGr1ouGJ3C,9523.581293903511,1121831,$1000-$10K
3LYiK3cF5S9TJY6c53MHkjNTCghAECgUNBQza83GmpEL,9523.570211939126,1121832,$1000-$10K
4SkdSPQJ8hKUg96s9bRwhnK8TzmTgbAvA37xTEL4YyV1,9523.5569767449,1121833,$1000-$10K
5sEyomgL2ewmd3W9kQenoXsgk8F5Gcn5WyuDegiSep8e,9523.533307321959,1121834,$1000-$10K
CBwg4TnjTmhzP9eezYC6Kmp3gnnKQzs1hTD5HXtrbMwv,9523.50799793849,1121835,$1000-$10K
BspqdCGqK6vSMMiNnVLGJTEHSYD34qQTVMqcWwDAoVt4,9523.481778161435,1121836,$1000-$10K
7XTy8rRoZjCoPKN3Cy3TFxUme8q633Lh8YRfhHHuq9PK,9523.450586342618,1121837,$1000-$10K
2TS2oeuVRdNu6a6mjqwmNH1ahohtf5y3YPyhzj9NS3PD,9523.420302724024,1121838,$1000-$10K
Aa1rHTtwJcQyXwjNCD8kZZgMa8czMBXEFDKUuNLhBsxG,9523.40258230917,1121839,$1000-$10K
Hf768v3ZwYzbfiz2czzv7SgcuhRYonypJfNJLpzfn9Ty,9523.401821334348,1121840,$1000-$10K
CxDRMTULLYDxWz7855NkfMyZhAgrmPo7crb4b1DGjfAx,9523.398087478105,1121841,$1000-$10K
5xaM3Rx45bTNoRk4kJRR2dY5huA4Ndv3MCaBBK3TfE5v,9523.323116124437,1121842,$1000-$10K
9GvoMbb57kk61ssriPrcVroLH259X5jz4J3w4K3pDWoo,9523.300463612815,1121843,$1000-$10K
BuogphY8NWxhj7zn8rMZw8A3DjDut4H1eJkJppqTgMYg,9523.28981506035,1121844,$1000-$10K
9idk1SdJm4fniL5UGEeuNfiCkfcwhfXjXrfV8gTgdoqf,9523.269904238012,1121845,$1000-$10K
39eju1wPvLdePNjydSNv5E1ZG6kJmRFZxGfg8JBettcc,9523.26004656081,1121846,$1000-$10K
BckyAppBfSfo7g8kW5KmgnDvuEQkb277xr2zoqN2ESAf,9523.214302757688,1121847,$1000-$10K
5LSDVcZ7tui246FzBFBdvFfwU2PAScDFfzxDLBtEaMso,9523.20877390853,1121848,$1000-$10K
Cr24rHCHeVEcXNzLcsgL8xFKcRk2aeaKvG8S1FG8ZnfS,9523.200842125842,1121849,$1000-$10K
BFoX74q6E6wS94Fy4Mm1HLsqnrD1DaUiCSGn84BuRnnB,9523.173397126015,1121850,$1000-$10K
CFb569XkBxaNpCy1irV7bp3K2Gmujstz4KySMj37Hz9f,9523.173175875829,1121851,$1000-$10K
7xb4W8J6vbGbyLWFqTFHwnpz7piH5HDei7YM3ndpWkgS,9523.15693895871,1121852,$1000-$10K
DJxaRW3LkJ1Xq8A5a3AhddRSoqnhVtPHnXCBrUkNfj37,9523.154632463318,1121853,$1000-$10K
FWu6th4f6T22vDrbd5YJArFgvW4B7739aWtUjYJCXN1r,9523.143795352702,1121854,$1000-$10K
FDidL8rmafmi8oeuZxSxaMz2CHid5wpXChuY77d1VSVq,9523.120232289253,1121855,$1000-$10K
3rQx3T7fVS3PZgCKoMs7eauAsT6negNGnBfqemv3rCes,9523.11429938511,1121856,$1000-$10K
49pekQkSZb5dLJoxjUwhuZ4rktZo3ABHyD9WzEvG3D1L,9523.10877139806,1121857,$1000-$10K
5scwv9gwXT7hcEAXS9eKy7EGZhpnguW4SHqNgTH3AqXc,9523.105240205956,1121858,$1000-$10K
ABR7xomQMnFkhgHCUGBBbhSSTqZizrLz1QAQXeyDsu8X,9523.10478439703,1121859,$1000-$10K
6dJ1YfvX4e2ijNvh1smvieRpSzWv8HNFgaCrVy7XWCDs,9523.090180469746,1121860,$1000-$10K
AsYWavtnT8hy6fp4ZCBiZ3FFv1LW19o7kDNppsmQxwUN,9523.03406608228,1121861,$1000-$10K
4DBp8wZ2DkvD4ZJh9vAMQGPFJ5r2bUvCv3xKtFeLbQbx,9523.024659101324,1121862,$1000-$10K
HhzKZTjcFsWHAAHXeT8YWRBXo71PNeVLq3kBhmRcmnmJ,9523.014702050259,1121863,$1000-$10K
9Rb4vqsRaJnRZ8ehoL4amHVBubun4TYExJQ18M4yosWo,9522.999002937897,1121864,$1000-$10K
H75fcNGVPqe8981SR7gWP4GjjRvm3xqgQUQ4SP7UiS5N,9522.95221867136,1121865,$1000-$10K
8NGJArYD7bchD9y8uXjrxoSFvfog8SfrTSrwrnfnHF9U,9522.949550273886,1121866,$1000-$10K
C2bVEYdxrnTZVKDc9hpQvwN7ffjJ5H24uyUjyn3wxQMA,9522.944074136794,1121867,$1000-$10K
ZNycyNe9Y1pMGq6iCLnEnNhQAu6ChFMLEUqeyqwmSAa,9522.941812149002,1121868,$1000-$10K
5ZMz3Z9pREtZVahDpCHCfHigxKG7mTUBFZa4KAJ4ikWy,9522.937912256451,1121869,$1000-$10K
BWc5YNaMGLwC9H2D6qySevG5fx1GeUG3xK2ogsAp7mB1,9522.935312531346,1121870,$1000-$10K
3hCB2UYYoqPAx88EnyKpKih4AxqyJ7prdpb6hzjXY3Gk,9522.881064563173,1121871,$1000-$10K
BHRPo9EbZGtQbiZfTiEJX765Pk8DB8VFun96ZwQXcXG4,9522.877160321466,1121872,$1000-$10K
5cApkLzaUWGGwJaMBFteyrxHhfJcQvyTkPN3ku1dY5gd,9522.84972040381,1121873,$1000-$10K
EbuCzBNhqPBazswbxhtnnBd3aPEtSFrPJt4dYEdwJPAn,9522.842874145274,1121874,$1000-$10K
AEuvS4PeKP7FWiFGS3qu2ahpXzFxF1XHJ1pAz6CYaKG6,9522.786767421214,1121875,$1000-$10K
7FjPe6opwdHzK1AfbezZAqFJJyTMdqgKgZFQJ5yyhMxz,9522.75433734227,1121876,$1000-$10K
nJknQEGe4BRxKfVzRZhQXAcMeAMo6SDjadKHzyVwuGQ,9522.731978991595,1121877,$1000-$10K
DV3gA13nusd7hudoqPELi8SZkBBtRKDwbcd5oHNW333o,9522.725091192371,1121878,$1000-$10K
ApZEYMFbgAKFAgooQMRWYDvduBuNff3jhcUgBKhDod8Y,9522.65559517767,1121879,$1000-$10K
CdPY7vcwXsiwPGpqmGbWsxj9mz6ASmnuPHbdkQR7VnJH,9522.655127166816,1121880,$1000-$10K
6vKuw6X5URFZfUHL6ov3c7pAATZhe9HoDbgwvDtWqLv5,9522.653198422331,1121881,$1000-$10K
Ff5iTDgvGbTvSsbzdNfA84CDSneDqcrtUiFDobVAFusN,9522.647893261268,1121882,$1000-$10K
5F6myF5P28CUgVuDF8GMHr5Pq9VPdW3UKznWEfaLeu6w,9522.642035322202,1121883,$1000-$10K
AahusL8RRkhGZGJijesiBGQNJTYexBMSwqW21wX24wKp,9522.6194839091,1121884,$1000-$10K
BugKZ1nk4mwvhWE7YvpXFexzRWcJHqKFDhmxaf5xqSY1,9522.592563564793,1121885,$1000-$10K
5bTB3JcNH9DoPrwRGpujdsTMWHbD4kWRLXUTjetWtZaQ,9522.584883587417,1121886,$1000-$10K
Hbj3YpPnqGQibzvoVTv7AVFKeuuEUEAHGDLxh1YjYedw,9522.56500329975,1121887,$1000-$10K
GsAPtz4xpN8fqWyFa11T6dyhjne1oB5xT7CvoG2dHQn2,9522.562792478093,1121888,$1000-$10K
5wWerSoTCX2qXZRx7GQBaLGUqQ5M6W5AKmUs2BiF1bC,9522.55643385782,1121889,$1000-$10K
4rhBUMtUZd985siQD6bF15MWynUZpxMwtEF3nYXZZffR,9522.55516344837,1121890,$1000-$10K
GQMLjnSvtyXC7y7mPZAPRDGqFLacpSACHN59Q93L6W3x,9522.551339280295,1121891,$1000-$10K
HtDtisraEigpbEYpmY2YMpqjd9eEGMHRNSV6SpgL1deA,9522.500744153085,1121892,$1000-$10K
HC4QDPhmu1cL5b5c7yX33LGk1WEg9oNvJnQC9r1V3Q7y,9522.474174460122,1121893,$1000-$10K
9Y5oa6XVxvbAGUgh758VSBiuhLPQJT1BjsKCmnsX7iDM,9522.435062811028,1121894,$1000-$10K
3yp8HmtkRPzSN4TofEeUSUtSo4hDwPQXCMoDsAHUnFVj,9522.401941869739,1121895,$1000-$10K
DBTetNNVKn6icJZYPCn1c1Cskv4foqgntDAWM26CM8TH,9522.399530103976,1121896,$1000-$10K
6ArE4M1LKWwp9SAtkbgXTZTdHqVgAEuDVoDiypTEBcLk,9522.368638264048,1121897,$1000-$10K
5CZHwSxe98ijYyfj1KJrKaUkHzRHmko8voFyRm2CmX4J,9522.360384902177,1121898,$1000-$10K
BjXSGoSEKMmCB67XXUYN9amS9wrQfkKhCqZUKYbQ2aw4,9522.345153592516,1121899,$1000-$10K
G2C3R2NnD5MzZQbv8J8zo4C9ixy4Gy9EwTaUhe2XhmDt,9522.326143275252,1121900,$1000-$10K
8PzH6NwsNaShWJTMTcvDQ13SN4E8iMALrCGG6FDmhkW7,9522.303364484222,1121901,$1000-$10K
CmXgqmMCSg8S7cKDmtFo7FPHnX6epb8ME9YEsYm4iqGy,9522.288225023081,1121902,$1000-$10K
DUPkfh7w4uiiK6xzAxpT54dFEpYj5RijqQyXj7iLyE7W,9522.263555274925,1121903,$1000-$10K
9TQ8dV8TvKWBTt9XtQxZwVGq1Z6jC7AsXWEtDQTGzpRA,9522.251070293702,1121904,$1000-$10K
CGrNzez8NPfvHKJP7bsVc2uGxZyxpEiGm6AVWbQFaiEx,9522.24000902324,1121905,$1000-$10K
4zfQjBGK5ymzaG7RbEYiyNwz2J7VNZQny6x5L58cMJaN,9522.209960152535,1121906,$1000-$10K
6W5Xh1zXLPhoUqTrALDqnNBqEgYLMzHqJHqg19jYsqkZ,9522.205783046798,1121907,$1000-$10K
3pwrRAGikUrSB9uvoB216hGxPRPkMXY9Ljg4ma7jLgiz,9522.151154360025,1121908,$1000-$10K
4sKd99eApuee5rMxEjpqAytGBBQvv7i5nQMDr4m8BpLq,9522.149848321389,1121909,$1000-$10K
Ae4mVfE1NPQYJwdnfn4tLNYFrjKsQjenp25zMZcbFUAk,9522.140791212667,1121910,$1000-$10K
FZ4ZXwceVhEL898eH5eWyNPKPupfYd2GfGF5eZ4ntU8R,9522.116207459503,1121911,$1000-$10K
Fof4Cz9JzcMEVUD7r5dtcce2r4aCzTQA83eWEhF4cW73,9522.11495685408,1121912,$1000-$10K
CpkDrmxjvFHq8d3dcZF492mdnksgHfQs14WP4ZRVHrEc,9522.05811599414,1121913,$1000-$10K
72BoSymZ3hihuctU8F6Ufw6fk4oMFL3k3zQBPVCN35tb,9522.054088710396,1121914,$1000-$10K
9MRkxe2Q6SM26QPYsJ8udAKUGqxHm6zwRETPeqaRNwiZ,9522.015696642007,1121915,$1000-$10K
54iwM35Uqoa6UBki3TwcvgWXUQyQhQVzjRKGY26rP3oC,9522.007205981961,1121916,$1000-$10K
GhuGUsiGWSk572tC5pis6QekBSJkZRg6xqfAtBPTQkFx,9521.985320549413,1121917,$1000-$10K
8zaofz1DiadWCxaxQWzVDJ3mYoVr4VbqAcnkbAhGtuQP,9521.982186434181,1121918,$1000-$10K
CyCsZbo282mAXN9YYc7kCLkMxNeqVJ4ymJj413HsVwhX,9521.970569384848,1121919,$1000-$10K
2sfvJBXpmiPt3Q9ZZ5XaTPMpWGQAUdU94n77rtqtLW68,9521.959730915038,1121920,$1000-$10K
7NWowbFWxAejtmxvgnxwcXQCnchr49MVU6prDn4ayiVo,9521.907089694276,1121921,$1000-$10K
4Bbot2kdNrUWnvkDm7YvjeCPFpkNRB85MW5Gb17bKVQQ,9521.892027825881,1121922,$1000-$10K
GThnWhUM5N6D7dkfDCVBjQDnpScRY8p5AKyWRXvM6Rr,9521.890112823046,1121923,$1000-$10K
DPNqbJuMCQ2ayRkjaUtPn1JciWRn1cdTBV6ZNi55WopL,9521.885401911943,1121924,$1000-$10K
3cSALDZA1FeqQ9aEqt4whPBS9Q4MLrqntHw7gQfAdnQk,9521.885233410767,1121925,$1000-$10K
E32eitJdbj5CH95vvtp5LFrWZKKAH9sAZ1wc6q7DBb4D,9521.773646431942,1121926,$1000-$10K
B5CWkDJY4sAYPcy35LdcepMA5bee2c7AmfiLdhWy4Eee,9521.763268939438,1121927,$1000-$10K
6BrJwhzQyphupkAdzGX9peNFZ35xHzY1Wzn6d93gjsWT,9521.763094375305,1121928,$1000-$10K
GWepGcY5zbiHNtaz4K8xcaomZcHhbkjpDn5HVoaJ2z65,9521.75498042453,1121929,$1000-$10K
882HFhP7Gn6NAbzYenviy1b4gw8yFqoxi89buqezWwin,9521.750358388661,1121930,$1000-$10K
4Bs5pVHUEKz5uLFj45rmzoZpcz3odFhd2LazAcHbfgHj,9521.741259706536,1121931,$1000-$10K
8oWzbx59wXdwd7pLoVHtXoUCcy2NzxSm7s5aDvcg8BXF,9521.720686255774,1121932,$1000-$10K
2H35NTga4PowAqfEcZcSFLAHURvKe91f17DnVEVCVas1,9521.718060071238,1121933,$1000-$10K
8uq8kWscA3NrccHHHaQjM8EeEHPqNHnk7qAFUrqfLS6U,9521.710826649209,1121934,$1000-$10K
4NP4wuQcNjap97q6sAKQZ28D3Sp1ZDQAjWJjR4RgcGe5,9521.709836478665,1121935,$1000-$10K
3qLY9Br3TZdG6Y1ot85ndEAacHrZY8ASig7MBzX4wK6w,9521.70047092634,1121936,$1000-$10K
G2TPsZh2mDmcBMWRwhzdpd4o9YrtwnfAB2t6fwHDUFk6,9521.685819036175,1121937,$1000-$10K
6zr9HZSPgEPyhDoeQQAFKFkNZFXfsmZdk7XLHjcu31Zn,9521.604880457166,1121938,$1000-$10K
CquFUZJn67copnm2cKkghHtNDMd5111HDv454zJ5a894,9521.59173689941,1121939,$1000-$10K
CnwM6QU76Y11Xe5u2pLD8BroPT8hfTEU2AV3gcTynbxi,9521.586157134241,1121940,$1000-$10K
CqUhc3d75APPqpcSyXPUVpubKEQVcfd1Nk1wZerLGcix,9521.581296406323,1121941,$1000-$10K
b8Pei2fqQtJ4p6HXKpUtPK4EHXeB7DBRp3N54CpiU3R,9521.574708642875,1121942,$1000-$10K
47YUPQ7PWF7vg4tY8S1N3UuhxZaKQPBzu3gsEDu5oPGz,9521.561826911131,1121943,$1000-$10K
8zGZ5tSCepRHvefjsKPewvKzgzfsxdRccGFw9H8VrW9a,9521.546360488393,1121944,$1000-$10K
3Me89m2KtC5zzz7nWtQBvpmqQVYNWkpD8kNz1u2tJvqp,9521.519883178584,1121945,$1000-$10K
3ubUERA3H4pnJKNz3jN2d4AJc2uRZHbEoawJPvhp2MET,9521.5,1121946,$1000-$10K
CKxEWGBxRhNT3vMhhAHFFPjmruDMM4rqXUbg6gAEYEb7,9521.48997335486,1121947,$1000-$10K
BN6w7ySwJAHfh2Xrm6kyv8VHkTaQAz5YkQxLWTTFSe9v,9521.481215615204,1121948,$1000-$10K
2jqtWMhQmmKBgHhkdD11YQ1egJW5jkdxDe2brTJzgppi,9521.465616434438,1121949,$1000-$10K
Bd3y3xbexNoo7knZz4eMxZgdoZCscuXedJHmW6LAMgzr,9521.460512072203,1121950,$1000-$10K
D7ACxHcViz2cwYvdZkLew7L4TdYizjghW6oNUMrkztNQ,9521.458706853857,1121951,$1000-$10K
7xaBkYSP7wUqzR6wzoCP9nvgLkwvKpgdRbb6UCCcq3ET,9521.449046313297,1121952,$1000-$10K
BNvCmw8PmscL4PwjtTU4n21pNQbXyxbdw6ZkRZVFgVBY,9521.39861707411,1121953,$1000-$10K
4mDcXPZqxvV5d6eVpVpfD2DFdz4u2q4Ms45ReEvyTCVz,9521.38926597273,1121954,$1000-$10K
7tDjqfjurcxv613PASytJptPy2XBaxDuZbRw7LWtoXJd,9521.378979122259,1121955,$1000-$10K
45kHGrcd63PfTxHM7ENbuBdLA2VFqgWth8Z7Qz4BoTaX,9521.371731422436,1121956,$1000-$10K
5xjULdC4pgzNNdoyxrZnaMPUzEKLcKCJjDmVYfaJiYcF,9521.367199315502,1121957,$1000-$10K
EkJEKJhvhg7B8MC6fA4PiNEWcVB6DTzsi46YsiyjsEn2,9521.344280950521,1121958,$1000-$10K
8pThhmPZRYmpfgTmQfMzXca1u6wPa7ubWDiUd1rZZ4Pd,9521.334612931983,1121959,$1000-$10K
CvnY1wCEBquKiDof1rJZWEtzoTeLFz3f3hipSqtftCBL,9521.30143025567,1121960,$1000-$10K
8uMm56Smiump1B6sTRsvKjZwkAeuDajQPngwJKPWVR6U,9521.289392874682,1121961,$1000-$10K
3N48PuFsVmuUFprdfndhBBYXudeDxXKp72zLRdjSFcTw,9521.280711811753,1121962,$1000-$10K
8CP5MidrqgfmQwAUTR5rnWmZphFVNA6zWXjEdjLP2MGv,9521.271383708003,1121963,$1000-$10K
ETQ1iLfqPLGGMYyUv3nBfHF6XvVhdPYbF5BJEDQiCPcz,9521.270397772314,1121964,$1000-$10K
2TJMBnaBcL57dav3GG5QRJ4N3Le1JNXFmMiP7VJEkF7w,9521.262011222654,1121965,$1000-$10K
EHuAi9F1sh1v8rSeEcG8f1QAB1u2rUmTebguYum3omS3,9521.249145626753,1121966,$1000-$10K
8uCMdLqx98i5JBMjakrKw7uvr2n7LLocuLDMnDPJCtLV,9521.231520858932,1121967,$1000-$10K
4cA6FfoAbqNYWFi8k9Yz8DXSZzDXZzP83C3rMZmo4BML,9521.223881449892,1121968,$1000-$10K
C9USCCSpmYf6vfvEuhhXWexrLRCw39og5uyDpXMkE8bC,9521.179481024257,1121969,$1000-$10K
BZVL6gpRgT2Ur16ymPPrdNYNRQ8sXoFXJ44Gx2vwtXRT,9521.153049325452,1121970,$1000-$10K
Fmedu9fvHC4Jn5CUNhjse7meGLpr3wBjsWQZ625t9aoU,9521.125222932924,1121971,$1000-$10K
8ZZNn2ri4XPfxrS7eiFEhtu9U22jQCqvch6oU3bs25xU,9521.076312548523,1121972,$1000-$10K
4hccFvsoi9ANFznHSfis4ofznv45tr8aypjWRyUs9hKH,9521.060429463912,1121973,$1000-$10K
3t7VtBjc6mWAn9SB9RBLcuPBtac8gvTmYr5E1TDqxKdQ,9521.058228898144,1121974,$1000-$10K
9kvGXjUeDKyBEUajaz5tMrqMNNRLJi5VmdnvGw7Fd8eZ,9521.0563756577,1121975,$1000-$10K
JBTuzKLYd2Cz6tXsQ5M8Ut1CjGjC9rnU2N76X6KaSddg,9521.044812649594,1121976,$1000-$10K
6f8csnazmVg4TdcWbK6GCfASh3nxEzHkEJF9jr9kUdHV,9521.043673802726,1121977,$1000-$10K
J6Jrz6KLGXBGL6Fi3KMrtLZYA589BNB1CMUBj9kDqPju,9521.024915607783,1121978,$1000-$10K
ADhDcNmKUwHXdZiCq8AJaAYXgDe2vqCsdKa4Wo5Q3BpS,9521.0193082802,1121979,$1000-$10K
D5jgrVzGT1U7X2YzhhMumAF5yA6cnr39SvvNnepAjfuz,9521.01305163894,1121980,$1000-$10K
D5SJTCprUEWAryssfQ2md1JZs9t88S2ZgRtdTX5n6ton,9521.003365113182,1121981,$1000-$10K
8P5DzFkmTmAJSvUo1H4SpwEFSHKRu9FHQWfDyqDfA7zD,9520.96454854252,1121982,$1000-$10K
7W8q9z4yqTWNeC9SqC266JxychJLEHMhGK62JijDK8hF,9520.963285314241,1121983,$1000-$10K
2uWmWwYeHBeCuRNnsMnktmismy7z8Dn2KCoLiFbK4ZpV,9520.962708401239,1121984,$1000-$10K
49VX7dUELaAEz16LYbVLEFYtQ8sogKAu3o8wQkc1rnQD,9520.952743847349,1121985,$1000-$10K
Bkr7R7zmT8m4URPqLPm1diBLi9nKZf7VECbN1htcHVim,9520.947985518727,1121986,$1000-$10K
FypjCtxNWKxBteuZLR2HpPkiJiVYkg36DnHEv6rMBjVo,9520.920691236777,1121987,$1000-$10K
BynBdwtA91A2e8XF8jPBNjDEj2jHJKg3YjfgE4tkb6YK,9520.87418645553,1121988,$1000-$10K
4amCJC4rQKnSoSictmajRxN4MmEEtL1BXDif1PSw6NfZ,9520.871245745786,1121989,$1000-$10K
8G89BobSeHAck8C9wPNXG1RKYoLKhm51Mj5EtviqSmKV,9520.832299640513,1121990,$1000-$10K
9tQLnox5hjP8apy1Fm8Z4LLHn3bP7Ega7NmCabHaXje7,9520.809712141629,1121991,$1000-$10K
4UvRNvSHSnpxm6CYaEkmnxbFjdNov3sGuUga273RB5hm,9520.789966391652,1121992,$1000-$10K
AcuoxoB8azjTyPFrDM5FV3Q2AcvAz5xa76PJaLxpeRpN,9520.784816192921,1121993,$1000-$10K
9o1ZPKKVm9VWDGfh64ZSqj7KM3smMPSrHaZDVLLY6nKb,9520.781007290716,1121994,$1000-$10K
FHMxsfXPNsnrQprovrEAV5GBLnno99cmswXCU4vnqNCc,9520.749919826532,1121995,$1000-$10K
3HsA3wQCS539Xwp3aBzLxLzpNEykKiEtyZVNqhDK8ewa,9520.747070786736,1121996,$1000-$10K
HQcP9jSKZma2nx2eXs3r92cxVYibZj4fYcUBzUAdUezt,9520.742237020691,1121997,$1000-$10K
FEyQ6ZZAm4ZhBb98kZKHUWxkoqLX5k7RznbnE2ucqruS,9520.73049376231,1121998,$1000-$10K
N7N13Anm4Dimg31HUYf5BLTivYCrxrDJrXeAgYYN2mN,9520.681723896867,1121999,$1000-$10K
EsZMotaAa8S62Qh4wHw6qRA6MvHjKuYjgr78xPZfL7Uq,9520.674412184315,1122000,$1000-$10K
6kDoFpBz7UvPYdShaExwsWsWvWEjQHoejai928qZk3Vk,9520.65237392265,1122001,$1000-$10K
8wmqtFXdCUGFjr8UpsakYSirUFePb6mRBocMk7cvEWqs,9520.64440572799,1122002,$1000-$10K
8MbRopozDcVgn1Geb6F1kuwrfvZvHbyUAqJ44KoDwnxa,9520.635200975708,1122003,$1000-$10K
6XYhTtd4AYnNLuYC5ZR4LynQ8nJxdXhg1yqN5yWufTGs,9520.631692645338,1122004,$1000-$10K
CwLnQRxdLjMRsjQvsEWeYY4V88btDcWjTxKeYggL6oiA,9520.615493612031,1122005,$1000-$10K
pAVcTqYviNtPCkyDbm4fHUDrkCsmDm6VttCgE12vMei,9520.60709498696,1122006,$1000-$10K
6fsthjU54R5twgyxwRAYHvhaqGsKfyByJVpc21scEdLm,9520.604198937526,1122007,$1000-$10K
4MfnCTDNAqJaNpSKNqSN1RBoBMnKfoHyBzeKpQoC3Cfa,9520.603452510979,1122008,$1000-$10K
DjQdhaLmkAW1XphVf3hesbdJPpThJBEqgTdb4WGTMfr3,9520.583372118981,1122009,$1000-$10K
6xdFS9dR3h3kZ94iha9UVQVgY1PF1WdaCrrRgYsLoebD,9520.530369714817,1122010,$1000-$10K
8tJwNko4tVygwfLwRhy2pNVthSTQZNywSKAQXsJv4cie,9520.49977348271,1122011,$1000-$10K
6Vx364u5kP6VTKTNbc4dm8f1mabYrPNMpNihULQP5pxA,9520.487993459741,1122012,$1000-$10K
274KAifqrpC9WcwW8QG2TsYMyg2W5m3jcjHUC7ukX8tt,9520.487596746108,1122013,$1000-$10K
7bDQKgJewaMF6ompHC9mu9JyKdH2HnkdzddC1tr8PZ1G,9520.486956497638,1122014,$1000-$10K
9V3Jrc2kSavYaJadJEoqydNSfUmfDHKeoVf4eavGyx5u,9520.475195982046,1122015,$1000-$10K
4tB1X2XSSSPAo3KXAXjZjed3KA2DDzN45jTGP5B1w5T4,9520.46310588312,1122016,$1000-$10K
7drziRJ6vjzufN8TziBv3mBRw4D1zqssuitxjJNH6uPS,9520.456023662879,1122017,$1000-$10K
8DjPeFjzAKNZQJSvD81sM5sgkb2bwARrhA9WpgVgb7ad,9520.45424716914,1122018,$1000-$10K
ChPAAjpk1rQaePHAMHXw5WPt89w9kU1EW5Vo84Z8WDG3,9520.451003678014,1122019,$1000-$10K
ESu17uNE2KmwdK6toqVp3nUpDdzZPe1K5cj5svXcG3u,9520.450085521097,1122020,$1000-$10K
HPcbDtM5X3K6CFc7E2G6rMt2ezYFtcUYdpCqGG4x8SrE,9520.445074705243,1122021,$1000-$10K
3x6TAgoFYK1f2BktmpvjVZNhKaMxzNuNYbNt9PRx1MEn,9520.43602982725,1122022,$1000-$10K
DPZxEbXiaMKqQ1n5RPAkq34geTQpmZgRtUmRRj1uNzg4,9520.43284243608,1122023,$1000-$10K
HyQMntgtxNZtRXFgRzSj9rGTNL9GWtT9BLpgMbPYRnWP,9520.431043790337,1122024,$1000-$10K
2qLmUJWR8dfG2B8YFcHYsb2xA4g7F5dn2ZaxQFHMfrBf,9520.428304310879,1122025,$1000-$10K
9aWKgnbHmVYccnxgo57x6td2WAgB3LUg9ahNCris5cwj,9520.41727204763,1122026,$1000-$10K
2LZYfySSdAEmSQdmuoDQ6PHMd9DYZxZfHe1zHqczkQ6u,9520.412073667583,1122027,$1000-$10K
7BfT5e2NKhGGdVCYijH3VVf1txfVeQPZB4GWnTGpJnZm,9520.400612832174,1122028,$1000-$10K
6ru4Gdm3ufzGxWyjbgWGTe1bYiUGTD9pueCGXKE6qfj8,9520.386345434736,1122029,$1000-$10K
Be2d4JpRPyBHsGWPgvsqxuj6Dd5ZMPH15eiXtSeY1KvM,9520.372903350713,1122030,$1000-$10K
FJYfbQPS12BNK6qjfv9kgnSmEn6CMSsmXEa5UGoTW2FN,9520.361840626036,1122031,$1000-$10K
9M5Jza1fwNChyTcV2BshBBG1s54iXVRYtp971aqzuGAH,9520.337737537451,1122032,$1000-$10K
ARD2QY2ocxXBJHyNhB64htr78QJbMgVivQdsurEBQg5q,9520.31561548043,1122033,$1000-$10K
BRAxpHDE8FafoBsQieXSpRqBiaMVnyAC5NWHeiKsti77,9520.311851248014,1122034,$1000-$10K
AhdopmGh94CKstFgY1M8LY1tH3fuuJGZfJeP18jpfbFd,9520.311533008342,1122035,$1000-$10K
ELLddRYUM8JqcLJdHBNzUcE28BPNk8T6Af8WGbF79Smw,9520.31034761365,1122036,$1000-$10K
44zCjmjQYoVTYwD1k9nrTKgg5FGFVtCBWterdBaAYQ6e,9520.303155823145,1122037,$1000-$10K
3VwfyALEyRfmVDfHUnUuEs6u1YHGWt46iKR5pcDm54GS,9520.29318111318,1122038,$1000-$10K
BZxnpHD7i8qDeTgMKyyLLZipM53J4NBTWn7tnzpBXBh8,9520.279954927144,1122039,$1000-$10K
CatSV6b6c7CekeLMCGskCtEpqJbQR3CPu3sNuJxMimGo,9520.25177250175,1122040,$1000-$10K
C42KdFB6soj4715Wv9dhY9iJyM8m8J28BPgHN81ZHdRJ,9520.200264261402,1122041,$1000-$10K
6pyaNSf1FuLeHUVXMazXEWqv5zXWFBS1K4LNmtAvETTY,9520.191530772789,1122042,$1000-$10K
231w9Maf32FaFFNSQiZvS8McCUGetDUrmZs4Kt4nDje4,9520.14637850241,1122043,$1000-$10K
JC5gF7kGGxadkkeHvcsfqZesTADQSpMJFyxKum2gb9MJ,9520.138397894429,1122044,$1000-$10K
5bPhe3m3yAV8eAoy92AsL7nQoxF3843reXsxucnjhA7Z,9520.126798484307,1122045,$1000-$10K
3P31mus2aULjf3ouHsKQXvMhCcJcueYPWxPAebSeDKt4,9520.126194051763,1122046,$1000-$10K
ACP4UQJuCuYW89k4SoQPZCgbrv7EWxFyevpYK78tqN62,9520.118158009744,1122047,$1000-$10K
BaWk7wBfgtLnTS3FmkaKNLFrmgztVKG4ihNmkqJwqA4k,9520.096022914828,1122048,$1000-$10K
BHtuFmpPj1WVc3FWEjZewCwbwZiuZUvyznA4owvckqTQ,9520.026088697425,1122049,$1000-$10K
nYKCdFuTyRwj9p5Gx5Gp3xFEECzqwvH7Hutr6wDVTyM,9520.002040757401,1122050,$1000-$10K
Eur1JgQZvxhanYfRcJHsY55B5KSRVSmNEfcUiiB38Cs,9519.966241141097,1122051,$1000-$10K
goatwPJch2wTpCBzcaUZKNNo7DUvPYcQKa3naMMVZV3,9519.922489701996,1122052,$1000-$10K
EeoMjPLDNHtgUJU28kcaKCH38Et3aW7oQ2AQonUH7tS1,9519.911716321942,1122053,$1000-$10K
3akzaWQGSnAH5Wr9KiftujsGDKVDDKhdGWBtiUTEvkV7,9519.8962200475,1122054,$1000-$10K
FFjiz57L7wpCAxHHf8cwxY9KWBcReg3dtakQaU96uQaX,9519.891958260481,1122055,$1000-$10K
GY5q8vSc3SkQF2397uncU1VmPpFz5RsYHJK5SqBqHmUE,9519.889487202663,1122056,$1000-$10K
89fhNHDSy8rQrLcTA8udSrbvWqEQay8UVkDp8BioJ97T,9519.81996525832,1122057,$1000-$10K
EDXRuDfoQvsb5EbDHfa7x1s8fRcwYX7sM6Qo7GzZ6tVi,9519.81299623712,1122058,$1000-$10K
Djb3qPVjTv29PRkgVTaJgjou2sFLqx1P8RACmMDBcHqB,9519.79614662543,1122059,$1000-$10K
2WpArpPeyNSrTHhdYbUJni4iz1sioDCtNbyVE3TiGMwf,9519.783768016618,1122060,$1000-$10K
FvRSmaRuL7CrhfV6QSBGjozvjSdwUpzfGWoQRWiV8X5r,9519.755360115643,1122061,$1000-$10K
4nZjQ1tPeHBpcSVEr959cNEESPi9eKiFUzx39pmS5YS2,9519.753058230364,1122062,$1000-$10K
BHHBMJFiLXc4ywa71L2EjXiTeRovNmVbzWhSG29GSn5E,9519.736143890152,1122063,$1000-$10K
22JxWFwEZsb4sBaV5mqTbinkqB8QYWEzDpRTkJHK3Neq,9519.724486795421,1122064,$1000-$10K
UfaG4BYoErpxBpK4pSStooopdGkHC6nntwJXbtSZfvu,9519.714136522522,1122065,$1000-$10K
H3HHiuGAqsVdWQJxXCFiD8NCe2j2jXqcniA35b1XGsFm,9519.701889202075,1122066,$1000-$10K
Aqy1ACrs7EDxXtPMx6pCV6VTmAnjJTwTzNeP1DKR163T,9519.571296925198,1122067,$1000-$10K
7oZAs256aBtLbQYGcWvU8bvcpq2ZzFYvSySUcQE8Kecg,9519.558742366842,1122068,$1000-$10K
8zq9JXc8KDrhqg69V5K9KYQZwos2pG61Y5ktu7kbpREZ,9519.557301572735,1122069,$1000-$10K
BLpQZkzDPaXyuJSeGUFHktU1AQZ5iBJaU9zH9hbgkcLj,9519.525845039725,1122070,$1000-$10K
EpScTQkRRCwd95wr2ZFrPpsTS8gmcg78z5YLwWgvjHHr,9519.51269965791,1122071,$1000-$10K
EBsQ1qx1vjK8jqUtaxg97xg24wF4q7jiK6xnKpyWCpqL,9519.503455341819,1122072,$1000-$10K
5tzGyAk12Ti3JBgDGANWAph3dfKU8gLhaF7yx6kKmSNM,9519.502911764619,1122073,$1000-$10K
wCuZfiiVXZPrm4hJLJcLwrRxqSHgtbHDa7QGL6jcVCk,9519.481674863999,1122074,$1000-$10K
7GH37X4r3jdW9i45nME1KETjuaBjZz38MZ3EH8QSMsXU,9519.452937195318,1122075,$1000-$10K
3YE627Cyzhc5GAGKhkdKCC8rRAKWQ9XwNXgtH2VNbF22,9519.44021896373,1122076,$1000-$10K
CPuXa6hAa4DSAbmjtUXjmVw6GHMyTCqMkThV2aBWiwcf,9519.405890856779,1122077,$1000-$10K
C35o4b6vvAAU57rjyg9L3QEvDeYWs1Ka8cDiacCghmEN,9519.396720951467,1122078,$1000-$10K
jjNtDY1q3JUPFF1t7FLiX3LbRMqfHEConDYLnMtVt2V,9519.387341971638,1122079,$1000-$10K
87oWu3UzHuFRXaM9Y3P49FyPYtXcykpnzHLCujfTv72,9519.385280756207,1122080,$1000-$10K
HvZ6H5dHKZXvS4hFBH9htpt4QVdHpW1yKpdZt192RKwu,9519.383462117536,1122081,$1000-$10K
CWjcL7uSau8GCLgKLC6aVJgobnpxaAmTz2FgW5GWN6tN,9519.369186560249,1122082,$1000-$10K
Hqncf54hsMHpRU1w4GnUBXAWPKUxKDGX6UfzysXMH6uW,9519.36428193288,1122083,$1000-$10K
B4CeGr8fqeTXJqanT2ZWpBAotCxJyG4ep5JVDhX5medt,9519.349337827383,1122084,$1000-$10K
CHoTysdRtduBbooxCGt2EFjyUmABeKqcZT8f4wjJMrwT,9519.344240608254,1122085,$1000-$10K
G65fuy9EmzQznuwKE1MpyLxqdL94f4Uppk3eeuMBnQWe,9519.3393108651,1122086,$1000-$10K
9HKw2u59m4NHa9G6v1JjH8Bu7XZjuAV2Jz877WeaudaS,9519.31779955027,1122087,$1000-$10K
2yDGgv82bdyaHbZk2w27NkXZ8gsr68QJBc3T5wCJQArC,9519.31030038603,1122088,$1000-$10K
23nH1c5DK5w6RyjqjoW7rynaFroeUdnBEL8v3T8PxeX7,9519.271559795552,1122089,$1000-$10K
8gxsm8X9nNsHvQRNqZinoacfGW4jRGXRu4oFhQZoeRz8,9519.234355499939,1122090,$1000-$10K
DWQbJg6fcQwoWjarZgnbKmokjWzJdqGdioPM21VZ9Q38,9519.216172274788,1122091,$1000-$10K
F37TJc2cRvmXbPhhe2JbDD4GCttifk8Zdxs1qwfr6a6c,9519.209564509421,1122092,$1000-$10K
7bqU7s96GCXNq31WruwFTLF5YMGQpRE5GbjgWuxoNCbv,9519.195380025965,1122093,$1000-$10K
3XqJ5GC5hmDn9eokXFsvCgKgPoKJcEKNbDHevkYF5A9E,9519.18267160938,1122094,$1000-$10K
6E9GS6FQVuZ4ZwqUTuNcZnSS1fEho5gpFZbkEtDLk3gD,9519.18189963666,1122095,$1000-$10K
FMwhj7RttYJqHqfEbMFdB4VfH5UgyktsZiYsL4RRP587,9519.181809645092,1122096,$1000-$10K
GBqEzjcZgrKkyHg95Rxqz8xhsWgMJ7qDNsM3crJJ4oBK,9519.168261047,1122097,$1000-$10K
8AitbtjfPxrt2VZGdwJ1xkeoqYMfonKgMhDFrftWeZ2E,9519.14653723011,1122098,$1000-$10K
A9cYpJPWAd4ZiJ4cPRZ1h4aPsM9Ct5me1YfjtGt2DkXk,9519.135098039222,1122099,$1000-$10K
EP6NMey1ikhVcgSBrNr9nC3i36nXk3VarKuTcfQo5UbA,9519.122346201742,1122100,$1000-$10K
EUgUYExhWG8wfQUHtMEvgLhAU5hvuQpQ3gxurk7Nu2bZ,9519.069279700803,1122101,$1000-$10K
3EusxjwScp9B1657GyWSkBB3m5SVtgKfhHakf5Ru7TRN,9519.04094038481,1122102,$1000-$10K
49rudh3baLoKfeHwtK5qpP3gzH1hzRZbYrU1XYUoBP9Q,9519.039308170513,1122103,$1000-$10K
98NGcVY3K5QQtgmEjWZPtwMvKeNBn9pzk7AFbbZazfnQ,9519.036425185594,1122104,$1000-$10K
8pemTTvuvmSWBYGAtEhKMwVqTpxtT28awe2LAPSox8KQ,9519.006944268993,1122105,$1000-$10K
2ur4CycJFUNZrUUtra9cDkDyu7sT9JE8CctXhARQfc47,9518.990189137983,1122106,$1000-$10K
D8RKsNRP2MGtLkUMn5tGXkwYqbwhxVqgDwdkPb3hdo9D,9518.977797804951,1122107,$1000-$10K
Cg8SqRNgqGXpSPPyS7NhUW9fWY3V4DVT4Ry1PiQuHBR5,9518.960156818663,1122108,$1000-$10K
BcQViJ421okmFYLSvLTTjMX3RSWbUpkyAGEu41qGZqsd,9518.94666570343,1122109,$1000-$10K
364kNi4LbCh8iDuNvmbHbPML4N3xbg6msZnaj5dFSJbL,9518.946266379957,1122110,$1000-$10K
GmYDdV1eUDGco61U4C9QKkhQY6vi1gUxuxxbLyL8giD3,9518.93389485149,1122111,$1000-$10K
6McCt7xkjyd9rdwk7RSYqedrSjv78wsPSMivUGy78jgm,9518.933464655309,1122112,$1000-$10K
AkDYPcp13RCvbogkd2rypJCWbF5AW7qYTCUnTus3ZV7H,9518.911479440461,1122113,$1000-$10K
5CHQzmbL5yYxLiRi3s4GgoUjqw4rNx4WBzmGzurmu6fN,9518.904853887992,1122114,$1000-$10K
EsEKUyHdbD3CjzNsCCTzCsLXuvD4LXzG1ERzHvzA9ZCL,9518.89999696276,1122115,$1000-$10K
AjpQH3kRF9izQ5oNgfKcdwSWh8WZCLMHLTwLqGjMuGBK,9518.831214873419,1122116,$1000-$10K
GLGEfxtvait6Gjix6bbEk1Enx1a2e7NYH2t7s5qfwCZh,9518.802302935897,1122117,$1000-$10K
DZheegLbyC8AE7koffQtBMmh8d4ojyvUMdSbT8aZ5GBB,9518.78337373313,1122118,$1000-$10K
C2hD3ogSqLBVFrozYPYJbkHqnLQkZL22619Cso8gaWZz,9518.767335516433,1122119,$1000-$10K
3UQtDauh9SuqvPka4Uaf6oGfhz8jFdSnXUurxGmQyiRT,9518.767106601768,1122120,$1000-$10K
9aHQmASG1oy4NDyNP55gCdLTJKpha7C2J3F4B1ttkSYm,9518.71654159426,1122121,$1000-$10K
HnQkBsFtA6uJVHoURrqnjPfHh7U5TuVPuYtdE7pQT7tK,9518.700898707195,1122122,$1000-$10K
3yMJzCNdyruGDH8RXoymJYXfA6DjRVFsKywMGzPnbuhe,9518.684479069878,1122123,$1000-$10K
E6U38d1SGQsb16ZxpoaexhEvxRcmnkPSSDzrSkh2iumR,9518.684466413637,1122124,$1000-$10K
9DwbykY4e8cPLQHzjtry6RvMgPVZBRZkWZGGE5utxtpH,9518.632810364057,1122125,$1000-$10K
2j7DoU9CQxmneHBpCVWQ8qzAsHdk2tRAA8Y8RoCpKoFf,9518.59515947134,1122126,$1000-$10K
7C3soXjWBbLftLKUn6BTgsJpvqUW38YpLnNcMbyShq6Q,9518.58004965266,1122127,$1000-$10K
3Gx7MCZAyFpP8KALF5gPkDCvrF3UiFa4aCf9CLyNagxo,9518.56945069537,1122128,$1000-$10K
5bmW6SXHE5WGU5s2rcgnMwb1rEUPgm2t8uDAQmgG93um,9518.55909887949,1122129,$1000-$10K
BtbLjz78zL1PF1NWni8MJ3MbZddPeLn5NotZXqm7ujVH,9518.54160480717,1122130,$1000-$10K
7UnVUt8etzKmbZkXeSHAv5NWoQ9sShvPQasiRUsppNeL,9518.509550279201,1122131,$1000-$10K
DxCoFq6y3U7UjdJ8KSA9XNC7gwHiLQ8GdaFtaWMd7VZJ,9518.498197959367,1122132,$1000-$10K
439ELYmhBgfggaUPcHTtKwUpvfoAsrJwEBaXFAewTVwp,9518.492894508356,1122133,$1000-$10K
ESx6kcjohMRg3Ga87kfu21WDaWmNdjkfoWEPCCexK8gb,9518.490937172284,1122134,$1000-$10K
4x2ko1KVhCjHNUfaNQ8pMdG4HBjyxUuWcq5cLA9yNXin,9518.465,1122135,$1000-$10K
5HKgdGVye1iwBhYH3mXL8znzJDQbTfB8mweSix2VmTV6,9518.46373297534,1122136,$1000-$10K
H8eX8QtzdhSEVRZvPNG54j2QfuZ1iBqxoXUcSgzdti2x,9518.46293971139,1122137,$1000-$10K
2XfeBfjMXXsmKABLaBbwThPZC1Q3VG2fbsXRq5sUq3Qb,9518.44595610416,1122138,$1000-$10K
AX1pXbZjrpchrVDCw7uxA3nwonjTjkzRC2u3JtyyPfqY,9518.43261064413,1122139,$1000-$10K
8cQJ4V2gu3ie8BL8VGL5JuTrwnxky1kwD6kRnWqL6inM,9518.389641253874,1122140,$1000-$10K
46szHdh8AQ2zMdd4kfrgKdwXBd1oekHrwsfPC5daAXqR,9518.361643747472,1122141,$1000-$10K
3SUaM8VEdq1HyMpckANrmRCRWAbxsifnZdc7bsPbQMAH,9518.356052421226,1122142,$1000-$10K
Fw9KuMnQ2ZTjD13PK9J8VNLxwhj6EfFxkQgvzEX4iQom,9518.350402663098,1122143,$1000-$10K
52BNop8vhXgVvs1N1sxdFhLFUBqZd49Th8cTtDFR8eKg,9518.339642762667,1122144,$1000-$10K
DotmVb3Fw2QMX1kfhxru44yTCrkohR4MspxAKBzUbweL,9518.338350508819,1122145,$1000-$10K
GRZJTjuB9A2EiPhRa36naX9ztar9ABSEgoMMgWX7mkNi,9518.333149966411,1122146,$1000-$10K
7pDm5mGyouB8bE3i6UJzEmKREPSQfLakoGAwHojkFb4T,9518.311731686443,1122147,$1000-$10K
GgPGiwwq3pCx9mXMhnTwqKgSjUKygK4j5vDVvf4KsA6z,9518.278788663642,1122148,$1000-$10K
DW4Pebnn2ftdtRVMvVkxMvXTmAnU2cuVRXPVcVrxXrgZ,9518.267640201997,1122149,$1000-$10K
Cot2hjqxEKveekopZJdCLckSqYp1sAw7Sp4QCxaWtXgM,9518.245649174927,1122150,$1000-$10K
4vapTznFHkgt3enBuyL5umXcQq24JV46Y92edBxQ6jDM,9518.24070127957,1122151,$1000-$10K
2A28w9aMvLsJWyHrdCj5LGPFnedS6prtu4ohLDJbW3Gb,9518.22739676443,1122152,$1000-$10K
GA9ZLy2qHBZHSrgQVNSQRqNaVPcC8EvQz48pLc5jhNK1,9518.175609711958,1122153,$1000-$10K
Dh9mt1CY6kn5a4wMCHqFYooTXjErWEwwkA76G9suMDgP,9518.159729868485,1122154,$1000-$10K
BXCWgVLCh2jZjuZ4m1Pg38mQ29W5zJwuuCWUU5dUEbab,9518.150227443608,1122155,$1000-$10K
6v2yG2Lig5GRcx7eXLDh51ckBKFPfXuAf1hv3K6s1RNv,9518.133114580836,1122156,$1000-$10K
CKBHU6nFHerw4La6ZFthJ1Yd7uBPZmgwBLx6Jmwvz7vE,9518.130005187357,1122157,$1000-$10K
GcQxbBXjvvV6NQfq3K7H4rf23AQjtH8HNAVFZV4rM3hV,9518.102374005097,1122158,$1000-$10K
EmFrZduTV8gJeaLiKHkFNW18phTudPQ2cn7FstvWzCna,9518.027558166823,1122159,$1000-$10K
8hyJ5CzHDyj9K2pBqhkXKQVAcH9acjJ4UFs3KK2rpQ8F,9518.014577659134,1122160,$1000-$10K
3sq8Y8yucuVQTqaKDSQ3o94GxTkncBMqvGfvhQ724x4z,9518.004259520185,1122161,$1000-$10K
yrtJmnzaajrVECTmDvmrxv14nrne3CKaTYE5xVRcCs5,9517.993983371443,1122162,$1000-$10K
DdP537FsYwXigGPEHuReZuJ5zhDBtyWXMGDb9w7cS97c,9517.98528441751,1122163,$1000-$10K
7zRrgVmHgdyQDKdXsECVewcsA3a4AzY7DAa4QkbhkPsG,9517.962574378158,1122164,$1000-$10K
B6RtSvHK729ywTe5JKDrrkj36rcEUWC33x7HhtErg7vv,9517.946289648027,1122165,$1000-$10K
5Mhq6MaC91xJndja2C3WbqkLKBG2NNrcoW1ZufZdfYdK,9517.94307544409,1122166,$1000-$10K
HrJtnme8csr4RZTsnkhpgHjJkUxV4wMETB7rBiohnmwK,9517.923241338016,1122167,$1000-$10K
CsrEyoZsTFApMgEPoNKeMBub4c9YEVhRZyGNCM97dBa7,9517.910046490508,1122168,$1000-$10K
4sC6Pnsdkp1Nom4y7qYrt6q2nVoYYxnx8HrdUpJjH2js,9517.899807249938,1122169,$1000-$10K
8M5US4g2JxVeAnRkzgMcjgexThTYAAEyGwAdBMTL9upz,9517.895184540776,1122170,$1000-$10K
JE9CJdDHpHzM8vam9MbqeUtYjrVNn6wnctUV8WRgX3td,9517.868569781049,1122171,$1000-$10K
36LwwigaC8VT1x2w9inWekpYfzU7AByTSbvabZTBd1jd,9517.866043049778,1122172,$1000-$10K
9TTDR7nxcv3A3WjaByW7P3gyiay1DRyEND8KLXmeT3LP,9517.857955734815,1122173,$1000-$10K
BgynwKygKvai6EeQRmm3gg7oRWoaJuQN9EfxZVuQfuNp,9517.823464828563,1122174,$1000-$10K
3HtbMV11jpfTRfitnpdmVAvCigG3avAfuWxeUeHqn3ug,9517.808974190415,1122175,$1000-$10K
4TcFaZ7DS267Ztk5QQSrbRjWR25hdVNrP9XUTmF9NQb8,9517.80345348787,1122176,$1000-$10K
2hxp6RprPPWLAKtWa8sxzpWEw8j7zGyJLjSDGX6k2475,9517.78962467426,1122177,$1000-$10K
54MALwjPKSix1bmrxPnApDCF9LyuhBBqyhG5Yvmoj7UG,9517.787674753283,1122178,$1000-$10K
9EEpPYiwXA99Pr8mcjayNVAuLtaYA21iWut8m1ohFpjD,9517.785785994523,1122179,$1000-$10K
BZRidAyPeTXFbem2GjritMPEUq47Ln3Ktyga5Dq3AZAW,9517.700243659721,1122180,$1000-$10K
5sS53KvuP9n18DuPfvzNdAB5Dfr1si7wmWPLLjveBRE1,9517.68737346531,1122181,$1000-$10K
8vy8sW9NJnYTcNEaLbrTgRmMrPty6MQFCQRkfkACyAx2,9517.683420723208,1122182,$1000-$10K
3t1Xt9apGhqyaWXCJRr1Zcs5Z2sVfX7xtMS3pq2FbH3Z,9517.668406566127,1122183,$1000-$10K
24a3wxs2Z2aWwXwG2eJxZAcBHiyR3T93VcntguGcXVge,9517.662318955827,1122184,$1000-$10K
BMDjwXaFtAKxFjBrouo36hMVk1dxTLwoows2U7KkTpEW,9517.659725364232,1122185,$1000-$10K
EX47MH5CYYzoHx8W87SdCdUSTWpMAxYhXmB1oidpUFM,9517.624486634088,1122186,$1000-$10K
G95ADXWe7ftZRQoZZsUabog2B6XM5Mc5AeGGDBSjSuW3,9517.62312652954,1122187,$1000-$10K
2bFqVyzPhhBXEh53rCJAsBRMSypNEHTU5NTg8gEM5juk,9517.60795037078,1122188,$1000-$10K
AdeeCfH9CZBK8e7v1H4KzXD2DFReYdJTeQvthoN4uq2b,9517.59844429011,1122189,$1000-$10K
4K4xF17QphoxDD7F9faaj9vWDa99qFjyQJMU3b3LkePd,9517.594155425708,1122190,$1000-$10K
DCwASCXBXtvn3gsyYJSPPHnGhwgMydZC69tDwnJzoko1,9517.57292972549,1122191,$1000-$10K
F37HHMfgDJTRQjV3M8sdRBPUAcgmvwuu81fDAp7DY6AJ,9517.4952695728,1122192,$1000-$10K
2V9ZGRA6zLq6fJTahdGWdGveE9r98nzwFJQD8z1EezBN,9517.483384257475,1122193,$1000-$10K
8h24vXjjY1MaWeM4ZBhfo49S3gsdmMakGkF8vzZfMAr1,9517.476203694217,1122194,$1000-$10K
D2kGvJpGAyvFHLRMGHWMMzX9fcnQDHf5MPWvrBvxgx8o,9517.47155003298,1122195,$1000-$10K
F973e1YTM7iENmJYNwozd8MAG9xmgufBuwHAny64C9Gi,9517.463136036238,1122196,$1000-$10K
7P6LN4VJ1AyrmopM8G8bZpAwdav32A1LX1xA4BJYTNDJ,9517.433519533042,1122197,$1000-$10K
EicERxxCMQV6Vre4vv2KZi6gRh5ZxE4fC8jE2ZTPJbip,9517.428244455768,1122198,$1000-$10K
7aYUjPN92ivCJ9FFY6MRmxrxAnM3VNJ1dJaT8fLaMJh9,9517.420482376587,1122199,$1000-$10K
2tvihmvQhMvvSK7kMNTDfUDcB3zzwBEJLB2Lzep1atqf,9517.41932095765,1122200,$1000-$10K
ERzLHVp7tZ5JZZ38QconXYixYVkFag74C4aWSjh9Z51A,9517.375866682385,1122201,$1000-$10K
GBGauWKH9qfzoUdRxzNUhchzi9XTbZzCFNrFbfoCcMvD,9517.297808444433,1122202,$1000-$10K
EQ9tVjGy52EjeBWG5rbpSTzSAj9N4HDUJrVWQd7DZptd,9517.267014215693,1122203,$1000-$10K
B7KyYTvKLiV2rVQoaeAvMRzjh11wdvapwwBFMaYuT9L4,9517.259844860246,1122204,$1000-$10K
8LPeTLy1ubPyRFXD1JkAmWThgMb21KxswzfWUVuwFsRN,9517.23602728427,1122205,$1000-$10K
E9kwgnDKBqZKof2WJUHDhbEXqS6N8AddgUCJTTzb5zVm,9517.226820959599,1122206,$1000-$10K
3xdJA6rLpX1YreZzb2Q4vUfH4Et24LAKgNWUDroLDHbn,9517.18299800792,1122207,$1000-$10K
8Add9JjQsG4sShqz4TqcNr3UuY7Dh8v3rtKBBSwFAC5g,9517.16664733177,1122208,$1000-$10K
Bj5T3wUkAAobRtXikH7mMDZLDZwnyeovWAxFbNW88svG,9517.1650256636,1122209,$1000-$10K
6ekJBiKnqfZEjEEsifdjnu72ktXGganNzsvgeTGDhfo7,9517.14598389409,1122210,$1000-$10K
F7Y4Ldt8BW5KhA2FtYf91h7bKPWj1WagR3RR58pEGgHn,9517.127464813258,1122211,$1000-$10K
HKJ47kXMBwG9bFhSvXkwAtjJpR489Kh3yfUhqkXxgRnG,9517.109041729926,1122212,$1000-$10K
9E4CirrLVGm5EoN1Mv8jWXfoiWfcSL49DMakHyiM9Xmb,9517.09292544924,1122213,$1000-$10K
8xKPq78Pa5w62KbwEWpJGMesXK6gbbaZyWJEN6cyHN3m,9517.08277274054,1122214,$1000-$10K
8FcqHtkYJPvZr7bU93vP6dnCJtPAXpuaojvC2XRkwomg,9517.08030394631,1122215,$1000-$10K
8vH7Gs9QTeWM7F67ZbRJsNzWjtHhd1VZx3MdQSrJoz8p,9517.053170910283,1122216,$1000-$10K
GvKrhadcUB3tXDyvSoX6hSo77ZAtMN9cWSLWfT55FPqE,9517.047295713279,1122217,$1000-$10K
A4M2aKjk7qQqkS9KSPx3TayyBJRWQuWeuyF3zYhTFemg,9517.026628286807,1122218,$1000-$10K
DiAQoTk1ea1gJ8GE93CcbhaZeuWLELRFsw4XHTVGWoJ5,9517.019605349635,1122219,$1000-$10K
2CZ8v2YGNVEtbaodzZqAJ2wMCdetwygU75pxjTVKYBwQ,9517.01321011,1122220,$1000-$10K
F8eiHVDFQWhqxx9R7EbhHVRMAhZX4NXcWUS7mZQ1Sukm,9517.011390134769,1122221,$1000-$10K
9ZigaxQxCg38o4UXuXysZJ9pbp8Wy9Vz9zY5iefUNamC,9517.000035545572,1122222,$1000-$10K
6ugCFqgzbe3ZdX88vNBK7wsd2mF5LYH2845dEzLTbZpD,9516.908359642452,1122223,$1000-$10K
EotfZMFxVTN6NQ5SdUZpraGjBVLknXQqfm8D57U9J69m,9516.888534930731,1122224,$1000-$10K
HW7KzLnYiqp1RAa3mgRToH7mXhxFpeYTwbBSwe2otWxK,9516.883714143132,1122225,$1000-$10K
AEwgau8fiqFf3XJyfky6eG4aPoraqzDoZWEqNo9aQTPf,9516.877220748507,1122226,$1000-$10K
2MiuWKm5PAu9BKg7S4RPPe3ED223tno8Wi7Fp9oa1XdL,9516.865050333494,1122227,$1000-$10K
3wrYetRSzkcyUH6X8gnEDofYLkJZYsgeETNXRKpjoFJ6,9516.858964826859,1122228,$1000-$10K
99jVZ4tbht82yNYS4vqRnspyoYufkVLbaR5qb9PsRNi,9516.817626775537,1122229,$1000-$10K
CiaSd6spLiPqNPGkrgJsvwHxALzFKXAHcFPddopEQTVN,9516.812294128005,1122230,$1000-$10K
2iQPXxwBTP7UAcvqdBZerHVVstX9mm3TK8Ety5Jvudbi,9516.793810696206,1122231,$1000-$10K
2vF8AAMUiQnott7Hqa6ETFTnigQVgDypVYHEGpeWFsQW,9516.772686833925,1122232,$1000-$10K
A7EDUmYRZPDH3bgj4dmT4otMPmywz9WNdEJVZWBT8MgF,9516.743091224478,1122233,$1000-$10K
9Z7eX9et7SE4pHMNJLKyXacncB6u81f69zRjLRWmttyd,9516.73802115851,1122234,$1000-$10K
BWt9tmupcFD8bJqizYDCzgbKPEGaLJJxLzA2AJVeu1dm,9516.734025446409,1122235,$1000-$10K
7LnQQRc3nwsB7GJo4Hrqc81jaQugjXuFUbC9ag5ao11T,9516.70147029975,1122236,$1000-$10K
HouGMNGbhXXqP3FFF7dsojozZeXJuKggf37w2JQEBA3y,9516.6849119686,1122237,$1000-$10K
4kZaM7weCrisdYiPaAxiqD8urWeFh7CzTbZZ7uZZW4Zx,9516.67875266711,1122238,$1000-$10K
7HRbnExquDf2AuynhZJfHEXybPj61oQ9qizExdm4zDEi,9516.657240851424,1122239,$1000-$10K
9TsAbSPnmD8EjHdnKhzrrD1WeEfwvsR71WnyjSC2XghS,9516.650007030297,1122240,$1000-$10K
FwDpKzZsbyiRp9ueKcJdsYYm6saM1R8yr9LGx8YR9SaW,9516.62488140974,1122241,$1000-$10K
J3xVDsKqnTZiZqRhDuJpUvrySJqQah56QgGAWwkX89MM,9516.618803272982,1122242,$1000-$10K
E426QqkvL81wgtBw7dgFTz2ejEqx32AfHUDa5UifhehG,9516.611027035788,1122243,$1000-$10K
2gJ5WGQqLyLC3ypnEkzYxi3vBuXKgYBuPHctPTRTEMBu,9516.600119098408,1122244,$1000-$10K
DC2YU23QrhKc91Jzm3kM8BtWaXP2UR3HVUfv2gUTwNHK,9516.569467485368,1122245,$1000-$10K
FsV9t5xvxAfg2jNbrTDiJSQCCq5DHrceidrHHBMK11UK,9516.566811384262,1122246,$1000-$10K
5KzvKWuVa2JpFswLbho5vYeEWz62psbL6DzaAdwgsSpA,9516.543395315713,1122247,$1000-$10K
45WMDoRk16VcKVJjKte4hFGwnTMVBfnhDWzhTHeo9inK,9516.539136755693,1122248,$1000-$10K
DXRuGGwst3DkANPHHEr1fFxrXoBCu6u1VCEkd6hTrNcc,9516.51390194469,1122249,$1000-$10K
7SSDSAjS5JAXtU8AoPJPwhRYqr8ei9xPfTQHva9Wdq1t,9516.50479762733,1122250,$1000-$10K
7bEDTzonxWfP8KCBagMt5GYn8TReZX5m5rZ7Zws1Xpx8,9516.485415612075,1122251,$1000-$10K
8qPBDQtnRjWBJf6SV989aKtM49LADwgaSCj696vWJiTj,9516.470978842759,1122252,$1000-$10K
9Te4QxaVc65tJLh4aqFhsk9yLXRjcq7pX4bBANkQ4cMV,9516.446105805426,1122253,$1000-$10K
5sM9vCCzjREDqKbZWbw4sQb9PDjgXtRgNxh9o6whXw9F,9516.44192484452,1122254,$1000-$10K
8VRvdvAPWtkj8siRAsFuZRS8ZEQBYpfAtj9BFeDfReug,9516.433954207812,1122255,$1000-$10K
Ekcg661Mo4zAG5NzbVfpkTEac63fw1U6CfrMWuE7MNkx,9516.429241708298,1122256,$1000-$10K
6RVPDJ1nn4a14dQjihpzMYBGamord5qzHCwD9RBwRqAv,9516.39567427968,1122257,$1000-$10K
BHYk5tfL3tS1PQhGVX2RC2GmMMLCrHaJzwCxh6kAFX96,9516.380854072559,1122258,$1000-$10K
4ejWPiMbQWwJWjmHfvmNis2ahKiAgN5WdLxTFqpd2x3q,9516.377760673318,1122259,$1000-$10K
E333c1mCt9rUQ4sMXCpo2fo6vnaqVqTjG4hubVgUJNom,9516.360890247965,1122260,$1000-$10K
DZcDndsmYyHf9kY1aSh4TpUCyfvDxScGwmzpFWiheECS,9516.348852110013,1122261,$1000-$10K
2XrWCuBzjGKexfWk8UPjqUo29s9Dm13wSXM7UjNfVSvy,9516.344885974275,1122262,$1000-$10K
AC4SmwX8dawXknCqvWY3DRxf4QatgAyXNAz1Xec2bYPm,9516.302260650747,1122263,$1000-$10K
8JC4rpRJKk8oHSwPE6pUxwwzMHcCyXVoKLwMfMzFArAj,9516.284631514141,1122264,$1000-$10K
E8HZGigTDxt4tNnp5p4vSU2VktpR7ZpYdtyjxtSoLvhC,9516.278878329822,1122265,$1000-$10K
7o4gJPk989E1Vv9oD6tarjf48HwtDRXvN6TVspfvYHhw,9516.251387248556,1122266,$1000-$10K
84R3TKFFAUL16i3DaC83ytV71JcC4ekNRiLxjdBjQUQy,9516.23831199014,1122267,$1000-$10K
9EpUHRLdcoHFerAibyNtmQVCs7qT1u3ZAWdfdyUa1Wmu,9516.150217996386,1122268,$1000-$10K
5ZEuiwTrGpbdsx1wXVnea3mnxTjs8btrC5NqBCndfnou,9516.09762997313,1122269,$1000-$10K
56sjtAVgLkwucpQMafeWjjhPqavircRD22UgQx5A6ruh,9516.089059633261,1122270,$1000-$10K
8LbiSTGMyM4V8p2WMZU14mNonrPtmyqthqt4Qvj2T9u4,9516.08229094668,1122271,$1000-$10K
Hb6bJKExTET4mSJsRkjCNepHhj84bEVaoFkbJbwZLXJe,9516.068590564906,1122272,$1000-$10K
EXnbQ7eKNaa7rfHRRqSTsHR3ncobntZtPcRDoRHashbr,9516.04803986353,1122273,$1000-$10K
9jKAHsDSTcvQFMGCHo9nL66SGHGCbj1JRg9erqi4DhcA,9516.031071372943,1122274,$1000-$10K
8PdHgaooLM7UzGSS63jJGeseKmsWZRYfoHNnCmDCNboT,9516.011634205963,1122275,$1000-$10K
3zpDqSV9iLxerHjS521RrAFsHMznbiijrKfxWYwoq43C,9515.99345486871,1122276,$1000-$10K
LPVB81SqevmYfYi2DXLBGRfg1bwi5YBCbzwThXKB31S,9515.982180002951,1122277,$1000-$10K
7s1tzYDWPrrZ6t3Djf4D4w3Ypsbhr6mhDP7eWTuc4aYi,9515.97749406733,1122278,$1000-$10K
6wepDsPnTMsoL3QzJ9Mh27QiLGQ1hb6cMK6XvyF3oxw2,9515.968878279715,1122279,$1000-$10K
3yEp3DdPkcV5Rhrd8twqt9K1QuUbXCVysijdSmvtSHGV,9515.966194152441,1122280,$1000-$10K
79QWnbXb1CpZ8Ae8N6dSbuXcgHPBBgnX9JQ6k9rMPdsj,9515.946640180293,1122281,$1000-$10K
CtgzJx1NffxdBEz2LoGYqq46agrYVL5bwBiTeUiYH2rY,9515.915035254893,1122282,$1000-$10K
DzG7XnYaWFVU6cnbRkwM1c7jVbs9cA6mRs57FeHYFoHJ,9515.888176896662,1122283,$1000-$10K
32pg1Rvnrez8GzEvNTdbLy3EwY3dsYZ5YLtjMUVsa4Pd,9515.867174654382,1122284,$1000-$10K
BdaT5fXWtiFRSEP75aciriZWetPuyXmy5vYJF8jjKhKf,9515.832693799657,1122285,$1000-$10K
4ena6az6RXYaanxhFnCUxB8F7Dybj4ZRkkJ6HF2XMBd9,9515.82754552927,1122286,$1000-$10K
C5w5uT5XPcsEx2m6b2chphUS3GtoktCWjxYw19tsG3rX,9515.81268693249,1122287,$1000-$10K
7cYRxWkoZDWh17T3m8JQXpJZPN6nPVmTkHnxmPwUhuQF,9515.810726985941,1122288,$1000-$10K
9nXNZDLBoaesCcNrdwnvqFFS3QURk9RBpbNHcEzzT1uY,9515.809847573479,1122289,$1000-$10K
3yfq9ENAoNdbnXpp2gcCEFCwzSzWg7yqGUyu5u8ws3gx,9515.790205002751,1122290,$1000-$10K
FRs1L28BqAMmHScKbkAWoy7VTCFpB4e2VWZnGqShJp11,9515.77577445128,1122291,$1000-$10K
Gp1kiGeur4HDPKbhMrDicgCMrFYsBNoXf1JRzRobMWTD,9515.74883018897,1122292,$1000-$10K
HMpNDrSdgx3J6B6wUmfwynNskjtMawshf4WsxbitECLZ,9515.74771851208,1122293,$1000-$10K
819b1XGMHkHWyJodA7cpHiVg1dZVVvAmMAfACKqoEbmn,9515.747697469627,1122294,$1000-$10K
EaiaGD1m53fj7WXYjUhGDHKV1LeyMWBAxY8rSLShkqcD,9515.740861875023,1122295,$1000-$10K
GCBRTroYkSTdEaAq8ZsJAvrRhYErncp3uYvjP7uVxKBa,9515.740583348388,1122296,$1000-$10K
ArbzXRD42wqMZTeyF5awKaXxbBgfEJWLCiBDWxGLXRtj,9515.735595047761,1122297,$1000-$10K
DVfzA5MtCDnvZVK9Qw5PHgBQFb2LwQVKkQ3Xhg3xuQEy,9515.71860154085,1122298,$1000-$10K
G7SUiphe3GwvJqAfVAXRmADT4RLnxpkCvAM9yfunx6hs,9515.698238748484,1122299,$1000-$10K
2pw8DruNU34raMJSpUwh5BN7FmaL2TEDCViunWR4Y9n7,9515.658473384407,1122300,$1000-$10K
HWLcy789kJA3XdPc4cSV4dnXUs2D1KGySeAF6tushKaw,9515.650670584908,1122301,$1000-$10K
5EekMWjXMKk9Q258sTRjVHuee2YkpUULn2twexWvbFJq,9515.647950252582,1122302,$1000-$10K
ACS4Nfym2evbKBELFtwPh5iK8zXK8i3hmWHeFAhgsJ7Q,9515.635853431924,1122303,$1000-$10K
EroYJqtBmYe5HkWCTDkUegJzwzd4Z5U2LfxKRxMAe8dv,9515.613092910084,1122304,$1000-$10K
2HSfcKz5Bfys3zF4UXt2ApfLnax1nNcFd2dMsxs5TcHQ,9515.587970553323,1122305,$1000-$10K
3pnzcJjnj3fbcUdjxo6TEdLmgksqAfD54oF1GTgJXe6C,9515.584370193958,1122306,$1000-$10K
8sFpMsHvZYopYvRYLDhCvPW2bUBSSgzSkJsu2ar5h8o7,9515.583203499826,1122307,$1000-$10K
6AUKr13cmimjqSDjGoqq5X4TpEpzyLhYyhtWJH8s5J3g,9515.57744420056,1122308,$1000-$10K
EDojiUwPiC86j5H6ozwVdJFWYKtPyJ22Cd5cijrJJNPA,9515.573288089718,1122309,$1000-$10K
5obu8uHa97wAisuVnx3dEYGHSoxYcTjZghQa8xYW1RhY,9515.572677071124,1122310,$1000-$10K
nwwtLoopuvuGamBKneRPK55L4QrDDMvZu7v1QkfCNSP,9515.570567009729,1122311,$1000-$10K
ErrZg9gaTv41H5wkR4wuh5q2qE1mnu78MgQRLZUDQrhn,9515.56840416459,1122312,$1000-$10K
b1GaHvYpKjWuGKJaNokYd78AJx2D3CdRQX9unVjoueH,9515.553669922469,1122313,$1000-$10K
DWuk4aFpAwfMPsA7asMB3rB2UHbLLSMAfYNTzFuugy5i,9515.552631440376,1122314,$1000-$10K
CV1Erq592GrNYTVreJANbKbYAak4aY6ZWYcvrjNfT1EH,9515.541032443463,1122315,$1000-$10K
AGoKe62r2bYbUh3scoCDepBZiPsa8siSqMbo1jroWnmR,9515.538990726769,1122316,$1000-$10K
7W7EaiZCLxH4enfubmvHvtJ8bUFutV926fodmBSthAY5,9515.529777734291,1122317,$1000-$10K
E8oCinuoHgnzwMQ4m6TxTsjHhqcCTvWTPjrLjvEAD9Y,9515.528846190215,1122318,$1000-$10K
9RLZuAG4YqfAxoe76Kv1s9c94s8PBDk6rUgV8uCfUfkp,9515.49868136995,1122319,$1000-$10K
ARkQ77Dr1HTKXBukE5m91qv5g9Xnhmf4baZw4Zcjs14y,9515.476627617181,1122320,$1000-$10K
GzbiopwywkKfNckH4KYgLB76ZdpEbPX64SPFpnsjLQok,9515.466348356318,1122321,$1000-$10K
DqnFNjHz3uMhL8HbrAGm66mUEYrJCR2cddgMHDFyFuwg,9515.438948268653,1122322,$1000-$10K
bhPNFHpmbw2srjf2pZ1grfwR6Xv3K7KwdGexkF27EDh,9515.408080112606,1122323,$1000-$10K
2FHoJ3EF3zVZMYvJse6yVWC4QBzHdD6hrktHmMRF8r6J,9515.397591789148,1122324,$1000-$10K
3RvGwug12ZHKZu6k56bExqua91E2j5hC74b2nvNCtZ4i,9515.389892628396,1122325,$1000-$10K
B4xsWJcB2EJyY4hd5p2PXoUt9faQDBeqzYFbDeTKPVgW,9515.387083431093,1122326,$1000-$10K
DvqnPKdznpNS7zK6YZ5oaxxcpNmnK57bJPMdCpJmEXAP,9515.376050337976,1122327,$1000-$10K
FW9hctk39rqNMSAquw3B1w83TpDKaR7s6L1vGWEmWndT,9515.37530805868,1122328,$1000-$10K
AtegaCLnQMRyi4Qt876jfHyKyzM634rZRn6WKuHNmhiX,9515.374194797658,1122329,$1000-$10K
CJih8Xisy3VfVsmfSchL3JjWm9Pej2Qfa3zXjuTCAdMo,9515.360313474255,1122330,$1000-$10K
FBcBYUdenkev5fnQV9TQAxWEafZ3yWw26MkiWfE7fuHu,9515.338532666858,1122331,$1000-$10K
DAWo1z4f8CJAZQDnckF5ESDpSxS4QVtty3npLTT9dcEN,9515.332757305558,1122332,$1000-$10K
4tHyHEFhQE8n9fdn8TvzsXNhQBaC5GgQdwGPhdp8thLY,9515.31592492007,1122333,$1000-$10K
4UWgzDMQoYnrPHfAGojzC5c5TSTKYtJFA4BxwLiYWLJm,9515.301740319941,1122334,$1000-$10K
9WwmvraPzXSEkqPC7VHxzTpgMsjD4LtbSDkRgJjrGU37,9515.297352049009,1122335,$1000-$10K
FxTyosW62fH6zZgVHb7ejC6GToec2cvC4CV9PFvCSmgk,9515.270816808843,1122336,$1000-$10K
Cy3MZF5yo2xqvWnhJMwzyB8N5S5F6HMQQeqAN9UABEhY,9515.263091695164,1122337,$1000-$10K
CDQu3xr15gcUGwHLEEKiYuacvWLCLV7tJpEZNJzMAA7S,9515.214228180179,1122338,$1000-$10K
75Z9wrtk2HMYt83wjimNZAGy8bSbLb21D8pT1vHpiLhT,9515.192618785633,1122339,$1000-$10K
AVxuyQxRo4E4S4DX2g41cnzxvBk7Zjf6QrLQooZWcsEQ,9515.184260913593,1122340,$1000-$10K
EuUBXHUyD9AaTu6rwSaLiMWvFaMcgeAbevyLqHTTdw7n,9515.179208345715,1122341,$1000-$10K
J2ZF3DZXpwrXaN6sWLoQ2SWa5fYDe5VPhmqL7usn9CWP,9515.176610028433,1122342,$1000-$10K
ELp5a2QUur44qFFuNQ3VFkbzSuMwu2CFBptxVuKp3yFZ,9515.14914432222,1122343,$1000-$10K
7oeQ5A1gCPkWrizLBKG8hHMY6b6eEY8mwQw2siZuATWD,9515.08646924398,1122344,$1000-$10K
5HxF3dZRqB9GTDG43QTNYPDYUQbZTRsQJaiswrvZ8RL1,9515.076041432036,1122345,$1000-$10K
BEGn6Brqp2cVpfwxkJAftW7KhD25DGtT2wyt5VCRDX5U,9515.019973176175,1122346,$1000-$10K
FTYKmUkaqeKxcFZBaSgKt8tnDAnKmvNAoyb5hqKFjrSW,9515.006562072676,1122347,$1000-$10K
EcGzc8jqbBF3eaZKgU5FMXcFG5TdZaU5K7Xcq3C5FYvU,9514.990876761012,1122348,$1000-$10K
6hTpXMrbCVKHfNC3TZQtYstBhTa2hu11S449x3VNLY2H,9514.985441145323,1122349,$1000-$10K
BHXLY4qqtp6bxsLFgcco88Lc2SX9A1Srm97bkrx6aRbn,9514.979666407937,1122350,$1000-$10K
5q2ukvWt8SNKoNZU82H4WeZRhZhcLtGC2YoPv5rdsXZk,9514.94263669542,1122351,$1000-$10K
GwgzFP6Mnoopnw77whVdQusR5Eo8Q1zUppJCn5emhGTt,9514.941267458618,1122352,$1000-$10K
2hVTNC58RonVKd3z5rpMjokJkouenQhgkXexhdsxPSTs,9514.92668988675,1122353,$1000-$10K
FFZWGTry7uv71XkpPF4vUPw3y69Me2b5iZjxWKo4rAV2,9514.923586950588,1122354,$1000-$10K
3V85FBS9T9uAATfunbkU9LAkRjscjtsAXUipt3gQ8Jcb,9514.899134142543,1122355,$1000-$10K
3ds1GJieBecG6kFRDfx7zFXMkocsvGtThGc1MQYP2Jhw,9514.867560395041,1122356,$1000-$10K
AVT4D28zsT6gJJgZ6YCb5UtNkYgk7BnZDyTx6BmTtj8F,9514.83807057703,1122357,$1000-$10K
7sPVBf1nwc4o7UPVxkCXss2ErHcyWx3vGftboS34Bhti,9514.807088625394,1122358,$1000-$10K
475KTgXaASsEKbEpxCjpo8uyLRAtQSP39Sf7Q1XcpuuK,9514.795116330208,1122359,$1000-$10K
HRQsepYB759sbe9hCPz4ApjnGxt4qbJUTvyA9yWBWkwL,9514.790024341477,1122360,$1000-$10K
hwzP526A4WBgpwAEL8EY5EBUr8R3d8sSBRpHZDyJVQz,9514.782271637383,1122361,$1000-$10K
CJ3dS4t3CmF2cgVxG7vswtxf53WhFtTtDM8mx22vzwi5,9514.77153827391,1122362,$1000-$10K
BLaSgBi7QqNdTQMjpWqSqcBDSDNgd6gcUJY513UWPH5N,9514.770953897283,1122363,$1000-$10K
DvLApqSHxXc1ixfbAzSjGPZNLgCDQQygcYuAfhhrwhyU,9514.719072986263,1122364,$1000-$10K
AUdBdEtyg9deprbdG5SozJx8F9tdeWUVA2RfPZvGQ2ME,9514.69027897072,1122365,$1000-$10K
D9yxTd1uXFBkRgNqrCBTRwVvQmPseWYrtMkfiJHdgjKh,9514.67988654295,1122366,$1000-$10K
4FCEVuJGgZ1esYZWU7gTtXwLaiVwNY5ia4xhsJNASwoV,9514.679483505302,1122367,$1000-$10K
7nCzubWXfVNtTN5NYXJawEtCmHPakGQWHy4YUKzipifS,9514.67750400902,1122368,$1000-$10K
ESG5kgdTtnajbCPfrwYXRjLV6JDJBbwsDSUL1jL41UM7,9514.66562953478,1122369,$1000-$10K
28ZwBXQLEubTHTGcfWPfy2Voe6gzJUP7yShQStis3CG3,9514.665461444316,1122370,$1000-$10K
JCRFU8MBMM12wZ6kr6GUqf4ESPLtT536QSpbsqguzbF7,9514.646985349382,1122371,$1000-$10K
6Ncg3z7UsJYT4hEus2bE5FobpyELSMyrKSpjET5no8HE,9514.609809945647,1122372,$1000-$10K
kNQKB6cZoA9dqhNVqeVtefQgS5jchNnpnruFT3zLVGB,9514.577851016764,1122373,$1000-$10K
CkJU8YpFFBPuq3VPh4LcPqVk4kFv9SvoXDzrWg8aBuTD,9514.574654543983,1122374,$1000-$10K
2dD3V4grDGBd7Tc2ptgKKXZ33SNXA7RxNuPXFbuFi8zJ,9514.5704486576,1122375,$1000-$10K
3CY7tvYL7tjjvgppQcF6PnJDZnnWDTAhMmuucKJL5pBp,9514.549191752734,1122376,$1000-$10K
BYmbDhBUDfntGYGm7qtW3UfzNogoysEcjZhQACYLYLWy,9514.549036486864,1122377,$1000-$10K
5s7tJbNmUYdNfEjm3v8EkLDZFiju2j3GNaqKVGWcP52Y,9514.54307564983,1122378,$1000-$10K
3WtJUFZbNdFLgHZcWgEgHzZNnthTsAB5BcfsjkVcbi3z,9514.52686239611,1122379,$1000-$10K
GCs5EoiuTjXG6VGZSEwNagvSVtq2g8UN6BNPBbq6gf7o,9514.514451801619,1122380,$1000-$10K
81yM9BpAMDGW91zKLreVXfosqupKHAGMdWb43AgkHnqK,9514.514336866083,1122381,$1000-$10K
C5y27tP9h8QksrvrEU4NJQogEAyuqAc2ETjPHpuZzfuS,9514.50743124558,1122382,$1000-$10K
Hm1tAqMSpeQ874XtDkLR7ZxfAwfLsmdyScEZwnoXD6qe,9514.501654254414,1122383,$1000-$10K
BYeFZ9fYkW2NZjfLdcyr7GLYSTbxKWauXWwXQTVhFUzw,9514.500493916985,1122384,$1000-$10K
FdsDfVrMkstgbUVe1kFZEgDpt9DfX7A739UQPmKjwFSn,9514.489444183724,1122385,$1000-$10K
Cddkrti9a9i5isaWeATLfVZVKUgoYGMLoZYSMeuY3dGh,9514.467633778873,1122386,$1000-$10K
MDZp2nvinCwGyBaeTVkRA6tnZ5wifeWtAbr4r5B23sM,9514.456521035143,1122387,$1000-$10K
F1firHmMHdDTx85XRLnwjn4GwrsiCC2cu7s34MeXkLjq,9514.412026234633,1122388,$1000-$10K
DMffzticLj4eHmX4WFRtb5qnrwQZeX7gh7vkhFDQeaVM,9514.396777561402,1122389,$1000-$10K
8ErozTdiK18RkPZFvwmBzHMUfgFQRQ2y2HRNyZpSS4pm,9514.381418693085,1122390,$1000-$10K
2GZPAEtb1VRvxsU1gv4V7TTkLa9ZxQDtm98FVKEDcEBT,9514.380784974299,1122391,$1000-$10K
AZCyazfNtsZ23z8i4jWLARtHYnsnXAh1sCFR83Jxg2U4,9514.34460595612,1122392,$1000-$10K
HastYx3pWzmiYvrdJQbtbq16pmp2xSyjErk75tX9LPia,9514.332262446156,1122393,$1000-$10K
5C2iue2Q4qUfQthftR614oVSghGaU6yfwDrUXnyMs2Um,9514.286514438445,1122394,$1000-$10K
6gZu53KNWynV1xANvDaYZ9khtSZRcYqDytKh1qESJCn4,9514.26047517821,1122395,$1000-$10K
6aWJphrkXPktkW2PE814sp5NZAr1QMrxFLwtKMWq9Tnd,9514.247613413027,1122396,$1000-$10K
2x9iJ12mfssSriZDPaFEHkdTYELKB5A5hf4FMiLUoDYv,9514.23142461864,1122397,$1000-$10K
GhXBXd8isVGRX99yfpbbaqfaznyXVgkjJy5b9XV6cwH1,9514.202439673249,1122398,$1000-$10K
nYuGDD8Q9T2XnHfp78JWWTCvC7tUWxeQbo9uubgHPCH,9514.170307397006,1122399,$1000-$10K
Go6XZ7DdPaY48uBzXGg2iANHr35iYVvPD7zTpYRwQay9,9514.157264127472,1122400,$1000-$10K
Gh3YxY9kdiMbfGKrUqP5tAN87RtBPJTYqowYxW7GrCe6,9514.144436905963,1122401,$1000-$10K
5e8H3N6opzeAbQF5P4NQF6jg8WwAm5QxoDS3HEdE3Yv3,9514.112784969122,1122402,$1000-$10K
FPynD597JQ24AFvtspmAQLyDRBVbWN6KCqWUWoJLnALs,9514.086627846571,1122403,$1000-$10K
FitiexKj4c3d1477637ga3uFbh1AALhDa391gQd5rGYq,9514.07151225877,1122404,$1000-$10K
aSjZmzmSLuTJUmE5AZkxoL9PTWQeVnfu8oyebTkoq5p,9514.068418733232,1122405,$1000-$10K
EXA4YgwW1fWS4zz6e6cY6DgzHWoT1RYFyKeY6DZSDdVJ,9514.05411712684,1122406,$1000-$10K
FDWfdF7gkYhXRUGkNouCNsiZKKPzMCm6ejKDDDHamG3f,9514.048043277511,1122407,$1000-$10K
DTWw9eD31vG2MM1mTpPBcycLFUaDYF4FK2tSWFpCA7Dr,9514.03662287362,1122408,$1000-$10K
4UPGcG5x77yXeLZpcFo4C1FLj5DX4hMF3g4BGaeeEw8u,9513.995678979018,1122409,$1000-$10K
78yTCVwVDspcBUvGBdJRYM2nvjTTbDrdzdRQcpd3Ld3X,9513.978176484517,1122410,$1000-$10K
CqwhUydsmkbbTWV4SnACPcaWWq1WdcfjtLDwbtXMt8Qm,9513.969357550199,1122411,$1000-$10K
CDHukiqEwEUWLh4ZQsLV2mnvvLm1CCdeDEka9dXbJi4r,9513.9530758364,1122412,$1000-$10K
4aw8yfrrTeZPkrHFp5eHbfDBudZEjCmN4gWCamkUNQCM,9513.930551123269,1122413,$1000-$10K
4DHUsQ367e5RjNBupfGTXBufYgajaNFjUUrRnHcUbtJE,9513.900174748509,1122414,$1000-$10K
EYauHguSRkPSLJtQYXoJiQdYiTpeStG6GxPMZaAq9ZMY,9513.863185202104,1122415,$1000-$10K
4xSFfSMHfgj9S1Rv8iz7EoP1Cm3krFcQ6gyM9pBrB8WH,9513.854757077279,1122416,$1000-$10K
2tdujo3KsNSnb2j4yoGkZmCjrJ1By7NaxYAqvfrgoZ4L,9513.847897047894,1122417,$1000-$10K
8kAdMRnVTKD2ZPMiCd4QRSJL7RJzqHEhdzhf195AiqbN,9513.845987690478,1122418,$1000-$10K
2FX3HhCHZHG97nvGquqpyuWkU4M7KZxRdjuxdDGzQN6n,9513.835960358187,1122419,$1000-$10K
HEPiTjB5rnVRvPeG3cr3J5HrMKvAJv7bKQFgSBG5EaCb,9513.832622001626,1122420,$1000-$10K
rAbQYbhAVeg49noi9s4vbKFLJ6uhKJr9zYqibdHZ1nE,9513.81951941615,1122421,$1000-$10K
HR8Pw8kyC69P9A8ge9heQ2xNnKkuVvewTYPDPpXFoXT3,9513.776077867513,1122422,$1000-$10K
C4jaD5VLoHonHmZoER4bDEjzYxbktSLXAFd8N3GRTk8Q,9513.761937606288,1122423,$1000-$10K
5q5FZXjFwmYFSQJpugZicFNFurdXExTbefYAWwL4iP6q,9513.75221765575,1122424,$1000-$10K
G97PnedNoZeRHyDvu8vL4iqejHbPcTJmJNxR5np8dipQ,9513.72355226679,1122425,$1000-$10K
FfAvnizVYQjyByuEHXg6di9ScgMJFXWrX6n48YPioabL,9513.68627247719,1122426,$1000-$10K
ELLBGa6DTdEVui6Ydt8vqsnsyybAxyVLPwY7oH6onbUq,9513.673997274285,1122427,$1000-$10K
Fz4uCZhzpK2eMaVJYMVGCpFKw7rBdPM2rE6HzZdQ2X51,9513.64655312929,1122428,$1000-$10K
7SmBTk3M6oYPsEx26h4K4piGnbdRqWAGxeixX7MKB7eY,9513.62503844898,1122429,$1000-$10K
132mBNBgMm6MZMuAxuRxdqkbZKk1yEovhQT1LoAV8KiK,9513.613415127264,1122430,$1000-$10K
2sqPtVyNrX5rY9ts4nNqj9RK1bsuEVxsjdEtgezkU9Zq,9513.596071763368,1122431,$1000-$10K
D7B5UvtibPezS7GCjXLQj7ysNoMDdK27gja3cspFnwVZ,9513.56925738979,1122432,$1000-$10K
4pJWu8JxRqScFfF4ta2Qx3tqQsZL9HpnWJrKtTCQu74U,9513.549822299557,1122433,$1000-$10K
2Kbfo9FUJP5aQpdnuSQtbYRADgFPTVQVdj6wqLJu5KCJ,9513.54644552952,1122434,$1000-$10K
6NRRmFZnVCZi9uEhAZHNuwY6RbUPCmP5X2hfkcgvtbzh,9513.541243453697,1122435,$1000-$10K
BwYwodNu1R7QNQcpV2f3xXxTjCfz6q3bPpkdBD4xFDjx,9513.530859427134,1122436,$1000-$10K
AhxCkW6iHkLxUb1uYRhbU8okrPjzSCdYmnMvHcCRcQzN,9513.503333919298,1122437,$1000-$10K
3ejo5HVV5KB6NghKEBckyoSCjc1VFMXqrEd1qkTMCyXC,9513.48835042929,1122438,$1000-$10K
BDmKYYNzMqkeWMmN6KFEcEWhDE5CTeJg7u2ix3BTaTzq,9513.484379952362,1122439,$1000-$10K
BQv6pZosRPC3Z53LwXmtjhHj6Q1v2am4tbAx3xGSsdXk,9513.457697573442,1122440,$1000-$10K
E7Yngu87jHRcqedtYkC9eYCgpNy858boJMvqvBMKfS8J,9513.438137192225,1122441,$1000-$10K
5eaTtKjoMEbrpy3nzE9qEtbCLmbi8DAeHMDdf96k6w7f,9513.376914393422,1122442,$1000-$10K
BDTAQmEXzdyTx8HbSp1sLy3ehXUHMt13h6CeYw6QzbA4,9513.372919245401,1122443,$1000-$10K
BZmSyiKVRXXwCWA87FsbRZ4FSNSDEVNxcQsL8FPL774U,9513.356291008367,1122444,$1000-$10K
f1X6FjMX4MzfyLU23Nbi5tvnzdxV8PqMykD6WndZC53,9513.336497558375,1122445,$1000-$10K
4sw1KGnsSePgEgJt56d5E7vN1hEhDpwAARx1nR5EYVgH,9513.33538408714,1122446,$1000-$10K
5ozEyhKjPfWi8vq1kHH1pjgoWVR7wXRobWrZAwz55eTx,9513.321055438862,1122447,$1000-$10K
FBSTpMdSkjtoNZPLHdw9bCArYFy9DYK4QNc5UPibwgeY,9513.320779022833,1122448,$1000-$10K
Bz2hYttFS7CFUAAzbU4PoYeQSJPxyNrX1x2mUngabn8Y,9513.313940583012,1122449,$1000-$10K
J6eywyc1uNJfnUH1czqCAf4t2CuhxYPcrf2c4uCa954k,9513.311499510419,1122450,$1000-$10K
HeGEtZ1rKr9hbvTc59BoHur1TwammPAttjndfDV5QEK8,9513.278086013765,1122451,$1000-$10K
Cnhgja9Z9HPkp9MRQuZjTCySGnWFfjNs7TDfSxmqt4rS,9513.256615521042,1122452,$1000-$10K
6v1qyKq3JNEPRYo7gq8hb6x4JGfHvdJTacRU1wDCkkEf,9513.252508519212,1122453,$1000-$10K
DCK6sfhQcEHwv7sDD7waZY7BuZHhL6V1qNv6aGViJQkQ,9513.246613346651,1122454,$1000-$10K
EZa3k7TNdSJtYcmTuxFEsM39JTY8NfqRsKcYEK9EAc17,9513.240406976753,1122455,$1000-$10K
DnzhoTmwQ1yu2DbvMre3ew3pJQnxWQQeAUmigTXSuw8o,9513.226381340077,1122456,$1000-$10K
GQn9TuST9B6kbD9s7dpuSR6sEeuNaLVSmDmdRvQmPam9,9513.215494666707,1122457,$1000-$10K
AvYRHg5ZxbdQYC4bFDWp8LmQ3AM5WYXCAUXkmjpg57Ld,9513.198122489392,1122458,$1000-$10K
8wNGHXgUb6DwEnscKWeBdxZ3qUb7cune3UffBnjLgUzg,9513.192013583966,1122459,$1000-$10K
Fvda7ZQRgAmwGCYQPEo3ftonpjrhEtwZRXgeAA8fX68W,9513.188871356699,1122460,$1000-$10K
C39zvk59syUza77wUqFjSgApy2ioLVhWoANWsvGr6HS,9513.186714810781,1122461,$1000-$10K
Gbzhdz8zo1gAi1rvc7UhbZMLsWgoqjajGV34LqgSq9LU,9513.180447537652,1122462,$1000-$10K
C4j1Be1Fkuio8n42Q4X9W2qhLSPA7V7KNJZ2szv1PBE4,9513.17554728828,1122463,$1000-$10K
86mkr2jN583xptJKRBbVRrVpXEt2GCYFYxVahTgtjHoX,9513.1461479243,1122464,$1000-$10K
8Kneiq8Bhg9JdB42D5KHW7phWJRB2Ww4WWWXc2GvwY7p,9513.137523289028,1122465,$1000-$10K
9epv51ggz18BjpR2zQKnSeRBH5db2xbJFQLkKFrqdR3a,9513.10006573265,1122466,$1000-$10K
4etDtxoFt2gbdmwZHNn3RmhxrJA2Mg4kGSkQgECyK3b9,9513.06091292029,1122467,$1000-$10K
EMgbyFgaXi8YGyTe1UR39tHhPKNLDUpd2i24bXkwtcwf,9513.039090293762,1122468,$1000-$10K
6SmaTu7M51t7hvknV95xTz7HEAtPPAibausLBDbrqTh9,9513.038795402497,1122469,$1000-$10K
2eSxg2TTLnTf2oHFHbKszafpV5tBFLnenowTm3pSzm2v,9512.993368754373,1122470,$1000-$10K
C24U4CbTdGGHfXBGywHcA4deA6nH9nzanUN9bouPj6iN,9512.992043426624,1122471,$1000-$10K
HHQWFoAtc9n1akAivVnZWyMLvLbjGozQbnkWoUJ3mvhv,9512.965803188268,1122472,$1000-$10K
EAfoxucCauTWqG1GGAMvCuuXfoPxw9JmcU5D6KkiGBsa,9512.946382952692,1122473,$1000-$10K
ARDwPuYqnHTXk6x1WcYLap5mwC2S8ncNaf6DDkWH7k8T,9512.9452283989,1122474,$1000-$10K
3Sftwtqb9jeomnnqcNY8HfeNoHfQnTPkWzoAVcS2WWwo,9512.941426962572,1122475,$1000-$10K
GMDaTbrenFo8u37DAiZuiJ4bVUDNpgDxZ1Hb3SwjGHNH,9512.939544292441,1122476,$1000-$10K
5f6ozPewYqGoRxRo3muPH6ZzsY7MuhQriaKccjFwcp28,9512.938194071752,1122477,$1000-$10K
533DrjwGQHn5sXgUTVeWCTFrY32WreP9KAemnT5RWrWm,9512.91531119612,1122478,$1000-$10K
4bp3U47rALcucDS4bhKUemxw7nfhtihdT8aJGqXh3nKG,9512.907979391272,1122479,$1000-$10K
HW8yFyUxaegCFKotCYzBLZrhUG4v9xUKEBFRPJnj624e,9512.903919886789,1122480,$1000-$10K
ELULCqdQhtds68V47hbt2Tub5SvUVqTNyiA9URUbwhc5,9512.901862731296,1122481,$1000-$10K
A82FMRbYLhuD95yedQftXMkourmgsdibJptH1A6vWMw9,9512.894790521555,1122482,$1000-$10K
4WqtF4JUyeezdnW7HHycUHLgpZTjqmbwWq7bAFozSXTd,9512.88901585945,1122483,$1000-$10K
F7nh5KuYSwMSEsCKqK44SCxTeSpw5Nh8gigHKeQNBvBU,9512.83616754823,1122484,$1000-$10K
25FQdpbLKp6CVip4wcBbeFofSDh5Tcx7bomZj2HTRH3F,9512.80296838515,1122485,$1000-$10K
GDFVMJnVWDpHDEc8AMP5pqgS6of5jGnXz4Uxs5KhJyca,9512.79131856436,1122486,$1000-$10K
6f4xQPp28AbbRpAYKhXcd6iGWTEkj8KBYhgYnXvcrLDe,9512.753942237721,1122487,$1000-$10K
791R1Sd5P2NHdqCSyyx8d1umFhAPyDamcYF79VhKTzru,9512.747456959503,1122488,$1000-$10K
9XGf4fRvqS1T19DRZ88fw9i2ZVHu5kP9Rbk9cvmGe3xQ,9512.742020276264,1122489,$1000-$10K
2Hfb9uBCyobvyPrPxS3scjBckUeRPw6v9zt5WiVNCxwN,9512.719207663939,1122490,$1000-$10K
knvDHPste5aK38V8Rp2tgf8bCF7ikvm2iXpMEpN5w9C,9512.700274084402,1122491,$1000-$10K
ChyxpftwqK3Hh5Q7WQF1u3cPG17dYVbNffCXMVeeDZFP,9512.698261758658,1122492,$1000-$10K
dWxaMVpuW1UqBzTo9p36RWPNNmLbyBij7BtNocMY4Fx,9512.645294177148,1122493,$1000-$10K
FM1XuYy6iu8EpX1T7XUk8jGXptwp56Li4CDXhLcRtL8k,9512.607113836733,1122494,$1000-$10K
Af6njzbRENfK5FyHoo8P4QNWEM8YmvXWrm8eQMLjVsxj,9512.577391457638,1122495,$1000-$10K
CfzrcbnZjviGVjo2qmW2EubJmN3d9c9eFw7mETxPkL22,9512.57585689178,1122496,$1000-$10K
9LdtNkV7xchY36mJufDhomNSx9cazNj8LrhRUyABYCyC,9512.55762781674,1122497,$1000-$10K
DvW78K8nysMjNwAM6wgFCWE3UWvS1kQMwiR7toxvxTJe,9512.503649069815,1122498,$1000-$10K
44dBMM8Rk4QKr4EX17j8qdXqcExQ3bB2ENRAEZCKdu3h,9512.49343562283,1122499,$1000-$10K
VhjPAdjEKMgZJwVGWENCLTwuXQeioRxCHu9TH79HQyV,9512.490279750578,1122500,$1000-$10K
CBn818aK9cKdd5YeJBgYbj13Ah78KvRvsfdQxuCP1W7t,9512.461066824979,1122501,$1000-$10K
AH5cmYa6WFuHDraHAXCURD2dKZAjgujMpWBaPzUUKQYZ,9512.407691672719,1122502,$1000-$10K
8L73DKvVmNnEYfQDTTxeevvHNLo3NzcHkEvy6iZRK46w,9512.401395626051,1122503,$1000-$10K
5ZPQYTgbJoYGX837UWUgFBJFqa1Trapr6S985EYmN9bg,9512.398135276339,1122504,$1000-$10K
a1qU1C1cf1fgapCR3XokXdqCJSWBzmqGzyk4qtNgFBL,9512.394637564912,1122505,$1000-$10K
AtaKRNaFTHjzbAVMrefVFYevwe72n9ttsQSvWLkYzZu7,9512.368745941856,1122506,$1000-$10K
8Qsu37X8z6Axdmer3eZ11aquWwjWK7WCiqm22uzVXprX,9512.368025222484,1122507,$1000-$10K
Hng1fAEhPLBAtuaY9V3TCMkFwLeGaLUavuCv3kziaYN5,9512.360936942945,1122508,$1000-$10K
7bARbVXfE7mKNHh1Uz5uVpnHSjjdmwvMXZT1EJFMmYDJ,9512.350001433866,1122509,$1000-$10K
Abvp3bMEvqLXEqijqD7XezyYj9M3VKxjSijB3UhVaCUt,9512.315278698634,1122510,$1000-$10K
HbWpZUj6cYBkct3T7VmHxz8wUtYYMYDA171L2k2hMKYT,9512.311545853523,1122511,$1000-$10K
A5ccEQv1anQ1FgpkSLDHnohk2abjzaausG86d9Todh8X,9512.308849911127,1122512,$1000-$10K
4CMqVYEqTpgGmU37UJYfQG6ykJqS6QzcCnFYCELXUbBC,9512.279268925557,1122513,$1000-$10K
8y5kb1VFRoeTq3gMyxJz1AdSxHFJZ4neGbomGWxawu5U,9512.270737358556,1122514,$1000-$10K
3SnamoUJCoW95yipW74UBsr26zJM3rbhaQ4j6K4putRi,9512.260274890386,1122515,$1000-$10K
Czmrtz7SCZaDE1bCB3DEgFVFaTnruJ4bpGugJjQzUziP,9512.246136211004,1122516,$1000-$10K
4jo8RjmB3bg1CE15MkX65rM4KJSDgNLyBiJxzhXAZsd9,9512.243524284975,1122517,$1000-$10K
HzpUfZyzvLQughTs1SAR5ztgEm2xMp3FNbBdC4kgWz1V,9512.231034769844,1122518,$1000-$10K
4p15Q1yzY1xYbYny4Z8gqdrYmXUJZv5Nuy1jTNLLsphv,9512.221969750683,1122519,$1000-$10K
7jhVpk4f5Heu1ATCvY3w8fvG9evfC767HAQoc1ZvGXw,9512.19673709412,1122520,$1000-$10K
J3CXuELb6VPeYoiWT34xtY3x9v6irLoUp5f2i6pg5ftV,9512.182826942604,1122521,$1000-$10K
EsWCSSwp1q7cr7UtVJZDyA8jRHFDRYQpvgrYPhBjCz5p,9512.179954453577,1122522,$1000-$10K
5NU5PgRMHMefKj4oimzfgk2jRZQuzA2gF8g8m3VQyWCa,9512.179173842716,1122523,$1000-$10K
AJtM75NcYtCmWC9ScMiu4QSrN45Cjp25JQKZgRwTWSry,9512.11420591993,1122524,$1000-$10K
4mTLUbJw7QVS3gRNXoK6xfg9DvV2dChyVYPeWMrS6XpQ,9512.113749898579,1122525,$1000-$10K
AJT9spsYkT4ynRAeqrY12bUNkBjzK87sEWQhyrnmgdwc,9512.101167883393,1122526,$1000-$10K
GxG9x19pCNqGgSbbE4r2gt8xMUPgvhyBCK94XPMz8YLL,9512.07908402377,1122527,$1000-$10K
3FJd7EAosyFZU7EP9upHjU56H2SuDsEo9CyDfBqHVC1D,9512.077126391616,1122528,$1000-$10K
DcEb47HEfJR1Zns6zEQVDqDPShadwmPF4C669f9C295H,9512.074890596421,1122529,$1000-$10K
CsZgeojAjTwo8dBzJ9FCrNuRj8ruee2xHLzJN6feK9Es,9512.044316788397,1122530,$1000-$10K
JDxm1HDNpJn5KiLcg5Wu5pcjf3jdW3YsA9knuGK4KAiw,9512.039553373424,1122531,$1000-$10K
6jRGtJv6tSoTmPrUmKseFaXSuzJNmsJS5idULrPAZv5b,9512.031815757899,1122532,$1000-$10K
2QX1HJc79YYbZn4gwyBkTke6V8ZNrebJcZskTUvTQKSC,9512.026177203468,1122533,$1000-$10K
8rYYAxJgW7MSycv2ZgrSvdVWvNyiFSN7Ku4LqR7xtX29,9512.021988135522,1122534,$1000-$10K
8biBsPsrMKMyz5vyrGweUZSCyvq9ypLqXmmKDfofDxqM,9512.002008195197,1122535,$1000-$10K
5AYZdCagWVZHBqbvJ76zjzh84qdQ55c4qeTpMhc5c7PK,9511.98122627261,1122536,$1000-$10K
FBdHyhiRmQCwKHpXG7dAfRa8jM1LzMT3JFEv64kcnDPm,9511.979983674659,1122537,$1000-$10K
HCmpZjbuj4tQtMSucnkhVsM2sGtZoaaVVQ7MuWEuKzwd,9511.97554997161,1122538,$1000-$10K
BhBAJ4j7DcdpPfymvwnENC43VQa6BmZJqRMGzp4Mt6P4,9511.970087358379,1122539,$1000-$10K
7b3AsR6XMtFWR4BQzELTv9XTMZwD9jJqeDYyZ8n2n5wt,9511.950319004904,1122540,$1000-$10K
8E7stvPsZ3ovs936fq3aDhpShz4NB6sjtiA7roEPKAmQ,9511.93670623317,1122541,$1000-$10K
8y8ZjQW5XmB6YEDfFMgnJFmerck3TWqKCZMEo3yhuwxP,9511.932367632475,1122542,$1000-$10K
HCdufqpdDeQAJEpnwNwkNSn7Pw5RnSnr2AvmhkKybfQB,9511.928674327264,1122543,$1000-$10K
5KMoCBVeHyfrKYk2x38JMg27E9JQfaSi4L2UE2zkjpME,9511.924379429429,1122544,$1000-$10K
3iVa77o7XfdjsFk2pQmeH6JHy9ktdFAohWDA7pu4Tb2e,9511.915577837473,1122545,$1000-$10K
H7fMVi5sVzLNCzet2uQFNrbjKyX7yuRfx7cM7Wyb8LEM,9511.912416357203,1122546,$1000-$10K
14eMwNX5pCJ1ifar9jooLGfxLatRTTmEzM13ujTTsPRX,9511.900959132856,1122547,$1000-$10K
2q2ywvkER1faCUL7s1KFuvgEr8Vg8ieQtuUs2qrNSe2k,9511.90066507969,1122548,$1000-$10K
ExCCqDuWNkSutiw8rYwsgmuP559DVie8rVUf3Btomoon,9511.89756634197,1122549,$1000-$10K
9cvyRTkXC8wjqUT5csYp7cnHPJtxxf15sf7drEARg6Cy,9511.885501363606,1122550,$1000-$10K
6JFTshseFHxZ4nLeFrHcfPkVaFxf1MPKfE3dExSwx62Q,9511.876914414608,1122551,$1000-$10K
3UQTSndTWpTdqSBBQcZVQGaKkd8WZTNU8nhanew4iH7f,9511.818460052387,1122552,$1000-$10K
FkNbtaSRnqffjAtBGZvuuMwLmijjjkEvvUqrz67QG7AP,9511.795585919072,1122553,$1000-$10K
HKABDswBLrcB1kcospxfivyktMSsr8F3GQ276KApL4TF,9511.79218555796,1122554,$1000-$10K
HZvUwWTFpvSHVyjWCWRdVv1dEWUR2MGmkT7EuT1S1BPh,9511.792124507612,1122555,$1000-$10K
BeuiKEqa43KqB2dYPBUhjGfWdCDD6CtH8p6k8kJoAreq,9511.781379202977,1122556,$1000-$10K
6m2wnXvq8m3yT2pe4SfRmMmmcJqmGgHAhPY8vh8r9SM1,9511.764563205172,1122557,$1000-$10K
D9DGXwYUt7KtJp1aoZgiam9LhV6M9mEf6fCvKwU2NUM5,9511.761793646852,1122558,$1000-$10K
GcictCVdBA3ibj5GBnNuY3hpqgy3cUUnNuSa63tyYQYd,9511.747706687454,1122559,$1000-$10K
5dBrPhq3WVqXxLk4MvJZKRSjmpBwoJWiMdryK8uNWPQf,9511.740989506494,1122560,$1000-$10K
3TS15h5vknoFhet5fQR6tEw5vEGcrnZsqEA6USxSBXiW,9511.72020132679,1122561,$1000-$10K
238QiKEYwEB58hyvP7axM8WgioFP6Y5jimYWZ8Nt8iMi,9511.700696345599,1122562,$1000-$10K
33aotTtHW6XZLmNp42ao1zrWQYkD6o8TsMh8LL3KkSCv,9511.695087816175,1122563,$1000-$10K
ren8ZeqJ7Gmmwsw7sU71ua9QreN4U1jeBGhAgguPsvF,9511.67042375304,1122564,$1000-$10K
FnfXmy8NfsW48MVhUujT9bz3STBCubEkscYkJ6hnekoi,9511.629928888311,1122565,$1000-$10K
JAbLEUddZSxiKcV1EpkJRgeE9ZALhvcfFNjPutgd8sgE,9511.615335070912,1122566,$1000-$10K
96VgUFkHfysTkafq1pUjTqWn9DUA65afGsmxVcqbknnj,9511.614047530918,1122567,$1000-$10K
ByJFnV2noYXhZGJYPPuw5tkMFkyjCbt4zDhyWse1bfJq,9511.605605744518,1122568,$1000-$10K
3kLx6BhHgVj1gbvHC4BLecvBMxweGMip3bqtzHFKTAbM,9511.5852305676,1122569,$1000-$10K
6eJz2ijydBPpUS5CA5Lx3K9upAVisD34MrFxHZ8GBCwo,9511.572909829141,1122570,$1000-$10K
7kosxsEQneAJw7LrFDkDMLXpwZm2vxS6c3wjmPnQQo7r,9511.55468518081,1122571,$1000-$10K
HRu1PWcZad6AuESFuC8Zuq6P1ydQ6tWdPzn4Gq2ABXa,9511.539374415705,1122572,$1000-$10K
Gy8EeiKNTmkaZrdKWimqDtYm1ibx2ZVmawkkrk6u698H,9511.523874150978,1122573,$1000-$10K
5hWhggp1WtCEWaCpPh2rsgfvdQfu2EH2jhvurG67gvM5,9511.509739814337,1122574,$1000-$10K
6b5xh5PPokm1znitsrByRZcDSPv98umufVNkYxoQJ49R,9511.505809978524,1122575,$1000-$10K
HgEaimDM7dBx4XNnLCeuN4dcAiibmkME8yERySySCeHN,9511.494075915176,1122576,$1000-$10K
6KZhVwmK2KRMoiMwHz6Cmpr37GumqWdK7jZJFo9jXXiv,9511.449651713845,1122577,$1000-$10K
BEyj82fzoh3fyFoZDct4R7cYrXuPXN8tZtkx73VFGJpB,9511.444724851806,1122578,$1000-$10K
9Vs2C1mu7Ls6Ph2vHRfXFYeYeZPTBsjXFVZxecTwQJT8,9511.427534202521,1122579,$1000-$10K
CpVnxiTp4SYdKzRz2DUWwDZnR2cQ7BYh5U4xWTcpb2eh,9511.394151409944,1122580,$1000-$10K
7xeSXStkpzDeggqZ675FLHA4RaixsMM7xLnZTpskh5Hm,9511.377596026032,1122581,$1000-$10K
FPo9zU9B9RoW6psajrMrVVsV1qC551QjLF2UV5BoFT4k,9511.370883288278,1122582,$1000-$10K
H6Uxjfz7bJaSSkrqf6EfXjoQRfFSAQoo99YCqNpbUXnm,9511.334644397613,1122583,$1000-$10K
88eFJcsTXs7X1N1YH866SZfJ9vT6nZCjAikCuEcVNZN9,9511.303836667177,1122584,$1000-$10K
9bYoHSx8CqvcrQJh6JjsofZtPSsurFFi6AYTkv9sPgAJ,9511.294430716918,1122585,$1000-$10K
8tg2Hi2Xb19m9dcgAGuvKaE19V86dDihxoP4VRkEPLiN,9511.291774117048,1122586,$1000-$10K
2muHZ6w3zQ3U6Jb8ghcUCoewFNDcec7R7CCsRXNiACiG,9511.28845479828,1122587,$1000-$10K
sPyhTeP6afsZhAQVDQW4qfnvSoGyRfHWsSFwzUs4i12,9511.28479814084,1122588,$1000-$10K
6UxhC1YAb9TzVX4qUJDNAVqZMyJw6f7pogRy1DupFAis,9511.281655001354,1122589,$1000-$10K
JDdbWLKLXmoYoPSba2ivWetbpMHjfv815JyKaYDjM7Hd,9511.278266533918,1122590,$1000-$10K
Fo5SqK52dKj6kH1RGfyQ1WEHDdivAjBAYLaykuSmwXJ4,9511.273378996782,1122591,$1000-$10K
4e7reFG17XsJdeKjTMVy2bGRBp4hfHFE58M19Trq5C34,9511.260253577142,1122592,$1000-$10K
5JQF8zjVVe9jSm7jt8f4BxjKCJpi77sp3DVKWABPqzST,9511.236095953198,1122593,$1000-$10K
Fg69XpiJmnPS6NHJFE7KSYxvi8vZLseYoo8Ycg1Yj6Hr,9511.229672081126,1122594,$1000-$10K
2ZDSkuzvvDzzLLo9nt61a1bP9KsTmdTGyKi4BpADsktw,9511.206455932013,1122595,$1000-$10K
B6Bdx87nccAzSbdmJMHLhvFoQiC2DWu9BY5iAhDhQ5oY,9511.186712912136,1122596,$1000-$10K
8x41fccHREq8HpGYmYj2jyoMe9eo8rqrPcX2HGbVKP9F,9511.181717110472,1122597,$1000-$10K
2QFJXFExasF4XVemzWvKETMjn8SM74FxV1ckutgfkUUY,9511.175384966009,1122598,$1000-$10K
5rcsCromyrB15yeADqLogukNC8Bc1bTL1PJ6D3ZSXuNt,9511.160003410972,1122599,$1000-$10K
FVwThExN1jUxo9eFdHpVMAwFfwdFFWqZK88JxmwTCKVQ,9511.14921599309,1122600,$1000-$10K
76uUx97uCceFrvGMJHpj7kBaiLuspbTBy6pLDnPhumfv,9511.119520993385,1122601,$1000-$10K
9aXnpGppYSthbnd5iZnFcTPyZoGT5MUGFAq28xU4QpkW,9511.0959846616,1122602,$1000-$10K
5VxBCKmA3W6Fk18oz5TTMWSrsMTgqN4uMDCXdnTdQU5M,9511.057691152939,1122603,$1000-$10K
9YKVQ12tHTNpjT5y5jqCov2S4Jm9o6qYeNXdJcbytqG2,9511.05165900395,1122604,$1000-$10K
HXihtUTpQapQpp9a5ZdJihLSdZ6mwYkBKtvPQqmuiGS2,9511.037216030218,1122605,$1000-$10K
FJ6mq1KmXyMpWyeqA7UuvUizLf1rM9QqZ9o1WA2dVsEs,9511.02237835751,1122606,$1000-$10K
Ginc9z4siNju13BLRo4PJFJ18WfE5YXZ7AeyVpxmmgch,9511.01991390601,1122607,$1000-$10K
4Z1Ghm5pfqMqDaRqiYJNc1rrm8abh3WFUhRng9ckVx9d,9511.00459311267,1122608,$1000-$10K
5HudyhjhFWihzp6a1LpZeRxHSyyihdrS1eDu6Wfm5Gkn,9510.999292626688,1122609,$1000-$10K
76sYTHMeGfHTdDxjKT7pSy36waMC3WJ7v2ttexS8Cruw,9510.98118533372,1122610,$1000-$10K
2hLEZqegesWBPGZ5q6QC1fFCFKG12pX8U9XaeK8hzKTB,9510.974667001854,1122611,$1000-$10K
DJQtvV8t9WnPWXyDvp3aPcGf2oH4kx4BqQcqfa36wQBE,9510.953326739696,1122612,$1000-$10K
Ft7QwN8XYmq4qou7uwtq3142QN3vrZ5hTq9vXgTRffnX,9510.94923226053,1122613,$1000-$10K
7MA8oLyLg1e6s2MzuLRueWqf6887NNyKTQ9Qty2j2w7L,9510.904158831318,1122614,$1000-$10K
G4fMBVYGgYnn1LQPjv1habi4g5a48DGLujCz1P44iC9f,9510.898479163337,1122615,$1000-$10K
2YqNjc9PfhuLMAHQqikh8iRJEACjUUssoKbT2gLUS7cX,9510.88489663974,1122616,$1000-$10K
6htB3yWxvhzhWFGmZPTKXiroNHa5HGL7JMbf9w5fUQe3,9510.833821452501,1122617,$1000-$10K
6UZUu3qy1tKzDdMQoMjF8fpbViEuX3ZrUAiWhkHM3WLS,9510.83230415367,1122618,$1000-$10K
2Vz3suSqDFXTqn12AoV7DkbQ6qohZX9SW2vYiFv3q6nX,9510.8191103091,1122619,$1000-$10K
BgjAsb8cUHs92CxRjE5SBiPCtHfct4U9qqAorquscN3o,9510.808756009068,1122620,$1000-$10K
A9eU9caRqC4scjJFJoMBh78EyzMNvsmLjCg8aQWmpVjD,9510.807265487823,1122621,$1000-$10K
DXNtQb9ZpfdrGkgEnsSFn6JTYoN6VwKKTk617XHdPrHf,9510.798325228105,1122622,$1000-$10K
6Ujti9UmS9nqSWUedar4pw6cysdkaXYCTUzhf1AQmGRk,9510.796394197952,1122623,$1000-$10K
GBP1pbCW6hL8Y1cAUmbL8t8D4bjXUAasqFjrDkrqaUtY,9510.78864625378,1122624,$1000-$10K
4eTt9tKG7bWzSj6asLr1vjDtACD8wFpBydeQk4MkPaVV,9510.784634095155,1122625,$1000-$10K
HMfrW1wn2YnaWvsM1gKFSqVWC46qo8piFiLFGYCmTEVh,9510.78399983474,1122626,$1000-$10K
CngyGNAFH8jb7KBBRHaFP284y1xsMCDvDDRasQhc17b1,9510.76462488462,1122627,$1000-$10K
JAmWFNxCBHXTc9XgCE8HHt62UNMVUqdETdBiKkq35rPt,9510.742207603946,1122628,$1000-$10K
5aqvCa7XcKaqJGi3RSkXSGPmrHeRM3hL9zQDmHLCXBCt,9510.723403379287,1122629,$1000-$10K
2cpmofKqfp1JkwchVMrxPbQhyihu3HPFexmzyGkTz1kJ,9510.723306673373,1122630,$1000-$10K
2w8NwcswQXnDnSAfoKbJigMS8p8QpLZCboZovbCXsM3e,9510.71607247717,1122631,$1000-$10K
386kdo1MW1SDuuAqBAiawUyfHucTuGpkqqPGfsChvXGg,9510.69377745059,1122632,$1000-$10K
5u429Mqjgw2WxaRHAtDZ89m9MyRpxkri8S4WcpfKK29b,9510.69193489431,1122633,$1000-$10K
2953yNhzx19ym92hWRBBu4mD2ASuz5wSWMeBpJxXSndt,9510.68343756396,1122634,$1000-$10K
FghYoErgju5HcvRFMPKdkukz4ccQmQ5KjQjrH4vAhrDa,9510.671017753424,1122635,$1000-$10K
25E9xBe4J4BJixAGi1nPyXSkmvPsdZ4B38jRBDXAJkWP,9510.665466242137,1122636,$1000-$10K
5xXtfS5CsR266L9YbPfGqXKhCXWsvKcb6vEF4QWKPpeX,9510.660972984786,1122637,$1000-$10K
DyhHe71j435zNc1CYd64v6u7CNv3YxLTFybEMqw77g3k,9510.654484767727,1122638,$1000-$10K
79YsgprRy37atjDhqgf4R4qobphhF544eJNkMpqF9Syo,9510.64847426687,1122639,$1000-$10K
FnBMiW8E1bKodfKwntt1KR8BXm7HU8NzQdzNYMVGCvKW,9510.644659229403,1122640,$1000-$10K
29Skpi56HUqJQhacUGS3V3CduB7UorBKJ1bkKErqUacr,9510.634004517553,1122641,$1000-$10K
28q5PtgPYnkuCGEyfLRkkDsZpLojMLV7KFkJttX7rKqG,9510.588244810682,1122642,$1000-$10K
JERYRYW3yBn5MEuh3sRfrhH2r7y5ivj4xtYszwMLFhq,9510.58113199054,1122643,$1000-$10K
6119fYzcZTwmCtCt2W2xcG3JskgoVV9XWj4898JgS6Pz,9510.576072934016,1122644,$1000-$10K
4yUAYyYz5DFUJYfgCgW42nKZNSXo5YDqHFus4oufdpXG,9510.51571779257,1122645,$1000-$10K
GmzcyGmfFQowMUBZyrhp8nRuy8m9r6P58nRzF5RC5aVx,9510.493050730576,1122646,$1000-$10K
BkAzg5ByGye8adpnP356wbp3MSfQttkR2iveib7jfDDC,9510.492184718647,1122647,$1000-$10K
7BiXn97dnCiNBzUKt1PQzHBpkDAv15Rdz5vZAbi7b5Df,9510.480946965443,1122648,$1000-$10K
DYdARprXaY1uFNYSuNkUKxVJMHtYTjbQcXVrDKNYyuyD,9510.445628845708,1122649,$1000-$10K
h3FHL5wbjgGH3rvgJZCcTwBqfaE9xdL18dYre9TYAjz,9510.437451331185,1122650,$1000-$10K
CtNXZPiuAUGK6SD6n21wszUhtQbh3MQQhCfgWUrRm32J,9510.43271371764,1122651,$1000-$10K
k6S6b1CCPmf3sF34YTHt88izNVuhYDKE93ADPZTYNg6,9510.423141942578,1122652,$1000-$10K
EkJMsY5YcmCm8Ueh7sX8DWYur5frqULYyCnkApsgotuL,9510.418488614476,1122653,$1000-$10K
HJximt9e46ysTv3MKVvv9DuHbvaSim85mRB9XNPEGCX9,9510.351464681826,1122654,$1000-$10K
CCMPngiFK6bzBfjmASYrryPbm4yFU66bwBqY5FBvY2CQ,9510.344914165044,1122655,$1000-$10K
HffnSXxRU8wyu335YRNAHLLhQbbiz9wCvtz5JLrDHGSS,9510.30875533856,1122656,$1000-$10K
HRhozDXtRe9Z2jXSjRuaDmyuLmL44G1wjMiSE8qwNxGt,9510.298520848823,1122657,$1000-$10K
m89ZByZxXvSJoLTrCoQAQ1GxkinXcYD3DTcx4gARBem,9510.295218733421,1122658,$1000-$10K
G3P8X68ccTxxAP22xBBGCHkkX6hmcZRLCg8GghvRUZuX,9510.268610748684,1122659,$1000-$10K
8CxdPpBpLnEZwKKkuUq8fep7pnKd3nnJsYW4aiqEE9pi,9510.266636822516,1122660,$1000-$10K
CwUwKEKfcECkpBcPq31BxvMySSqTccQNt94WpigBDWRD,9510.256217735954,1122661,$1000-$10K
2SS63eFtgTVvtF7maFnRQs1NDbT2QKeU6c4C3yxyg9ps,9510.241940596992,1122662,$1000-$10K
DcyaoqQZ8teu8zFg6ViEn1xsw56A5TtfXjqjNGJe6sv7,9510.227151265814,1122663,$1000-$10K
HaKzFoss3CUUjb8YrjEFB7FkN9wMeVofe8wJafekdGs6,9510.220630301319,1122664,$1000-$10K
4ZTiq5SMc7BYnEzdnsbkEFWEt85R8QpzsLXqaZJiJjhb,9510.207610969654,1122665,$1000-$10K
GLyF9hsrTibmgDP4RbRwWnidFbF3nbzJwd1WZCHZJRhs,9510.190363215728,1122666,$1000-$10K
Ek38zTjDfGht5ysfGkCzTeDCoE8bCnSkpPbaEDmCViqz,9510.186441489757,1122667,$1000-$10K
GJurZeHDyrC69waBU4u2wm23V7PqzXJ6Agy4gdwAFGLH,9510.182429543216,1122668,$1000-$10K
EYMsdPw6LcVKisH2Rh99WsDmWBRZT5bgETu3SszX9yDK,9510.177423984374,1122669,$1000-$10K
2ViWKfCts8EnXwWJSirhYsVqu3Pk6aw6NonPHbY5Mo9i,9510.170897581407,1122670,$1000-$10K
76G3CBi16WKkWjbNWYpgxJqK3kovjUs1Qvk1ArCfQmX7,9510.162434896203,1122671,$1000-$10K
6R5WXZvFC9SdV8Wy2DvKSpP1Nb6MeEm8zvA28bsYBhDo,9510.1558221952,1122672,$1000-$10K
FQH6tvHXy39Zxowzf5szZwrTFN4AQCUcWD9N84xviKp4,9510.148209931798,1122673,$1000-$10K
i8qpvRzmKSn7BW3YsEpK1w574VsBKXCpDtePPqgokTK,9510.138657158226,1122674,$1000-$10K
47LBpcPtGtCmnEMHt5NQsXAeGgAXdKvuioXdUNnKkoAj,9510.120487518332,1122675,$1000-$10K
HPgS8arrMxTbNpJJ45DsL2HuiQEPFpSRnvDvY2AVa9Rp,9510.114345576858,1122676,$1000-$10K
9imrbskECmBe1fBqfvCnXWxHahFqN1iR8JzQJfJLnWuc,9510.11026549834,1122677,$1000-$10K
6qZcqeof3tXR9qFrRsAeRPELbrryV8e379L7ZkyG6CZy,9510.082638494752,1122678,$1000-$10K
CYZocdPB7aqz4vZXfgYGWXgMuGKYUK5hynLcqS6Jvjvh,9510.058433197213,1122679,$1000-$10K
A4RmEyoyDTLsy2aJsxTjMys2dp1SQvSM2aGso13urFUe,9510.055923849939,1122680,$1000-$10K
HfCN173zGkmR456qyKv6ZVyNnPri6p9syUP1UeDixAvA,9510.04515423318,1122681,$1000-$10K
9Pnhn8LYkqHQgdNuA1NehRT44DJ5N9uxCk1GgdwsnPBL,9510.032401545073,1122682,$1000-$10K
F8PWpp7DgQUsfYcSV5YsRVfru4UZwf9tWGo9SNBm45X3,9510.026500313377,1122683,$1000-$10K
DmR58JEprWY9ftRCYUuzpa2N9BXVmSzbWFef1j2kNbW7,9510.006900782428,1122684,$1000-$10K
46hWLWeCpqjtDKRBcgSAMg7AbYr1d6KquErAi2PRVzFz,9509.964845795583,1122685,$1000-$10K
AT7NxVSLHCh5GhpwmE52FAXV3McKDVCvCV1jHNt8241m,9509.95290619558,1122686,$1000-$10K
CiPdJsNevStYnaZDwPUNEaA6xC7suGVNRTcShhLpDcd7,9509.948519027099,1122687,$1000-$10K
5zR4YteUn69atXohYhBpWdMza8XYtLSfhrNjQc1TUwGR,9509.940957656016,1122688,$1000-$10K
3Qi2trS8MHTnEFKC68oqvw6euYoqX5S1QdqVrC71RS6E,9509.94065064738,1122689,$1000-$10K
FYLXVrkAK5WwBYd744sSze8krNHn18dn1bsiXD2xLUkg,9509.938848273205,1122690,$1000-$10K
CGeTxSgkhWcqLzbUcTkcPPJHaPH9EBfMzjbm5jyW5fJK,9509.92731962487,1122691,$1000-$10K
BQvgtjwn2PdGQW19j4bExKEtcquwQCisxArWEiArFwLs,9509.899671941284,1122692,$1000-$10K
D8mPcrprdMrXGoEQRKcj8CRma4X863dBUqSqNnEwCw5j,9509.860429474851,1122693,$1000-$10K
DWQU1KbywS4wCCXL4Ho3DY1DRhsvUW941bRxbPW7AhmG,9509.859079982907,1122694,$1000-$10K
38UTSFSgxwLr2mJjERxEWRhZzAQwyoiky2ZeYyjKHjAB,9509.857889674036,1122695,$1000-$10K
3HACACP3a2BUbYfWyotuYUG3GXtgz5WfvJqdbKTL35eB,9509.819805355262,1122696,$1000-$10K
9Man91z4WNFoXQjLzdn3JLxESHhYVAkYtkLHYUty2CRg,9509.8089589378,1122697,$1000-$10K
ELTagL7kd7AyfSYMgG6quW4bnYmpnDWcKa6CfMhr58z,9509.80026484767,1122698,$1000-$10K
AcymAgNwYziaAzkzhwSG4igxiKcLi6j9FZ33c9SpWMRR,9509.796868921334,1122699,$1000-$10K
BnsYkhpMJtntmJvtS6tQqsB8ytvskr1kYHpMcpm9LAZz,9509.791122870873,1122700,$1000-$10K
3NcJx1NqX9w9mUnWBanpURuh232HjnTKumLL4Jbo4Do3,9509.778083479057,1122701,$1000-$10K
HQD76oKgmPaN2Uj4hpKth7x1Uj5rBw1nN1yd77oiucTa,9509.776851097009,1122702,$1000-$10K
21okSMEBq9hHuwBot6DMjvwuEK5EK4ApgDppuny4T4Jm,9509.72192942169,1122703,$1000-$10K
enrCEWyzov878P5wkzhbFiFQMz2T6Q21jD8oxXjL7Vi,9509.706717497993,1122704,$1000-$10K
HsZyvhzDdnu1EHVfAA84SVGzhiyRxmEB3KRSFJf7CjiX,9509.693969443839,1122705,$1000-$10K
GaK2VbXNQAbcKntLGtyb9Hg1nZZxo7BYjC58QT9pLL7N,9509.674899606098,1122706,$1000-$10K
7TG8MbsQ2MwphXD3c4azSgxNLBEePk5VyKW7DR3NqArQ,9509.620287485941,1122707,$1000-$10K
9SeB8D2nBeEYB4NEZnpVqQ3nKrXGEHHv7xfX4TpQ73Q1,9509.61756150712,1122708,$1000-$10K
4f77jEU2QbeS3mzuDVyHV5gcN5283mYy4AZShVKFTFve,9509.601008660138,1122709,$1000-$10K
HD5GkXe4664P3yFLVE1ej48JvDw2PCfoVUM1eUvscvsu,9509.596983137846,1122710,$1000-$10K
2MaUjEWbauLJ7hUm1YUYRxgEYVkMGayyDuHc3rmDEgiG,9509.595535424423,1122711,$1000-$10K
13M2W73uHfuZQuGq8eGcWqF2nFm5nfbMhv1zFntrgazF,9509.578980182694,1122712,$1000-$10K
2963bcoUS2Mpg2EuZrF5HfZzQqLtuMVCU1H5pgBy5fZ3,9509.556884396841,1122713,$1000-$10K
3ypX7Eeby1Pxz3FEECGvDd3muctNUjkTvQVkwkakHWGi,9509.550550752801,1122714,$1000-$10K
54R9YngM2X1XQzhzccfvixEivvP4ZFQMej3smVhHfEbU,9509.537774082373,1122715,$1000-$10K
Egyn1q2dXFRRqEsCZNfuWWmratJ7dwMrTMHNshrG9iav,9509.503154382199,1122716,$1000-$10K
5wkoaF6UoA27iwyPJo5jthBsssAZu7kiCsUmguWvgpGk,9509.502065272707,1122717,$1000-$10K
D7MwwoLF5neu1ZKq9LpGysg4EWH7jbfyy25PUmE87sU9,9509.483139740405,1122718,$1000-$10K
7tFgfiSZcfcuwccUFaHgwQvoejN4q88TgMJbzULeeAi,9509.483069738584,1122719,$1000-$10K
GSQfaxuQ4YsbsAni3MyoqzN9kfgWWStuanxXgwAwELYK,9509.457530451944,1122720,$1000-$10K
39UfuutiYbXFvLtFLYu4otFRxafNyfvg51kCd3x61jfR,9509.454884214856,1122721,$1000-$10K
Cdn7DEKtSwLr8eUUoAeXwLYXtpHpqcFmiNZecCrvubNM,9509.434139410778,1122722,$1000-$10K
4YBuRZFXEeU8KfKRsPc7xSg2UTM8UqsnjMchq6NFzv1i,9509.36232323128,1122723,$1000-$10K
47TGD12aDbVgDH1i79qvHUqmRJNpzYsTLoYda3zCccbU,9509.33396272941,1122724,$1000-$10K
4zUC7eh4a9NH188zBrnJN9wBJcJBeAx3WVPDVN7htAcL,9509.326691654891,1122725,$1000-$10K
7ncjJ2wp1wZUo1YDwSPE2DxV6YhSceffKXi8UrAKriYm,9509.316700147414,1122726,$1000-$10K
FqvTxSzqWEWtxf6prbZUWVo2D4bCANjKWe2Y8fFSThVN,9509.313521970196,1122727,$1000-$10K
699zN6yELosLnvRd5c69nptdDk7d3DvKCYjBsUwXnLaZ,9509.28834515717,1122728,$1000-$10K
3v9WYuHXmSKMrPfj1Jdmx2XPsKS6QJG2fqDCWk3PiZG4,9509.219487549293,1122729,$1000-$10K
FgkJV9TU8MdmMWk3pKeRtmew4tQPRULGpHhJLZBnhKeL,9509.201021524697,1122730,$1000-$10K
H68ofKoPv87a16dAL4eHi4rVjww6jJX66QccDQ3pJR1F,9509.182512170879,1122731,$1000-$10K
AJTDQYnLLd3CxhxejVtdtjL65WrNkf68bEARvCNsBhBD,9509.176868546878,1122732,$1000-$10K
7a32h6ck1GE9fFXqfqBXDBDhd7M6Yj7d6aynbRiLKotP,9509.167332962315,1122733,$1000-$10K
E7cdjUmJB86oCPmioHuGktYo5m74UtQ6MyobCnnBeyeD,9509.140919081028,1122734,$1000-$10K
2hE94Yw2mPGhhJjAagPkF5TL9Ah7hPWhiqF9Shma7oNz,9509.121311281984,1122735,$1000-$10K
EmjfppmdtprvPDGFRGne2c7TYob6G9v1uxWp1tuBqKbf,9509.118053687518,1122736,$1000-$10K
7YtrV7NmubjvKEuRrHS68KYFoWckj2XS5fzd4poFM2Cq,9509.100692359272,1122737,$1000-$10K
6i6NvH1BYv7HEskKRjgGvo6vXfR64JLxVrseTpWm8jht,9509.094073192626,1122738,$1000-$10K
EnqvRYPts97nfAuFz8uarv8pxyrw2DmG7xaSkjrN24nP,9509.090327340526,1122739,$1000-$10K
7KFPp7MypwZ8LFcChu61oyxUvN8v4oMX885hrBhYC6ME,9509.085291634534,1122740,$1000-$10K
3uNj2DFHVAdHBgLc4eG8YVXS5rfyk6icue6oCCNf6JtF,9509.078817292228,1122741,$1000-$10K
EcSkkomtJhh1WLSxKnaTmsZ1sXUbPihQ9mNgFXfKpTdo,9509.05634803983,1122742,$1000-$10K
GWYerSxqbrR8tT6kfftJpqZcqTtVG9wvvGiLxs67Jvz2,9509.047255072994,1122743,$1000-$10K
9opbte4LMdpvkgJQE2TrRzb2B3KPTtgVg6tFBKUNVtVV,9509.035347062441,1122744,$1000-$10K
5AMqWNd3jKMZd4i67vrGCtbxv6sZ8JUZLK5LQpYomat1,9509.019681868745,1122745,$1000-$10K
JD5gB6YjfbAoNsRSdHGFLinhuY9XbRQkLZdke8cmZRtA,9509.005877086993,1122746,$1000-$10K
A8gvyX34BgdBDDfp1c45DAPgrayFNnYQFpEMLktHa2HA,9508.997413726513,1122747,$1000-$10K
J1tSJoVEskV2A6TRsk3GbYQkhhoso8km6HLTz2zMA5mb,9508.987607119123,1122748,$1000-$10K
H9e5d5evKf2VURLWdAAjHHgnPjHKJsVebviyUHcXiEm6,9508.97780137023,1122749,$1000-$10K
7bbmrytqoKa5tBtpDbSAvMvsFXX5tR7jK8vvuKpSYwWb,9508.951529657083,1122750,$1000-$10K
EoxW49h3LpM67sfc4tFCCYi7yQp59SxYZ4mpvupz1b6U,9508.90776394875,1122751,$1000-$10K
4n9wfjLQepVvuz1Te1XungUjBbcDayS1i96cUFnvddHX,9508.901185634208,1122752,$1000-$10K
7S68zKaW2nuBYLCbvmAiS9aBRrbpJGejtHz4y4gmUpeD,9508.884128852642,1122753,$1000-$10K
BJXdwcUNpaHYf9umn6hix9Pp59Knp2uRao66aN2xZPrn,9508.880398411435,1122754,$1000-$10K
56qvLe2hniNEyjCw5ZQaSeaMdPawx2JLrvtQV1uvRRic,9508.874394465023,1122755,$1000-$10K
Efpictt33LdWDmL8FTPXBoftw98QGvZLw61ic411LGcy,9508.871414650781,1122756,$1000-$10K
6UBn4wzK8zGfudw81DZJJ7xUr4zc4jsbwfvnBBT9Sfoj,9508.864024606999,1122757,$1000-$10K
CFRggCy9JVCozqMgTv6v9cxmw6AaXXEPyDDUMuB2WaPR,9508.850333479131,1122758,$1000-$10K
Fr97wqcWxzsKYXezssUP1HZZUbUTwL6YtVdEYtQz2BLy,9508.808878382979,1122759,$1000-$10K
H4HbYNEQTEC7xxLzQP3pq2dU52kvL5BsjQofFoS92Sa6,9508.790675604227,1122760,$1000-$10K
9HLGVzfhekwzFMMt3Pcu62smb6R18ncfA8FF41c7vajN,9508.784849466596,1122761,$1000-$10K
D9hyzEWan4yAH4rDpjtmGfWFwHSEethMizosmbmwmcCM,9508.783857690592,1122762,$1000-$10K
HEJsi2XABbfiB2Szzm3fbVsFevkAwdrCykESLCyySP5o,9508.779084603912,1122763,$1000-$10K
8Vn777zLd2h1puhbeLRavy6CBMN9iDhg537UpDEpDuCq,9508.764617044693,1122764,$1000-$10K
AGPguv1XjX4zRNqy8RfxZKFnoT8mrYrBizenwen1fT77,9508.752668211919,1122765,$1000-$10K
HTVL93PWwDsvLihpVoaWowQuryNLqNQbz4cfKnBDwBHc,9508.75059710715,1122766,$1000-$10K
EA24jyB3iV1pE3u4sednrTn7EM8gytPshpmp5ryiPLmt,9508.750419395803,1122767,$1000-$10K
9oQSRHP6mEetUvZ1TnUdnaMsmabgNfgNKUw2n6zEJaMd,9508.74835138994,1122768,$1000-$10K
7vHW4zSTkRqNhM3WApCirU3BQPyscQeM74MaePcbgwrC,9508.743195337713,1122769,$1000-$10K
A5U8Yp1HB31sP5VKVVR8PSLqYev8Pq2scWfioXe17nRQ,9508.717375314936,1122770,$1000-$10K
BeSkqgd4NSTTTTXfPf8KeQqptNMosMrDTuMGLwra6AhA,9508.713185065937,1122771,$1000-$10K
FjpbWBFM9UAoyhjXbJSFkTR3cJ56KcFSu3UvvU5zNN2o,9508.702196356913,1122772,$1000-$10K
DfytbdHxWBVLX6d5dfTjb5vGq5tcx9mAxCUawN6bsYAf,9508.689559033806,1122773,$1000-$10K
YjMjoHUNzi7VnsuF2WRW26WH4K9Rmx8T8Wu99Q9UaDW,9508.668800931755,1122774,$1000-$10K
9YsoiG8jCvuw2V4nSuyUD58cqWw42gw2pFHDohrPVpH4,9508.654037277027,1122775,$1000-$10K
9y9MpoZPuMxQRNnrULwLcVWu5Hmx2h4Hcm1uDbG1Q35c,9508.6438245441,1122776,$1000-$10K
6dmmhjDjxCtS2D4SzyQBFBw71Gk7P1Y8J5CYH6asPHdf,9508.643670498224,1122777,$1000-$10K
HetJPU77KAaCA51LNn7CzUa9MuYcNkWtFd9iT3Vrz4uR,9508.63824979279,1122778,$1000-$10K
Bmz3Vm68cyq9e2nfXaQguKw9Y8oegRgUbFtZjHWNH3Jd,9508.612790098061,1122779,$1000-$10K
6ATdwHPBitUBDnYZ1unpLa9XrrCDms8n9ZjwL1VBEvX6,9508.593228229363,1122780,$1000-$10K
5kb86Bb46UM485CYq9aZxbY3dKP87kGhdDZDaxb9n6LN,9508.540089563787,1122781,$1000-$10K
9quSgXQ8MWzjceSPMZ8jDB8BvPKaEF6madHYSyxowuqH,9508.5245476714,1122782,$1000-$10K
9XYGN7EaJNxHtpP2MFFkGpL4ex3f1sDRT7b3ZMUcR8Pb,9508.522625608708,1122783,$1000-$10K
CJifqsbLKumWHF73LJDmKRrNtKhxXbh5GQ3ieNceXira,9508.5040367136,1122784,$1000-$10K
HRXMMz9KptsX4Fu3uidXTErhUhRAq5JX4jYM3rCsxfLZ,9508.48805601263,1122785,$1000-$10K
A9QmDjw2onpZumuMHZHv4hbEj15iiMvSf6EMJ15eA9CH,9508.48430119746,1122786,$1000-$10K
AmY2uQNvD9PPvQUgxmCBAjmgM9QfnokNnTt5UvQnkHeP,9508.481264472646,1122787,$1000-$10K
46oeS2iZgKEU6Uh7vGgq6rpgKZRpkbSLf7N7P7sAZBJf,9508.47701741346,1122788,$1000-$10K
4PQixK95MCGxELw5SFXoENkpMNhC8YeCKAP1wQ4jquis,9508.46788224328,1122789,$1000-$10K
B5g8aVeH1orxf3xdURar8qKte4DskAFFqWd65sTjunKa,9508.46152736931,1122790,$1000-$10K
DsU1rRRcVhic1ZM9yPiG6AaRqeCk5f4VKUDs2cK2A272,9508.460723587925,1122791,$1000-$10K
C1GNciDs48f5yRtKGmrFf8Tg8rkA69tnEYww5CGh78S,9508.43761451215,1122792,$1000-$10K
HiyXL5jjpR56XERfRzfDpVXocNkLoCtQMYVXBUXQevMu,9508.434341368313,1122793,$1000-$10K
ALWqqkvFeEuXAs3YJnp3bSMdZ6oE7KqiuKXExmxiSL3q,9508.429840565052,1122794,$1000-$10K
6KfYsoFhQk9gyXyQw5q8UVHjPgegvur9RAVBzCMBkiAm,9508.424290743364,1122795,$1000-$10K
GMPDAibvQ65XPYJA7Z2jtvsKChBatmwRi67bDYWzjPEw,9508.41829052833,1122796,$1000-$10K
549uq5vJSmbhnRUB8qqBvdtVr83esFU6Qmpmfpwj2JxN,9508.340783809674,1122797,$1000-$10K
6xyojn37Wq6ogad5UdUM5VA1Lhzykv5XmjfpmAcAagvc,9508.33105118658,1122798,$1000-$10K
69qJTNgmSB4CteM26RSu86Fy8pcU29JHUqiZkMYeWnk6,9508.252164621535,1122799,$1000-$10K
CA2uXDxGwNUJKbD2Ha7Xq7MyjFqvhFkBdQmUZziKuAUx,9508.244834538917,1122800,$1000-$10K
D5MFbY36HUjC1nTc6sWa585bMLMrHoapsKab57n37BYY,9508.23982099433,1122801,$1000-$10K
CogDx4j3Z7tA8TT1tmHQVWsyoA485toC2W3inSwftTs2,9508.185414688734,1122802,$1000-$10K
zWbasGYiKvoWMuWuRcNJ5z6K6imZPftdYq6Up9u7CKh,9508.175014229366,1122803,$1000-$10K
97c2RDTcHULrzsPNZoCAr2pZbpxk9WcL1oCmyCjycjQm,9508.152528328073,1122804,$1000-$10K
65VbjDw9fCgky6bMnuAej1bwERWGSo5GGr6fcVt82w29,9508.124000674658,1122805,$1000-$10K
7Ms9VFy3c6c3Z9S43hxzeQYuZYpkfiMFY6ypMvzkbXqv,9508.1026137085,1122806,$1000-$10K
9fWJnRnZmK7mxQ1VM579HqG7SE8EB125z4PdubXSV3Nn,9508.095117662759,1122807,$1000-$10K
AtJ5mfLPQQ5HqA4DmmkpQpytbpQQZgB4BR2EoaLKwFfS,9508.07810668912,1122808,$1000-$10K
Y4opKJu3b7vdEgdy4EYXW1CvBMBAhsrieKqr8HKFo8v,9508.073777279731,1122809,$1000-$10K
9JrN8BBVQuCpGnd5JxuB7YLwNYR6UMNjSxtJiBBGCP5o,9508.068575132,1122810,$1000-$10K
9Cc9Va7x4veB8em5jxYPxz6vp9cNtQ5sW22tJdSSYVdB,9508.052588309096,1122811,$1000-$10K
714BJJa7HHAaAzpruC7Abje4ht5n4CSjHCmP3iVML2B2,9508.050803294796,1122812,$1000-$10K
EqvdLWQuUS9A8JbKc1XebqMF7KpCDJ5cBQUf6SmQUJPw,9508.01102058112,1122813,$1000-$10K
8JngRBu6nV9Xk3n78yd9JG5UgSBYNcQFeKLrA38d1MwS,9508.004757534649,1122814,$1000-$10K
GZuGsmyUTxggVuuXAJ3GSeVfKopsuuuzztWeQDU58ze,9507.990387510681,1122815,$1000-$10K
6nJyqvFKprwaVCE1gAa2P4RHKc6Pa6XFSJymx654zZ9K,9507.96166922975,1122816,$1000-$10K
FYSfqsQp17NRApb5XPSxqSen9yGpBXkk86BobQZrntCi,9507.95111026443,1122817,$1000-$10K
BymZP4uAqByJrRYb6RNbEb1955SpVmndnFL2sGttcVat,9507.918228150242,1122818,$1000-$10K
3H1f5Wfvd2iXKBNFCRw6eK6XeXpWncKKxkNvWzwj8e62,9507.90747025703,1122819,$1000-$10K
8X24hRg9F6dKBHuZygeNNiYFUoeMhP59CrJudTLm1VE5,9507.905031521199,1122820,$1000-$10K
9uZbQ4FnM3HzXfgZoSciJoQPQ3prxcB4hQKFhkfE7da7,9507.888297005926,1122821,$1000-$10K
7y8rXh23cTgbXnefSCFoNa4PStd35JMCoZ1j5EspsWJF,9507.85291075574,1122822,$1000-$10K
DSzHBs8FcN6awJqW1S1MZCG7yV3g9TwvoDVKqs2mABfG,9507.835760870383,1122823,$1000-$10K
7BL53gd4RLAKzfb9rud9hitdy3RR31nJjdsuz8zxsh6m,9507.808456062,1122824,$1000-$10K
DdT5RtHUfPFeYMZXPW5rPtCuAQVchPj2xnYL7E2z9dNz,9507.79602432999,1122825,$1000-$10K
3EMwqNMzgD3YDvLddzEUtxT43S1i5f4Gr48cTCGcx9hj,9507.786157118655,1122826,$1000-$10K
AT44SdDX5GN5qouPPc45XVUMAR4S2ajvkm65HhTnqk9F,9507.78258827046,1122827,$1000-$10K
8hQQ3D9HqRQ65vPfB2V7hPZ4UWkeFkm4NbYEHDGEYmBJ,9507.760630818735,1122828,$1000-$10K
AaJEqFJ28S5LfRHcBwSYgvBmtw1daV7yXvPLoFduDZ6S,9507.757779617252,1122829,$1000-$10K
3x9LY1C8UeCMv8q2ePhnGSwFjBwinzcN9WWdJ5Nmchob,9507.754862293643,1122830,$1000-$10K
64no33cex88ukCqMCX4Xhx9MLVhLmdGyoaqMDceCuRW9,9507.726003550388,1122831,$1000-$10K
HccEg4xBLQKjsQ6hTG7uTeviYMZsxiEkjyYiC5Rk2jxa,9507.71590145328,1122832,$1000-$10K
GziJoRhXGkYZa91QKayzASMAzxKywLWfBwWNccabC8RB,9507.704226856664,1122833,$1000-$10K
5wjfkhCttZFQaSEqYi3i4c1TPSNra3XjNMkKw62xsVjd,9507.627009978332,1122834,$1000-$10K
66QGaXhJvH6HmBuDs62bnBGTKFspVFFk8EsoX4j8qXNs,9507.607951966227,1122835,$1000-$10K
CLYviJ4GFPCDBZUBupkepALXyqnZ8P3dCxgnWdLr4av,9507.576448690299,1122836,$1000-$10K
5TtzxqeV85osKPQC8w3CxDu9hGqxRWNYQWMPCSrTkxJv,9507.572802378108,1122837,$1000-$10K
9wwi8fZ8ADm2uvcL3Uy4rNYmKsuc9wuvoQ1uHw3dZtSZ,9507.572673884151,1122838,$1000-$10K
5KTVrjroLVb1CYyu9gpNBPAmckmYuSfJZU63nLVdSpru,9507.57013175439,1122839,$1000-$10K
G4zPin5v57tyNovxpzJUgZqqAyvF7Eg5YX7k3nEu5Gzq,9507.502271789506,1122840,$1000-$10K
HyseyjKzMVMQr1nB5GpZ6cf8hehr3YJUuR3RqgaWqrgs,9507.501520120193,1122841,$1000-$10K
Ht4zfeAGPnuGF4jS9irDBpJw1hS6pyUNVjQjF34khR9D,9507.490990946932,1122842,$1000-$10K
5jduR7eS9bsK3R6gziFs9P391r6X7fzzzzFGxHXZVb7Q,9507.456263582975,1122843,$1000-$10K
4Dq6F6cCYzQ1Vkwk7Xu1xVj1w1FBzwwPBsV4duCDMuhM,9507.429845541516,1122844,$1000-$10K
FxruMPM9fQ2eD6KrDW7TX1xGh67zPiLBWFkoPW9S4ykU,9507.358888953571,1122845,$1000-$10K
748nEK2X7Mi6fRUPaL2UVXdBr4pde4Z5m1VKNaugwept,9507.350297519783,1122846,$1000-$10K
6vdkEpXdB5i3i238EUNaA1QAbEuki4x25HT1VknH4Hyu,9507.333414736131,1122847,$1000-$10K
8zU7bL8ojENE3dJu1R8FsLqwcGbZVC5xjYsrPvbRReVG,9507.309338758778,1122848,$1000-$10K
3om5hZrHfs4uVjNcios2B3XAwwMt5BUzhCuwDQmTkwzL,9507.304760812765,1122849,$1000-$10K
HJjcikH3xQeXua9G454VwXngP5pGsBAMipYFVjzMv5K,9507.30011410832,1122850,$1000-$10K
DiepVoiXbQxn6V2UP8PkizuPTsYYejGWZ35D39TLksCx,9507.271360630948,1122851,$1000-$10K
AJJRxZPm6eReKVKFhWdWW1Jv61TQVUqBnoLV6DCM23ek,9507.241106702908,1122852,$1000-$10K
GFXRHmwD1HrgG2h7GgRPyiKpuTjsR5gNheXx4qi9tcsg,9507.2122758056,1122853,$1000-$10K
9oYrW7axYi3L7VVfKAw1aDpUoczXQuhYUvNjz33gNP8P,9507.199528098423,1122854,$1000-$10K
77QjTPvWuL1ofRpKLJNZig4hAS4sfW8fYRTJMTFcZtKu,9507.178249063787,1122855,$1000-$10K
EcBiWgFma8bvFjotQYapA5BXeyhtsafbg1C16a21Ci5M,9507.166132400898,1122856,$1000-$10K
7w7mXCj917X7gr5YAeN1H6DHvXi7QFaYUBoNH9v3F5gU,9507.147891853265,1122857,$1000-$10K
6VvfC85qxvLmPXMU1UTpMNyZj2nWyFinDrf9zTHzbNQd,9507.106339536174,1122858,$1000-$10K
BNiZw35pNFbzFTkjrUha3s38o5JcYooRiNJqutkuLasA,9507.103457003484,1122859,$1000-$10K
uC4nbcpF7DY7AAGM2pezyV1psmXK9p6ewgnYvfE3acG,9507.083388896703,1122860,$1000-$10K
4tDRPQCnNrZqTNXDCMMmyjJeRcGcvtEaj1GsPaHiS6fr,9507.068401391287,1122861,$1000-$10K
5A7xf2MbTbnzvCskhmhRANVjuqBK9twp26P73wzb6zqF,9507.068111287925,1122862,$1000-$10K
7m6MwvnmfKRvDFYwCVSVLf28AzWMjmSipdAxYoxCPnFH,9507.060505819598,1122863,$1000-$10K
3aqsjsJuKMeFiVLEuFZUgCGA6wrbZP4NkJ9eiTxDFTjL,9507.036356309098,1122864,$1000-$10K
DU5McmbScMJpjDkutW3MvVkD5CV9fidyWYpUdz5KttYF,9507.015768790041,1122865,$1000-$10K
DfSRmQdoxMsmgKQtr1rqwB6HRZM5gyGJT7HUfRqKd6jG,9507.009420105373,1122866,$1000-$10K
CQ9RiJ7qobaoyVh2kCe7t1Kef2JCmJh7BWPcegMfRRNi,9506.982230929203,1122867,$1000-$10K
Ekm8ho8t1SGTbHZ4jav73uYprQ9K7sDfnzdvWJrsXEjP,9506.980593412298,1122868,$1000-$10K
8R3ifsuYbaKriUVzKuYC36M53kX3RnZHKp1yhY7iuGnn,9506.974810474343,1122869,$1000-$10K
X9YfZKYLEWLPw4554jMtkSUKLHPaWgKPmUnL9VmRb9P,9506.96875741962,1122870,$1000-$10K
3FBy1L9u4p1kuCF3viq9uPTcecaqVg83QonmFfeFEnFW,9506.958002459165,1122871,$1000-$10K
A7tKqhgsi6BiWHH93VeapvJCLNAPXS2MB9xnKbWLDZ3u,9506.95548877745,1122872,$1000-$10K
7euaDqigKG5TfitogcyAfatFF59gtkjGv3zE69uXkX5G,9506.95524075334,1122873,$1000-$10K
5y3WK9MnUywpvzvKoqgqhL6UCAMQSxh63XHHcQTXr1nb,9506.954687256233,1122874,$1000-$10K
CVBZsGvnu68tjKeSXGPDThtspbEhsL8WQ99FoKuJfbmM,9506.945740296482,1122875,$1000-$10K
3fAg3xMWTxRexQuvpxZkkwVEXb9pdGBUMubXt63RPoFF,9506.941805414233,1122876,$1000-$10K
DN8v33sekoyEZCBj4932YM8gwGmGQHugedP3kR4yRB4t,9506.862945802352,1122877,$1000-$10K
kG6WU4C3bHE46KzPtEnh7gsmpkjAHrFhGwM2SkDvdPq,9506.862009767343,1122878,$1000-$10K
HD4EXdZe3qEgxrGMQNaBiaPtzYSsWtosSnoYwWiLv6b9,9506.854314502598,1122879,$1000-$10K
DWWzehjzo8Eez27ustSE1bJaC31rC9MC37HGrp5CJm2C,9506.832609847599,1122880,$1000-$10K
HnCwmQaiUQpfuD1SBwTZV8z5uBuP26FtCyzzwyspBrhL,9506.784483100284,1122881,$1000-$10K
GBPNrYphuZV8jkg8kxEGB7Du5dnKuALq4ifaphi7299e,9506.782087736392,1122882,$1000-$10K
EnFmnwp7YJXS9TUYwBWeGsqucU7UAC8w3mzpL3RQ5S9E,9506.781997744014,1122883,$1000-$10K
9ctqtiBYsLkYH35JMDnuYwCBcucqS7YEifwjU4HNaq97,9506.777884130843,1122884,$1000-$10K
CT7u4g1bvLAsPjFGWmRnainFHvRqhnabZzPXUJjXDepN,9506.745262988996,1122885,$1000-$10K
6VsEQcr9HMKLdbRpQADkuBZJHJtXHPQdX67U3p3wFWoR,9506.742293708632,1122886,$1000-$10K
3ipCr3je94eBJuWwJJ4ESzpg4PUjwPuFe6Vk6V8N7GWy,9506.726128186541,1122887,$1000-$10K
GWXpEhZPg2gHstgrQYvKJFPJLvvCjVJhCf1LzKeyKtfe,9506.713095330773,1122888,$1000-$10K
B1R5pXPdUrr8XVRVxtbM3BYnenMcDuZsAvxECEEnUFKf,9506.704541941626,1122889,$1000-$10K
5udzHEyjY5yhXxT6869uXKgWfjBuGfZ7QJtiz33iqAhL,9506.700701762285,1122890,$1000-$10K
H8X42MgU55H4e16dum8UwNUcqMAJkvrPpRBanCESz4j5,9506.681711874637,1122891,$1000-$10K
53RquqXNHrGAaCQ6Ar4fqGyGqmgbcakPYQXNBSVQrKgf,9506.680845253293,1122892,$1000-$10K
6fNQgrVJmd4dkXcw9LsaLmta9TMb3Kk2VUCp8LJx4AFU,9506.641441448703,1122893,$1000-$10K
263R2fKcLDD5uFSCHsQcLSDqjXW9Tn6oizHsFuwkLXyj,9506.6296002874,1122894,$1000-$10K
6gc4wo7WA7A2qfwLBm1pew4cFH7zoQU9RHTHucvrudnv,9506.621942919133,1122895,$1000-$10K
EETVfzfNWFyMAmiagk8LnDVDnhG1N11dXs9XfTz7keDx,9506.615928689318,1122896,$1000-$10K
56bp5MNVyKZ1PQerU1UoYSBhPXquQM8V1kv6kHcSv8wF,9506.5979760829,1122897,$1000-$10K
BjdyPZbmcR6FdhhtWkUwHDovQuAj3iMVpaNMKw4fvMYB,9506.59396400954,1122898,$1000-$10K
FWsRFGvMdmrZspjoXvnw3kWWN25pG8TKNy1mx9mHDbtd,9506.577359215942,1122899,$1000-$10K
B8Vi87wtG9vhtKJRVy3DrEhRcNob25uRigQnerxXvZ3M,9506.576837296194,1122900,$1000-$10K
FaF5xLTDY8nvGrivF4k3WRMeQrrx2JyRrfsumq5YKtRT,9506.57417763655,1122901,$1000-$10K
9PzKy6aWdhakMTf8WbXJfxbM2Xs3T4ZqtnTcdamR7yEh,9506.570848915735,1122902,$1000-$10K
EYk7xMCx9jxjsdHL47cfdvfxWK2uQ5gumrcW6HqtUmLJ,9506.536474731469,1122903,$1000-$10K
GWAa6NxBSv2G8wstwGBCNA8NVAFSe7HpdZ12WYJsAgb3,9506.52826880984,1122904,$1000-$10K
5dEdEMEinanaEquTbnSgu7XTdhu73yx1gEpFSndZ7izL,9506.513937338854,1122905,$1000-$10K
3SnNKkW1hg7z5vp42aMEMUozErQBUFFNojzrVw4U2HCV,9506.5043623847,1122906,$1000-$10K
4vFaBWVTcDNP2hkz5x3QxquwMXixTCAcXuojvojnHdFw,9506.492387813141,1122907,$1000-$10K
H8M7h6CwEc2y9dMpFtmCTyRbTUDUATjWwnuay7nvPXh2,9506.48262491991,1122908,$1000-$10K
5z8cPNvbq8Ksn4dq9N5ZghfPRPhXsYLNsb32FHfCjDQh,9506.475546161313,1122909,$1000-$10K
CZbvXGx21wPoQ4LSbVXrX9VUnDwE3g44iiA6YMjjyc3n,9506.471641432261,1122910,$1000-$10K
6a5gq8kHYPbRNFSy2TzNxqUKrYMufbPRqpxbcYQXbvXs,9506.464731592088,1122911,$1000-$10K
D1jk8r9kfzd4vbRhM3pYDiJ6YqJXS7XqD4HLSJQ65Jzh,9506.444482057737,1122912,$1000-$10K
FMJVCm1a6aWK9GpwsNm7tWxMrbBHmp9fxUTez55uyzY,9506.44018979161,1122913,$1000-$10K
DcHn2M2y2BvcY9vWJtucfxqh7WorLfn6Tw4bGj4m6kPs,9506.432485855477,1122914,$1000-$10K
BKhqFHDMRT42W4etvCct23x1LYqnREXK3Ytb5jda2DUF,9506.41422829872,1122915,$1000-$10K
9sw4RXFScEo6hD12raNKjhkGMp5vHA3eWznciSaggrYZ,9506.407003626839,1122916,$1000-$10K
6E43dnF1FujeDC39rVkWvBLU6SvA4Z2w27iNd6jnCNS4,9506.397897427236,1122917,$1000-$10K
HMARy7ySKrhiPJk6JJfzqGEr8m9hp5BX5USqifFQyg35,9506.39775994392,1122918,$1000-$10K
46arGA2w6FuWoqLEq9sLjn4wdNFxRqUhZGWbycQzLjmE,9506.391800439149,1122919,$1000-$10K
Cct9DfHymEe2EMs9P76PNBXu14Xcne4wGzQWoYbKDKnD,9506.31528241791,1122920,$1000-$10K
5MCc9kbpicCiY61YqS3e35QipQbtXpxBs81stNZgXaYc,9506.31255385032,1122921,$1000-$10K
5wbK74NYzh8ihysRxDnx3tijKaSS19jo9hVniGwAs4aJ,9506.268383998025,1122922,$1000-$10K
37BM7eovNSZRkAGKtAdu7925zncApNfmTvtqBNKLaE1e,9506.258087085445,1122923,$1000-$10K
3UZniSoxKzHoMrStP7CLvLaZtWQ6wrHjZuGJcGgtzb1t,9506.252096296901,1122924,$1000-$10K
DpWzHMmkC3VKg5VZRqhzzp3jjzrX5iVhdCgj8GmQ7Dqp,9506.250402061332,1122925,$1000-$10K
DBX9FTs13pHvbdNxuceKsrZirFYWqJHuYacufmQ4qVjM,9506.238140658454,1122926,$1000-$10K
AMBzxqqx1ujHMMH8hq8HJZ71i6xtDV6HZrDoers8HcB7,9506.234965650518,1122927,$1000-$10K
FPgvNeAN46p4fo1cnUEnGoQSM2v5W5HXxVNWJi5xjusz,9506.16279777862,1122928,$1000-$10K
HntSmVmRNXZeorD5ByAKXQvVVgEhuqihMozqyjeRW422,9506.157865461446,1122929,$1000-$10K
3aUJYenfhbs5vffoES2gMaH4ttQMCU56z6ojPuEysbFi,9506.156622052822,1122930,$1000-$10K
4pJKd36UoqemJgLKgRETjZrJKsQLSD9A99BfXesRDjr9,9506.143545411396,1122931,$1000-$10K
GfaAcpEUGSPwKWerxEmY36tgN28DbU4JqmWnXZw2oQNU,9506.14274166908,1122932,$1000-$10K
FHcDgjcXAx9pcGhGDhrEUz5xjBVnjjQukzaPJWXESo8W,9506.103798234304,1122933,$1000-$10K
4GVKxjWg87cM9MGPsmnqaKyrbZnRB5pvEzvLSDNKhWVH,9506.06616597571,1122934,$1000-$10K
DVzJQ17dGJvY4iEgJ1ZXfQy9WuHs8F5WfsvmvvbYWuha,9506.063378223083,1122935,$1000-$10K
9tnSsVjE8eVj9bxnxRYSmGNcs3DETjboW5fRz1GtoCpR,9506.062795993026,1122936,$1000-$10K
DEcUgJNtFg9J9sW7Px6AB3DVA8u9rJbmgW9QdSLJYR4i,9506.01545702443,1122937,$1000-$10K
4vYCRLm8CEa6Nt2JXzvtAgxmMh1YMgHDxurbj7vA4rSA,9505.951874654489,1122938,$1000-$10K
AFEx9jJzK8RrowuJFvrSMQHwucnL7J4GLEGi8F8tUmfe,9505.946669204508,1122939,$1000-$10K
6doA6KW4qxNAaZeZp52vcftHGADhGqpknf1hCgr3wNzC,9505.939208843552,1122940,$1000-$10K
DgVU4RDRHFAfasg884Swv4mmyYWsqc4kgQBPAguGvWCR,9505.86066622047,1122941,$1000-$10K
J2PWJmWoRxTyNSvMBB8MkpZ5z7tpBUEhKctfpguPsiDH,9505.858162703911,1122942,$1000-$10K
G4vEWjAvbCkTehAesdBCNRiGwXJ9LgCQJDrvFsVMzwnm,9505.84129812749,1122943,$1000-$10K
9e1nBYvwwyQmqnyPQE4ywwqPm7PueoZWTnQ3DaxXwrrk,9505.828704891399,1122944,$1000-$10K
CuKcD8FWoXj7uakZcBVU1kqaTDSxwXbbJHiNtzjdpQQj,9505.81396623504,1122945,$1000-$10K
DzCwwXKcDYHdUaqi88nyrDjsYHEqeCV9tuH36QfagxP7,9505.796422330042,1122946,$1000-$10K
2tVCCEa9sxwPA4L71eqWTRvBS2HJG3QX8gk2kH93j4QP,9505.784757452826,1122947,$1000-$10K
DcmTuzCYMmg3x3VDzSYe8AvfDsxJxK632kLGZohMyMcq,9505.692633498164,1122948,$1000-$10K
4MnFy1KdoQkDsQRLUA72CpRzdpLDXejEXmCxhXUqPGmC,9505.68716916929,1122949,$1000-$10K
5hZmNxGkCFWfvADGc3z1Tw5pZBYYPFT7VMEjHzDWMEoc,9505.65313473679,1122950,$1000-$10K
9Ua6CnV2SPnRZigau7UscZDXdsDvcWaF3pJeY6EVL1xi,9505.652768517557,1122951,$1000-$10K
BybmjKC5c9Aw8RCT6jrpfH494mrD1v25uqUxfovEKuJi,9505.648815240682,1122952,$1000-$10K
24cc1RKebheXvG4vibKhYoMLxxL2HnEAGM5aGHgxjR62,9505.647331211025,1122953,$1000-$10K
F2AKKruM2PaVaGwRQrtDUzBHsFmJXXXUAR6o5w6GUDhd,9505.637556329571,1122954,$1000-$10K
G7MEwAftCYVrp82ggHAafFhoxeFWi1mEAmcSHV6mtqLV,9505.608452036375,1122955,$1000-$10K
AV28mDvCFfTsTC5B668gPg5YqbWzeuPRv2ufEbsyARHG,9505.60548242082,1122956,$1000-$10K
Eeuqh5HWLH7osvFp1tq9T52LnzpoMRMNFkYxrPrSwFH1,9505.604286597862,1122957,$1000-$10K
3cm32JRw7MtuZRRZtU3o5VY9XKovxEd2nmspxHBXkxhU,9505.595360162486,1122958,$1000-$10K
BVNLA4z55h2deHicRjgnoaWXAbq3NfcNbXBmtBjvVpAb,9505.591059325161,1122959,$1000-$10K
2qp9xJ7V9rwDywSmjh3ESUSyesRj7gGXqky5juuvLKzm,9505.558766398797,1122960,$1000-$10K
2qnN9kAJnpXobkHj5fNoEyyY1yhAqm9m8gcsq9z67xtk,9505.543530335086,1122961,$1000-$10K
9WFGWud9mfDnH5kX29PvAhUdw7TmLSYjYUYyQz1Gttuy,9505.532861611102,1122962,$1000-$10K
HQmgafEPa1soKuFN1pekrAYJTjHpCw78rqyunrh4jeeN,9505.501015703032,1122963,$1000-$10K
4dJaPaRt7ybssjkS48rTfFjLuD2tQpMZaY8a3HAyQinz,9505.464769381202,1122964,$1000-$10K
CPexPX71Uaak2sjb1zKRzSvCvDJjsf64eCwVJVeUAgbT,9505.455537409927,1122965,$1000-$10K
7ZSbcxMi8fAEwaPkRQAezLFhXRBE7T77ZqDC32RLL17n,9505.453647801018,1122966,$1000-$10K
DCuVSEhhcspc83AjyM3a8uNH4UALxpwEiD6oLDHozNWA,9505.445897148973,1122967,$1000-$10K
HbK2DqazE5uhx9YwUxHXeG31oCP6RCWk9PU9cQqthLLp,9505.444379567347,1122968,$1000-$10K
pdkpPhxKmBBD9HQKc6wbaEZQecjwzx8Eczcc5iYkUNe,9505.43296976991,1122969,$1000-$10K
7gHbzkRBaNcfN8QVkZFssZF68LApZ1J4k6Fo3Md3Skz5,9505.42791550256,1122970,$1000-$10K
8pBH1gCme7mDkg2ykPjdbnXHQXx5quxv5WW1hbVhmi2w,9505.414868307695,1122971,$1000-$10K
4aremNhS9gwTarqfA4fi29uKRqDo3cNnfAc77tc8zXNx,9505.404917870053,1122972,$1000-$10K
AtQV24ZbmkPebsmr4p316GozH3uB3k5Tz8NQTkRgmzej,9505.382717901173,1122973,$1000-$10K
CfqJvAyaAPA2mFwEWFCRSGsZPF6Fyn2CNNj1bNp8yRis,9505.351683947547,1122974,$1000-$10K
DpsWSXW3dujSxZnSAsLFUMMgVgQfrFUd1UbB4fHf5h64,9505.338914523032,1122975,$1000-$10K
7jkfD8GktFtTBsc4C9B5N8fwz3UpHm7PMCwWka9E6QMj,9505.323261431584,1122976,$1000-$10K
8ZFfyNcUVLHteWqWikhR2LyTxg3xE5h1ySBkoFY4eCx6,9505.320431984353,1122977,$1000-$10K
4Ns5G2cLgziN6Y4cby8bdpm7YyvpcPUwgrnv5L2L3D8y,9505.286004527086,1122978,$1000-$10K
5M4yhnATgrDe33vdeY6yy3yBVraCuBTxcZK51yhSXZwe,9505.282670735163,1122979,$1000-$10K
ATNFdcKmtscdrvjJ5casmK3UA5yMYJfueB8SBMNGpYY7,9505.267362013807,1122980,$1000-$10K
HpMeHsfV5toruGcw8ts8qUgv8iicnk1HEJSREXdBRi9K,9505.264286737874,1122981,$1000-$10K
Bk38NK8nsk8PdxYwh94phtEEou18kQ88GrBR3N3A8TE6,9505.25970365023,1122982,$1000-$10K
5a3dSowe6ZhAYRBYjTdSRGwreH8askyspr6Xvgk6a7xE,9505.259078390975,1122983,$1000-$10K
Ee9m68U3b7pgHWgKWpyTaV5eSDtTitfTNUGdQKFAcVey,9505.25148231319,1122984,$1000-$10K
CVwfiGTwLzkZsoEbC7sohM1gzYTgBrWRdFNUnNWxQkB4,9505.250655065709,1122985,$1000-$10K
9xndS9U3LkhrreYk9MS54ynSMfb8rzgtYcy4hAcxkKWM,9505.249630830609,1122986,$1000-$10K
BHWR7ioqnjHPRGZiDCLRigcyDsdPTjJEh7Zn1WbAGqpm,9505.248660784991,1122987,$1000-$10K
5LYz3WZ4fogxcg8TFBwx7KnqSdWauChvfKq5Uu5y1sxS,9505.23772917341,1122988,$1000-$10K
AKkSqYowfg96sg4YJgkKur5DXFpWBn6Zh6MoahBYEUWz,9505.235618156907,1122989,$1000-$10K
42BagVjGf4wEFa4UAGyTMA8mYWWqqgSrHpHmVZJWWxBW,9505.219105192804,1122990,$1000-$10K
7Qy5ngv3grQeVoyQpaW4HHhGvUkhFrvq8RPj9rKwE1mT,9505.163886132357,1122991,$1000-$10K
2cGWougvNriTBAkhxscMUbVpQs9zyFbn3q9tBbCU2mWi,9505.161679508936,1122992,$1000-$10K
6xoZ3fMvKKTdyrAYnm6DCnLu8bjDyNj94R2aheE7dREG,9505.145737932628,1122993,$1000-$10K
89pioKxENEe3zzkZYoA7Y3WyNhgVf6AppfERCoSauTpM,9505.14224882481,1122994,$1000-$10K
8HMfXDHMFyxvmbnBdi3mG5NityhFhsrprGKh297ytCz8,9505.115092961529,1122995,$1000-$10K
5eU9N94LJ5rh7dbRVbB1V6BzTPKZRfZGHaAuLAr9sf6H,9505.077256307235,1122996,$1000-$10K
AfbTiVh1V4TmQv9T2pYpe1hnuRtbGrHeniN5AhRzzoy8,9505.05060498111,1122997,$1000-$10K
5hZcG9t4jUPCDTyzyahq21nxum65g2ZCmNna5iQg7YnY,9505.030557306283,1122998,$1000-$10K
62MpcajHwzjcvDnHKEEZTxABNXB7KMa1LnT1b2Nsp4gZ,9505.012142773749,1122999,$1000-$10K
9iBq9bYErs6YSzbZVVU9FUfq6tFFSrEs6iZVecMhaMeT,9505.00829413543,1123000,$1000-$10K
HZ6HVcf5jsE9vyNuMTFMhCmJu992nBXVE8abXihNGy6B,9504.99393878489,1123001,$1000-$10K
CSoWyu3JKZnj428TUoWpKEp2BX48GCFXAUcHn3gaoy6E,9504.991862311264,1123002,$1000-$10K
BcYGt1NRE7HjrwCfwkZSgHeMW9Eog62WNHLeqvVfXiWE,9504.988026308325,1123003,$1000-$10K
FaWU6B7tP5hhrxocm9aJpH4nxPmoau9DthCejguYjD5Y,9504.98562536485,1123004,$1000-$10K
13NF4ajpMGU3X5iPZVc57vsVHqj1gk3a3k3ChUCkY7ha,9504.966603695795,1123005,$1000-$10K
Se1LxjAcaELWYtzDrQb492WXc4KBBFwKRnS1xv9ybeP,9504.96613200994,1123006,$1000-$10K
AXh2hSCBXEqcSR4h9HuKgY42xZdy4ND35N4kbTMVAA3X,9504.96061572616,1123007,$1000-$10K
6opDN8TjWzfro6VJ83vHgD9UKj913nyXLPRKojKyESsH,9504.92872918699,1123008,$1000-$10K
4QdybqkzGuuaChfF7v6GDS7jq2iYnKLmpB1VRmoqxPoU,9504.87485338987,1123009,$1000-$10K
D5BSvTqBiv91xYmuwXiuD1gVGcKqUiEUFFE6jKWPQFAB,9504.861572404876,1123010,$1000-$10K
546nTyVstkiMuiRXiY7jNgDvcUphKpDV25TkVRbdia8K,9504.859817366527,1123011,$1000-$10K
2BWqey8axLh73GLYUxqkJNEP1YAUHnLuQHYcwEmWmqgz,9504.85805107234,1123012,$1000-$10K
3U6Y15WKENHmTq8uBQFPKxrL1j4xGct5h5br1PiGjvRo,9504.79757568147,1123013,$1000-$10K
2QBK1fZLNYMe3xQBwPJ8UCRfnLLqR2FKVSCkgNXCpJ2Y,9504.77444390782,1123014,$1000-$10K
7tvaxX4a26Ezt6mcSnPL6pQrTdoRkvceKFYixx5Va5Ax,9504.737113813932,1123015,$1000-$10K
HtdP3ddpCDeKuEiUiandQ7DX9DMFPCrGJmVWoEHW8WHY,9504.73536552131,1123016,$1000-$10K
EGnaWwLR23vP3zMzbYeGAnMW9dKxM2Ubf8Skr7bKWhKp,9504.709522194731,1123017,$1000-$10K
3Cbtcc2Qr93UsEnEcuiW4zy2drAE4my6WCZAaG5yvHNB,9504.690601385493,1123018,$1000-$10K
85eDP551wTNUv9QXGSPKARXVYgff2CvbAY19sVdX4VYp,9504.665353762686,1123019,$1000-$10K
DuSdRHAfw5phfXJ92DTprFGHzGVKsrWsZcquk5gTRTZC,9504.642909605764,1123020,$1000-$10K
HneDkfCYsP4LEHZ44oYqE94Yt2Hn17fU7yDB1RRFVCpF,9504.612319634727,1123021,$1000-$10K
CSNH7UtPUKc7UaRaENtR62Dkv5UF55mH3Dj2jw5SbZpG,9504.60315969714,1123022,$1000-$10K
62dmoCVupBkjkb7557p8vqwVbMvY2Ut58GbFqgZjo9D7,9504.59841980032,1123023,$1000-$10K
5Y3p4PjvoEb7yHUJ578K71ZYEyEEUsBDoEw2RDSsStnJ,9504.587427636745,1123024,$1000-$10K
9BQ4t6WD1hnZsHe5qsc78PpPFcrNsV4csvi4ECjVpfZx,9504.587394913618,1123025,$1000-$10K
AGuo7sLyZsegN7KwRswq2HXrmXto7gVrGWwUARS4wW9f,9504.5699661686,1123026,$1000-$10K
EAZzZNiAdxe9PdgjE7UGucqH9Z97c4WskGLXrbkfkwBe,9504.569298133123,1123027,$1000-$10K
EuEDVPDY1zp4jGqg9gnD42hfFHQWLdgcM3MBnaER9F4t,9504.543444292229,1123028,$1000-$10K
DvwxwpESM7SMSKqcmRRzoGSL9LNxaqL1JpVbMis6oc3U,9504.533080314388,1123029,$1000-$10K
3EKiawX9YtAmuZg5vBtzF7ZJvSWeZnDMQq1Y8Au15mGg,9504.527758569315,1123030,$1000-$10K
6YjUHTwB1n6iUdsc6t7Nhbpqn3gKwkVmAReoKW6exB5u,9504.495904159257,1123031,$1000-$10K
9zmNThg2v8rZGCUtqLqTut5mmJ9gciEvjUMcTWEMXB9Y,9504.480703466788,1123032,$1000-$10K
C7bUueB4vYLNpnSDbyiCAXa6EvyHh7zurWYo9x7NnDZ4,9504.471178645099,1123033,$1000-$10K
5T2SETrd69Y1TDHPawiqfxRJJKBTTMy49Lk5YiA6TY4Y,9504.437905494498,1123034,$1000-$10K
G7goYYNKjD7cCBAsXM7KPPqkWcwimcYC39qjyLvRZSYJ,9504.427952514834,1123035,$1000-$10K
F7wh4h5wBQzWZ5WmwUo4YZuKVsWpmXtmquKeDyK86mY3,9504.41498632823,1123036,$1000-$10K
5VX9zf7dXJynwKwif5w2232nSjTwD2XgeF9Z6cd6DtQa,9504.395449191765,1123037,$1000-$10K
2RpZFzE668fsy5e7MLjtrdyEKxTnm2W3Lu1nZLh7eMdC,9504.371729104741,1123038,$1000-$10K
HpxwztYFTLqiQ2DZsrMLVoNSaGZLHQdskpyYA6TXJsUE,9504.363315990973,1123039,$1000-$10K
ANSk94R44MquueDXwcZEhptZsAkPSNqX3yMR5tsWucXb,9504.362202029715,1123040,$1000-$10K
8Jzrjb7uRsJER96VsEVVHRXkJMcpsM9Gfr7wsGKanmQv,9504.342129050798,1123041,$1000-$10K
GbyqxC2wwgD5oM7PFLVrsUK1ahBwDGYbZgHzY4nokYMq,9504.274077115871,1123042,$1000-$10K
2NaLnTJw7pxvoC5YeTeRiyJCY7FhUvSh1nxhcnyTYGvx,9504.266895705943,1123043,$1000-$10K
CZzBs1HTy6K4QvgzXXVuz4i6w9nhAF3hQhxXw4LcfXP4,9504.240478196447,1123044,$1000-$10K
Dypf3qUGumofmShxaAcxiPCAzsUie57goN8w2sEGvDDm,9504.157418224167,1123045,$1000-$10K
8C6ZDsBT2TD5x4P5RbhMRq1KVstS1K9J3AGMJyUP444U,9504.138043995614,1123046,$1000-$10K
EytqX3BDoYgycSifneNxCRyX7KXCXsphYV34aomQzmyZ,9504.128615288892,1123047,$1000-$10K
AEZiqmSpP9PMstD3hG3B4PWWyqDe6zKkzoUqNW2s2Ca7,9504.106604362076,1123048,$1000-$10K
HPLga5KYkvttZG6zHxfEbDJVzWGgunZe3bFifkiksX3x,9504.102593154726,1123049,$1000-$10K
2hsuSVdDXodYDHNS93eAVq9E7C2Rs1KPExhHqgoxdB3Y,9504.097790498101,1123050,$1000-$10K
Emp2FLCB2zKmvvKok1V23RJ4JfgrAi45GuG9c89Vg8Zt,9504.094230415767,1123051,$1000-$10K
GqpexBXHJRm3UbhPvCgn7uRiBtrtNdZBot5yYQm2tBDq,9504.076714495375,1123052,$1000-$10K
5YwAvMmX4c4rNQYMAoZzzQTXezrK5moh7j3zvEQQNNtE,9504.064651042678,1123053,$1000-$10K
5TwiYunN9zaWaZm5iRzeAHCZqdRsmCRJ7W82SKGPjEih,9504.04297987803,1123054,$1000-$10K
9Qr6J2FbDJDzTUFbADnZfHdVXV8ehhsTbzUWXD6RKchr,9504.039257725028,1123055,$1000-$10K
7UPSdAdUdnbvr6DBg15zjX26m9Z5MYwLidxEXDUVBAnD,9504.037047618473,1123056,$1000-$10K
4HXYRGvyAgsMHMwJcWhWxjEN4YqXaVoH5nXkBeEzQbiC,9504.000418085347,1123057,$1000-$10K
Bst23Vo7JgZKbVgH4BWcMsdw3XTiyNCsVBAmLmtKGB6R,9503.974009019616,1123058,$1000-$10K
Ge2gvvT1FsjzdEDGHUHqXDvsiEq4SqqWFanCyTWufcPB,9503.969106908335,1123059,$1000-$10K
Artc571v7pF9VDCvjQ13iuxGqWZBvXohkvWk6MvdJmY9,9503.922922475947,1123060,$1000-$10K
8oJiVh6BXp5YJdfFeVMCwnaEXiz6VcUSCRsEqqRZWSv5,9503.908563293062,1123061,$1000-$10K
H9vc2oyWAP2CYPdkFWNFbYHNYbHzzLYEAhHwuFotq1t,9503.87570669314,1123062,$1000-$10K
3XHNiFqCbx78tHJKgTMdsUvkqPnuVRxtEQuoo8RPEiWa,9503.848315725067,1123063,$1000-$10K
CDnhLMc982y8n7TtVLuWmPTbxDYVN1XmtmGQ69Q9V327,9503.837599944449,1123064,$1000-$10K
Gh819HSMd5u4nQFDrqHhKiBvoaetBSGkkXmRRgmSbydP,9503.7968603436,1123065,$1000-$10K
BHhWWGV32kQNG8ZRMrDMY2f8c22y59vtXyrKBFtWg1CK,9503.79145425396,1123066,$1000-$10K
5pwpSGJUrbtGSYf8oQnCjHkfgwYUeecp6SoYpDnXrTL4,9503.780289751121,1123067,$1000-$10K
CuZxfMY1E5xw6yWwkNUFfeLdgq3nXe9Zeh4bAQoe76V,9503.756288070976,1123068,$1000-$10K
3AR2KvtRh2dmoF5HCzuT4ciJ1Pc1fT5cpfRgqPWagCR3,9503.729438101731,1123069,$1000-$10K
4qumqCy5XU7TbJ1wZ4YxK7iVFkohD6yzUyQTHrzQzutg,9503.721751212752,1123070,$1000-$10K
74veSeA5xmYM1rQ9DzVXcx8G5c8ugzDCfPbuTyqE29Fk,9503.717206706262,1123071,$1000-$10K
EPxTaC8WeQvu54fRA3QkWizgR147DigwY2sAJk4fCGcZ,9503.710071072132,1123072,$1000-$10K
5hgaqCQrRpxjACA26U3YxdADBwwZwVHBJSh79ckHKTBF,9503.666135423004,1123073,$1000-$10K
Hy3Ccwpm4EGeoJVo8WYRjZnrbbaZsVF123gZJMtzGJog,9503.626234785868,1123074,$1000-$10K
481RFPF5poPJH2VxqLBBWHg4yxV6R1LJ3KSpwnGFNRxw,9503.601131443484,1123075,$1000-$10K
5zejzfEwB2cpxsrTZsqSGCvXTR721E9zpTGpqJPor9vu,9503.589147658651,1123076,$1000-$10K
Guw1Mf2bkrkukLT1j7PY31ZFm7mep1pKXjTyT7JXySth,9503.583923129005,1123077,$1000-$10K
8Tb8HLs7b3KiLK1Vju4X6U3WHjcF1w6FMqRTiSiGTAjG,9503.581783142741,1123078,$1000-$10K
A6xHt2P8mWD8ESf1AjNBGUMcyCMctcH7ULtR5hJyMQu3,9503.548393745068,1123079,$1000-$10K
zMJ2AkVjExbGnRJsYvuJjrtposyCjwsJmUK1eUUXVnW,9503.51411210333,1123080,$1000-$10K
EbB4dSfXKdFTWKixf3RybdvYX768RWPGajRxa5REnEgj,9503.509390764028,1123081,$1000-$10K
FBiJC92Mj9d24GmEHK1rPpaoZWvAo1xdRZ59LHNNPt84,9503.494480761197,1123082,$1000-$10K
7PUzvxtiRN5p4XYQ6wLSiJuy2eG9zfmA2xKfGJ4ka8wN,9503.490203785253,1123083,$1000-$10K
HrruVrzK1QXugKiu3ssxP6n95vyYGVuifxQCd4e4t4px,9503.459228325602,1123084,$1000-$10K
6T2UePdQgUPb7VQHdKak2CNCMhJNDtzgKCxyYMYVAtzH,9503.449122404138,1123085,$1000-$10K
GMvXxsFoR578LCtmviDLDdUxbGk1xeTWiuCBNuhDQufF,9503.403291664878,1123086,$1000-$10K
Ce1G3imBuF3kby8sysGQihzgoU4bnLX8c72QYMSGuNoQ,9503.398976123563,1123087,$1000-$10K
GgSpYSPZ7Hqz4dcQ5G9FpkHHuQLWVppaFNGk6fCUTW5,9503.39319632401,1123088,$1000-$10K
4YNDt2VvVpHKtg3Nv7Y5qZ2uLFJDSkjMwRLebkMZNzfp,9503.386280779832,1123089,$1000-$10K
CLmKySsfhgGvbvoG8aWL2oPLTPBVviGMG8TTCpD8HEgv,9503.380112267905,1123090,$1000-$10K
52M71uXTUq6wz6Kf2xUQxXPmmgRd8qYDY5ogno5mZXHy,9503.370549654299,1123091,$1000-$10K
HPuyFsaR4uUpoupeGP5nry7gNtK7VdVYjDnKSNA7RHd8,9503.359029686393,1123092,$1000-$10K
DtsSH57jq84RAwJJXn22yQTVqsnw3X3nRTfYSBxSh7k3,9503.343346274558,1123093,$1000-$10K
3cQqorARfvMbvCnrTFThS4KjyVQnhg9iUQVVYUzmnDXT,9503.330670125813,1123094,$1000-$10K
GCUUr8Kif3fHxqh5fj9o92CHm1UpCvAKVCnDCnxSx4MW,9503.322965506644,1123095,$1000-$10K
9brWDfFMQiaBwDKvfnz1QPZu52k4SssfsoQniFBTvPii,9503.30713844037,1123096,$1000-$10K
A7bQgiiEpoXUAaUt9TwLo5JZ31kSuv75exK9zhDNvXUg,9503.30691394227,1123097,$1000-$10K
6MCmJ2jFo7Fv6x4KbvzG8QyUrVM4GY5VH5HCYNzT8Tti,9503.294675455216,1123098,$1000-$10K
6cUBEwRWJQDu2cZVbHSsPq4MHCeqNBP1hr4hYdTKfLFC,9503.272997266837,1123099,$1000-$10K
4eHspQx4cjRgquux66XWDC3fMdyGE3Thhrd4HGhPgxkH,9503.259612946456,1123100,$1000-$10K
CygxMoGkAiqYCqiwp5NoZN97kFjr9Z4nJQaAjaVpjTqH,9503.249676544305,1123101,$1000-$10K
iwCEJtmUzhReWPuBge2NSUtWERkeb4UPSZj19T4U57h,9503.231467878319,1123102,$1000-$10K
DL6Mjpm2c2kzY9nroMpdeUfssixXK8edricCDJqRZ4Pz,9503.194364568673,1123103,$1000-$10K
CQuJgaUM51PboKkYddr8uFZiY35pEzZ1mqkfoU1BUyMi,9503.19036041292,1123104,$1000-$10K
3MGPBEj3usdURBS1aUr64Qn9p2sgdJdcBpA6CpBzRdsL,9503.16518652627,1123105,$1000-$10K
8cRnvnng5XGxWY3hPzBGSB1YSosrwujKxzrBN8MJ7wyS,9503.164243803143,1123106,$1000-$10K
2FnAzRxMFwbBgrkDdKufHWwykr2x3TBQ1ha4TS25TdEz,9503.14712213534,1123107,$1000-$10K
CzxcBhyHq3hECBwQr4h8UbvWZRtx7d6rwGLYQMpQB4ub,9503.117018658917,1123108,$1000-$10K
C4tRy2KaTAMv9YtR5wmh31GunhyPRrETPKai6ZP9GHzG,9503.105798373259,1123109,$1000-$10K
Bnzi4BHrdCE2dN4JNmf83i2uu5LmhpZ7HeJVUynfoihY,9503.091119483206,1123110,$1000-$10K
AKiG6KZWkRmDfHTs5k4H7nWuoJYCx6cfV1kLNqwbKuqq,9503.085507520538,1123111,$1000-$10K
5YUo3wr6R2ieRku5gGVy1mjnhxH1SRnrDQA196KJ9FhS,9503.01203460853,1123112,$1000-$10K
8auCVBw1WupLXf5gS8VPdAP7zmCGUCWiJscF9SwxW1sR,9502.992210996737,1123113,$1000-$10K
C86wpqVquyw7YRjUZj75L6eZDQKMmmFEAWzUPbCgMmqo,9502.985459686144,1123114,$1000-$10K
9RrhtknbaQogd89r8WgcCNcVXWmFDwh7zBonbLRBxCHs,9502.982367168615,1123115,$1000-$10K
AZEHgNi2HAiMNCFauDC3uQBzote4p4e7EntEW4uoGWwb,9502.964780057451,1123116,$1000-$10K
YvYafCAXgpKoxTTguHvqx5JR6FLHXRNdZMkjTsvYS2i,9502.9639260072,1123117,$1000-$10K
6v5rNoZVNpVxK5hp8H44QFNVMXGBW8SVmLTwAoNV3q8F,9502.933027298268,1123118,$1000-$10K
EpTw3L95XULLcrNLgSQ1qJn4g7FmAPgKSiwsNYkGXkNj,9502.9064591034,1123119,$1000-$10K
DFJAJn5LQwDbHXCBSbkibnqchAJhiLEPXK4WvYS47AQE,9502.90546313696,1123120,$1000-$10K
9jAVkTxqycHckhSHqbZMbcT3mUudEWxYEA76MmKXuYmD,9502.854497258431,1123121,$1000-$10K
C1ke6cgYjwwvkrx6eDX3ATBwLCQJLqCqfGf6FvWqtooF,9502.848613717699,1123122,$1000-$10K
FiYjNoyZPrn3L6AxrFAesi3mWQnmMqkd5G3Vh1ABXM2X,9502.847739865783,1123123,$1000-$10K
CAsaEpvgJXabFoNpcXmSH25Gtmk8ma9FbeaF1znkzGyC,9502.844238546022,1123124,$1000-$10K
EtpgKatTyJYdpbzJNJ27woxT4JsW9G5pRP7BHFSb3eCz,9502.84328631337,1123125,$1000-$10K
DgqB6iYQKC9r3PzyMXNZdyEgjRNMYV539T2eXrRB9z9Z,9502.83961201664,1123126,$1000-$10K
6oJJxoAgrPLkfT1nv3RRMWuLz41vdhskoGMik3YSvNDf,9502.82365798192,1123127,$1000-$10K
Caj5XC7nYjcLKzAjehcwhDGNaK1tgjNzWfgyx1pxFG5N,9502.804106678781,1123128,$1000-$10K
J5ibwzBwHRHg22538Pw4jA5tT8y9YvDJMmV5Bx2bbu92,9502.772395789932,1123129,$1000-$10K
HMKCT7Yk1TznjAZK8uq7auQ7TME7xT6kxsjT7YfTtG89,9502.76918837384,1123130,$1000-$10K
H1zoF9DzQ988sUgmMNGz2sqf3NSURAmiRzX5evKHrjdb,9502.735275831923,1123131,$1000-$10K
9G6XLnN8dsvBpwBmAhGVf2XY3Jfmw6JTrMPQpD4DMRjq,9502.71335672626,1123132,$1000-$10K
BDtFzLWYi3p3SdgSLr7LbPNxekXggNXRtvZAq9S1ZMVV,9502.699710314,1123133,$1000-$10K
H5fb6TiymP895H8oQut8zpgCJoPK6UYehhvhiYam6hdT,9502.678205033531,1123134,$1000-$10K
E4Q3eQSmDK2bkHXDyZKGafAL95j4UAjyPpZtzNQYXWzj,9502.655980007617,1123135,$1000-$10K
7hoi7uHGNKsWjgogqgcLRq6mvaVNujsk4b7Ps2tAY5gV,9502.644719363294,1123136,$1000-$10K
Gnxd9rMhKQe492NU8BDu85XaWxYf5DFGPkAPMcVjKq7o,9502.638871018527,1123137,$1000-$10K
5dfoddQVusV1iLBKMZD4bSqr1CoAqJgjnT2dbjLwYxma,9502.638788485943,1123138,$1000-$10K
5TDBZ5QJzt275WYeNad7pGMa76J2q52FkJ7dnA38rzWn,9502.612489942043,1123139,$1000-$10K
BWdB48tGuiPHoR7wSr8hFiQFbrj32ZSTR4YPHquZSgyZ,9502.59339251855,1123140,$1000-$10K
8hNw9mKNGAXMgSFkhc79at47TtRpPKy2sh4egTjgU9df,9502.533491101593,1123141,$1000-$10K
FVj5qY4DZoWNygjokG283y3E9FQbxagoW1FZfSBDciQf,9502.508882576834,1123142,$1000-$10K
9yZM9MBVBaqWVK3sJJQbAWYGMRStkKehuuMjuynMRmqw,9502.506851577824,1123143,$1000-$10K
7Dyy141NmDczzhoYbbyHhqejkBCzVBiPCt7jaViQJFWb,9502.480397827296,1123144,$1000-$10K
DDg6utjYsPkcJuXHUKUCtfmxa4Mcb74wYoZDJfR293Qf,9502.47151077319,1123145,$1000-$10K
3SqALUL4RX2kwhgW48jnhe6mVnUrHND8zSfbPhCxPXbK,9502.470444595503,1123146,$1000-$10K
B6GmUBzmUH5F4VkKALc8vHQq7F8azfBY5bkFREVdRgNQ,9502.46207694249,1123147,$1000-$10K
3dngDjDoAtv3EcRXXc4q1bbqETzfeVWkHaQqGMtVRwM3,9502.4538988348,1123148,$1000-$10K
BABUqzcb1hFLM5Qks8RTaoNxwZ62XdDHDJ6kCYLysAqM,9502.44125659446,1123149,$1000-$10K
Ctv2i4gtFJzyiTvEogqVwsbvPJWQts5eUnGtTqE92QgV,9502.433778071487,1123150,$1000-$10K
DSZKYbpYjZ2yPVF3E2sRFb7kzqz4Va7s9ZDB6X9osW9P,9502.428503661395,1123151,$1000-$10K
CKeyeRJijPbBRUHH6ej4e3f27uCW6VwWj1xqQQBBUNaw,9502.425234792294,1123152,$1000-$10K
5hzH1vZhQQEbBNxp9YEHcMfuymnarcjpRey5HPSw2pva,9502.421526784225,1123153,$1000-$10K
DJvs3MtQeqTzFLjc6BvNgAdrFSrCMwbAUJR6btFwHJsp,9502.420372953822,1123154,$1000-$10K
DhV7mrFwyUyHQGL8kGs6BcrZEHtgfkLsAHzqifaqjmRc,9502.39659820514,1123155,$1000-$10K
GLyBzFMpVc2X6p3ugKbMKNXNWtnf9Ax9KBdpt2Vbjtap,9502.388551072281,1123156,$1000-$10K
Gwe5phvDnKgpRBDpfUBoDbd7VYGaaCmwJA1jTWvFbbEt,9502.377096994223,1123157,$1000-$10K
VMJDgkAphWCEH74dQrZRzAjWQGc3u7cbnH5AGYZ5oUE,9502.36006828959,1123158,$1000-$10K
13pdm93SRiZYDSzFpWBMGGZfbhU7V1r5FyHghVqAiZxM,9502.35624481417,1123159,$1000-$10K
4oANFFaQuTLbjfmVACeNeFg959FkqBQbYfiFXvCa97eA,9502.3386219606,1123160,$1000-$10K
FsEvp9cMSwF6cgb55KrY2aUHY5NAUba5oUTkJ9vFxHhu,9502.331561950265,1123161,$1000-$10K
4BVweBZuEZUPdBvga9iBEJkxrJjFLd8drDLoixg6bZWG,9502.315780195038,1123162,$1000-$10K
8CSKqRzJkJosB7EEao38kLYUVh1BGYgCUCzY8H2Feu2N,9502.302768920767,1123163,$1000-$10K
4shEZJnDzHmT8mXVA2C4EwHP3cdH7ZaXgXmAfrcJpuDA,9502.275923116904,1123164,$1000-$10K
5khffLYhz7AQSmxnBNnU6YUFVVmY3vmPifiUNfpbiX8S,9502.258693965558,1123165,$1000-$10K
4qBniTPPnDHqRTPAbHZScBcUQxA7u4di8o6yY4TZDW8P,9502.253477360166,1123166,$1000-$10K
AsvJxTQeAXJNMomxeg4SpTTg3MrgyZHt9riYH1W7bhq,9502.247895509405,1123167,$1000-$10K
75yp9t81iKtXFpDKm3K748U59MT7zjp2YZTNSsYiUF3e,9502.23031064152,1123168,$1000-$10K
Aw71CWXkxe6WTx8gh2h73F3AsqaL37oMPa8BLw4n8F6x,9502.224082417846,1123169,$1000-$10K
EapyeNGDc3So3eRBTgBa5wvSZHC5ySGKpLz4gHQdvNFZ,9502.16395362641,1123170,$1000-$10K
6dcBJoE5P4Hzhr6XYkVtUvX1AfxPHEE9JQf5PYaY7WRt,9502.145100919579,1123171,$1000-$10K
A67Cxkoec6tqQZkAN6SgFVCptZaag8h9tJY5V1sseRKA,9502.131402999,1123172,$1000-$10K
8wQ8XUa9KvKgLapKLHbphZKw6QyKMuHtp7PUocya2bAq,9502.12634649325,1123173,$1000-$10K
CfUUx52vCrrmsKXLant9gahZZy2w9iLsarv8z7Ykxx4t,9502.110962394207,1123174,$1000-$10K
FnNTAniNa3QDwbXrL73Pa93jwnPNA2fgX5fWzava4uTW,9502.10498688447,1123175,$1000-$10K
FjAUY6zunDfGzhCLK6eV9GyHjYBmXw6aEYS8C5pdbHVA,9502.0981398719,1123176,$1000-$10K
4XisXj32cF8BtdHKiV9zdTnkBmv1rcdp2K5ShprSA8h7,9502.079496218343,1123177,$1000-$10K
3wB2mhgRCJwzsjpZdvAZkXxqGfFZSDASTpjd7i1tu4pm,9502.076552967477,1123178,$1000-$10K
DPnqETNvHbCoWy7gobj5WepJXScHx6RHDuYrAchGt1Jw,9502.072944211584,1123179,$1000-$10K
58Ad8cLdwTbwSu5o4ccSfjihTXdjvzef7gNfbJy6Q3f6,9502.001295840286,1123180,$1000-$10K
FdsqH4MF2c8QuToqiTRzfjTj4tXpmX4Z7RT45phpKT9d,9501.97756102792,1123181,$1000-$10K
9P7dZJr68vZvroXoVT8PzwAT1LvndorTZHba9THd523h,9501.967737956458,1123182,$1000-$10K
GFR1CYbPvn4ThDg2bZ8D6NJBmJjE7cXDnCsfpLVWoQag,9501.963303618171,1123183,$1000-$10K
GMfC88Z4wqqVsZWs8qwq5RqCynNoGP8xqz4Ka3Wcdr9J,9501.955265495533,1123184,$1000-$10K
GWatDGJjnCRTUVMjFrhZhbNq3QfZQnDAftUNhAKxv382,9501.907919280811,1123185,$1000-$10K
4uWNg9s79uDYZ5K9sHCpdZdD3tQWExQRhKYmCwqBoVpP,9501.905786068823,1123186,$1000-$10K
6LYNLWDg8sWRGb3AeYqMn1L6GzYHKQTQnHo1RCYkCBac,9501.891657497981,1123187,$1000-$10K
HgiFTuXJLNDnYu6TWVCcry4xahs6dewT9exqKBKDqd5z,9501.891169554367,1123188,$1000-$10K
Gz5aSDpTXU5GZDyiYT9eUcdR71VxktLdyL27texvNExu,9501.890480557979,1123189,$1000-$10K
FyMYTgmxrcv821m9tNapD2wdPWAtirUhGQb5HB31Uyhx,9501.880711543343,1123190,$1000-$10K
Tikg5MHZXzJniD3nL1Eed1vmT1sVtjFXCkURNyHxHts,9501.843377398429,1123191,$1000-$10K
74BbAXoK896tLsnMGG2QGeo6X2Hk92brTk6n1SVi5Tos,9501.8197438314,1123192,$1000-$10K
Hn3TaHZpd88LXfoKdeCqpEVBuKnK1NxM5twSy3Rv2zqA,9501.800000000001,1123193,$1000-$10K
3CdBv8ExrUjDA5wrtJfuLDnSoV1p1kvqARbkDuAfHy2m,9501.77059973957,1123194,$1000-$10K
Ayypv1CXLbRQ2gPwR9K3YmiemydmLaNkKhpYHUviCmy4,9501.730676779638,1123195,$1000-$10K
9u9ofQGGRoWQV9TservMErmsWBUXqaUG129Cgyfu3vwH,9501.720440043817,1123196,$1000-$10K
TFnNmgWSwBtPF1Unyd29BRGGGesoeciMBVgjLhA3S9G,9501.706519480844,1123197,$1000-$10K
9Rhbn7NNzZFwTiS4ifjaxVEg4d6YF27g3m7rCQAbEAcp,9501.694646580449,1123198,$1000-$10K
ArLtg5iEhn3t1qJdSg4HMahmiXfYSXXkBGvxX3MVZ6MH,9501.693195689055,1123199,$1000-$10K
Ar5CpRFfXhLwNDPVNdbYe2marLrGu9EknRT7g4CZZCbs,9501.69171683347,1123200,$1000-$10K
6Nq1r76Cyu3o95spMZ4jYWTJVHoaHDe9gHiipujyVN9Y,9501.683243430965,1123201,$1000-$10K
9Aet2f6rEUs1PjnyaXKY2zp8ydx8uJHqt4Syx4ZBYqw7,9501.680234415899,1123202,$1000-$10K
2WidsxSkfa7aP2bmpFkv5EP9ZSNz9zwvvQjTmTRcaNuw,9501.642542016683,1123203,$1000-$10K
8ti1mzCadpnUisVJ35ayxSU16fxZZZ2hmALhX8L7WcHj,9501.64213345089,1123204,$1000-$10K
9rhPAJheS7RQKzQ8Xjg1z9pU2g13RqVSu1aKocdPz72P,9501.624056104734,1123205,$1000-$10K
BypoNnnFgv8nnSr1CDJr8jrpGEMh6mTQYPf3dBxpR13i,9501.614495077198,1123206,$1000-$10K
DLKXfbsmUpueMHEAUt4jtZpGiyZgk91ax9BhNZwQWDkF,9501.570585910831,1123207,$1000-$10K
EMvEpv5PLgRog6X9m5AESWyjurooWJ5CCFkFeAjgtHaS,9501.567023103526,1123208,$1000-$10K
TK5nUoQnW4KoVwsZY7ye2JTZL3LKaD7H1PsnjtseBtg,9501.541423187438,1123209,$1000-$10K
838ifvXn1GktJ28judFDAEgJuSigDU57BwkSbFQGWag8,9501.52677506655,1123210,$1000-$10K
BXz8MNFqq71mK9guc2X4Y5YrKJvY1q6WTRCyUjV2NkcK,9501.50878359685,1123211,$1000-$10K
HWXuhS8MsPhK39Dxo1PpwJ6RyuykKmLCNz6aVofUFkTz,9501.50525628455,1123212,$1000-$10K
HWeEJE5P7ou7TjNVHPyjNsTDLpoER2rMGwYkVZo6G7YC,9501.503014671189,1123213,$1000-$10K
DMQyRKC5FG6uWHaUCNYuE54qHVuJimh8VEqTGM9zv8se,9501.44,1123214,$1000-$10K
jEJwh1kCiFC8beyUe5HA38FvB5aS9A4toiEbarh3zrk,9501.428547004765,1123215,$1000-$10K
Fwe6EFvpmXrRbiU4ZxEkegAXuAbckJaKYEGqs1w9CRJy,9501.425177644678,1123216,$1000-$10K
GY8utbWFaT9jS3in7d1EtWHerXhLpd1114pv1YX541pS,9501.419524249899,1123217,$1000-$10K
Hb1EFDpNzcLeoAyXYBKE1kHsA17BUFJkU7mQ5EkRDbFn,9501.408410689855,1123218,$1000-$10K
9rcaULkmzwCj4Con2P1gNWBZPn5wysT7EiTU1b4mnViP,9501.390627998484,1123219,$1000-$10K
JDRT9oncw4fFpcLtEEC651HYy4Kr9ZHejNmdsCpoDUKT,9501.378138312019,1123220,$1000-$10K
AsV4FrMv4sCc7myYLDveaaB9Gm4iq8q5wiN5BuqdondD,9501.369369479467,1123221,$1000-$10K
GwSXFJ2Wz9LM8gsE8mPAAa9TkNUEoi8SLbqZg1c1f2uQ,9501.368046086442,1123222,$1000-$10K
GQ3GRVyMJyc7qsxWKiezt6bCPp8LPqomZtNSkB4t6A17,9501.340010651387,1123223,$1000-$10K
8SvQfN3oYkLjv1eLXDrEwNbN3RBZ5MRU51uMotsExzdF,9501.301170120629,1123224,$1000-$10K
62pghx9oXmbkzbW6WZ8CXRg3od8tjdGJ1dUyTQtcVEMQ,9501.227171877297,1123225,$1000-$10K
HVnEcKvqgh7FhwcZvwr1bX1x64GPZVBt3PgXm2FFGjVz,9501.216988638353,1123226,$1000-$10K
HhYRC31cHZ5b1VUqDw6qUFY9DyYL3JYSzCoeKpt8Kv14,9501.213471791658,1123227,$1000-$10K
4SD5FQoDikyy92A1TzFJB9BgucU9hSCdEDFCBjAFKcWh,9501.203696515891,1123228,$1000-$10K
3osFbERajc16noukBRbJ4n6Yqg2xtJGPkmZe6BJ2vUWB,9501.200479710324,1123229,$1000-$10K
3hF6RopCoceD59KPTc32R4MuTKN8j7haYhrcQk1S5DFX,9501.162142628711,1123230,$1000-$10K
25jTcXSTKzBptomAooWxetDZVrs9HSt385ToTHbyDBwG,9501.130176737714,1123231,$1000-$10K
CuRJAcYpDyo4WSdsHKpXxX2DsL9WWfEf5rfx35rPGb4H,9501.107090728286,1123232,$1000-$10K
GWxdARbqXH6fGzjnUXTmV1xnKgNyRM28bw6dwzzmo1hg,9501.104847246519,1123233,$1000-$10K
5LmLvyUU9vKWwttCpsVhGN5FNjKjqXJ8pEQhVTzUF4vo,9501.104252581541,1123234,$1000-$10K
2TwSpCUrH7CszLxAksQ9UkGUnsw3xZQvWQ1GjdYfyRh2,9501.09520930893,1123235,$1000-$10K
EqP837kFjxcFj1inj3CY6HDwEWXUUL3L5WeVHfUKrU7P,9501.055845991927,1123236,$1000-$10K
4GmjmZdXL7XRixZkRHP4CzYryJvsWGuZs8GDKdRNeBnD,9501.051870896938,1123237,$1000-$10K
2BLBiVyiTDRkph8181EdJQCSWyJeC93f2ecwsoh58nyr,9501.048927679036,1123238,$1000-$10K
2xVDoYBv3GzAACsbvJqKyXBVVnqNRDovDXnfPpwCFS93,9501.027993948424,1123239,$1000-$10K
FwSwzcu4UKseEdTSS9mxNKhXNDtVXEtB59C4Q31tu6gq,9501.019615428513,1123240,$1000-$10K
6cAN1BZ13EGERxAHZPks2cGdGfmAdDM6RpNWwxUexRcu,9500.997995689857,1123241,$1000-$10K
9tGzYkqWHxJSPrAJuRG2FAihFQj2yRCp2YLDtPdQxFte,9500.993974608977,1123242,$1000-$10K
5t9vDFRvynjRsLqqRvYp2Dnm6YEFXJywfzHcaPUR4bi1,9500.977560161919,1123243,$1000-$10K
n9i9jGhDApwzf45uBmKyDGtzbMwqPg8UVdy5m5R1itv,9500.97090022963,1123244,$1000-$10K
4BuMuS9Tv4TCQ6nCN3SESEbcJppnyh1tprN3fi6qjSaX,9500.927642047885,1123245,$1000-$10K
2SzvSbAcdzqLWeU1CM9fjwjvy9K1uCZqUSZxEbMtwKAj,9500.917936116732,1123246,$1000-$10K
8HQVrax3a79DkjZJdSsQDqwn4G6LMb5eAjWF1fJf685R,9500.912873044912,1123247,$1000-$10K
B8C3TfwfjUPNSfcQST8vTcbiZpupgacuAXKx2mLfdSRr,9500.900663633665,1123248,$1000-$10K
8B9zeKFFyjSpZMEYtyPJXNVnuU9PBAw8uNxPWMGS7sTA,9500.881090720195,1123249,$1000-$10K
GUvJhwNwwiPCSJv2WVBejfiBBxwyqTXfJ4M7RsscsXdM,9500.867178658506,1123250,$1000-$10K
DzEtLiVy77W8nM6SJVCNibnrgdcQ1nomdGzbooxSS6w9,9500.816393445082,1123251,$1000-$10K
7SUs5xy7xhzx5unphfDTAcwuy8ihWEfYN2sipZgWWXSw,9500.79722417581,1123252,$1000-$10K
HfHL8sc3463iegYzTpuwgvV5yHkJQY6aabAE9TrNkHik,9500.77249131464,1123253,$1000-$10K
5kXkYKH7dmyUHs2A6YkhxrhtH7VbqqeD7JBwt4XcXaQ6,9500.769244938752,1123254,$1000-$10K
AG8unn7ga8GRTE6goqRMnYQZQYsodsrdKoXKvCuUXiqx,9500.713849993646,1123255,$1000-$10K
912975MuoSvruihroSHNwJt5zE8uVknFcVKdUuRBMnb2,9500.708109007885,1123256,$1000-$10K
4fyvYveoGUQtowQWSALfdBeTpiDYV3YpBbCLMDfMfi7P,9500.706374569761,1123257,$1000-$10K
274qL5tcRS91iMxcPtCasQFVqxSGWkYfbps8LET7bZPB,9500.702818855389,1123258,$1000-$10K
C8noUxkWZeKiVXDUhwbzBGbEYdRfZj4q9QNXbUx19rGR,9500.687404566952,1123259,$1000-$10K
JBVD1qHA1qucPuXaamJxu7YPRgRBpXvD53uexRjKpb3c,9500.67203083144,1123260,$1000-$10K
Ac3aebhrBPWtL9awb9PvqFb15b2TWuW2vpRfHpJmNBqH,9500.66280741656,1123261,$1000-$10K
8s3UseSo5chccm5JRbcv2Tn4tMziNSUbKwE3pQze1dCE,9500.653108319682,1123262,$1000-$10K
3iCdc1DxWzT39uEv8AkdK967z2wxnc4ATDaqEFVc3bu1,9500.630283661392,1123263,$1000-$10K
GCRNftvPEsQsCMa2YLwKa6U9oeDpWQvBjAuVP7mNMhQz,9500.628001419009,1123264,$1000-$10K
Hw1KSvqgMbbx9dj1TY1E5QaMcUhK3EbeaVeGpJJg1r6p,9500.593626863916,1123265,$1000-$10K
MWtop8TrnG6Y5CNY6bS42pj46k2Pj6r4EUK4AyaHdad,9500.580267945435,1123266,$1000-$10K
DG5q7EVCHjnddWi75t8qujsPNsBiqsWXxRTXR3JFfdya,9500.549770375264,1123267,$1000-$10K
HiGaLn17P1N4eKN7KRWvoDxK7n1EbKkc9qXgST1hVX5L,9500.500479226701,1123268,$1000-$10K
BUGSETWdwAT6xWYhVpcGUGz5U51zRmJSfPTPFTCUV2qt,9500.478433204451,1123269,$1000-$10K
31SNgPhWJzTmQ3qN6LjzUpSRQjFKzENcrYZaT5dYeiTd,9500.446956091831,1123270,$1000-$10K
BYfv7Fz85pqrjqNBGXf6Fwf8sTJPoiRK63GnpYDiNxC1,9500.429903099033,1123271,$1000-$10K
2Jd96fw6PiH11Wcb2RYSf3XEomv86BMDXBKgX4BHEqq7,9500.42541374788,1123272,$1000-$10K
AHdBAD1HG9hF6B3Ed2Qu1qVPkceMmejK7P5QYwsssQai,9500.408695374947,1123273,$1000-$10K
BJ8vuCaLsvQ3pcq9cPyHLzBR1G1pjzLdUKmypckrLg38,9500.40557813722,1123274,$1000-$10K
9vSnhkhnAChueMWY4jfoR7Q99KehHAG37ZsgCBpTFV8a,9500.381986902097,1123275,$1000-$10K
5U5K9tdUVy14DZKB2vMZmKFaqPjeWkmPqiB97oTyJ1qT,9500.37536435546,1123276,$1000-$10K
7hffhGGjwRbgHwXTwPE2U4wiNH6nMKzsDj9zMXCxnN7q,9500.374602428818,1123277,$1000-$10K
4EvZ9AS5FN7DgkTmuroQq8CBbYNBJox4FWWszpBGXRyb,9500.355027763622,1123278,$1000-$10K
GzRw9UknAzegGLA8mdbYdQPrxaiceqLTnTPE3G6RAHq4,9500.352720237315,1123279,$1000-$10K
6K5rU9dFZPrF7FhdQw2DtacpuvSsdFXwftxwoGyd7q9u,9500.350918319955,1123280,$1000-$10K
2hQTMVFzAcNC9LdbjfA21ZTn7DEssTFCHMLa4xFaCJmh,9500.329370194964,1123281,$1000-$10K
97sQfKNERXnnZWRkKVvrYgkUs5sBqVw6ojDneo3WiNbC,9500.329166286187,1123282,$1000-$10K
837WeEUPtucvgLkb2jEbBCpwPA4CxdXt2kYRnZAhoFg4,9500.270770603398,1123283,$1000-$10K
BGnPKwemftGk1rMuCZZQeRzxNc7a5vGhYuZszuz4RsSa,9500.233044220391,1123284,$1000-$10K
Bze4Ay9FdHZEt15fw47xc85XzP6xhDtjgy6NGmStkK24,9500.181933389056,1123285,$1000-$10K
H9GvfyuDBdN6AsjK9pTRBE3gnVQXm3VyxuR4Xx3ifMqM,9500.169876661195,1123286,$1000-$10K
3qASkBq5ZophgktnGeELPrHFZbCWM6s4Y1jE7but7Qao,9500.167055655831,1123287,$1000-$10K
CdTx27mXeAzG96Z3HrC6rrZwhWQvZbQbZ7JwBw1vd4bg,9500.15002462292,1123288,$1000-$10K
HDCoWYPZYtFyCQrKoGFjYdv86e6Xp98HsBpx17iE5YLu,9500.148288919914,1123289,$1000-$10K
4dZrBX5YfmoqfeCJxywGbb8kCJ12c6i9PaLc3rZfT9iL,9500.141247354128,1123290,$1000-$10K
AhQmBnKaDSqkxUGrSiG4auigQBbuiyg25xJK2mBivtMt,9500.1396878757,1123291,$1000-$10K
xVHPHznvkmUeUUCk34ho3ZVz11rjTX6CR7JMshR5Azn,9500.13393301958,1123292,$1000-$10K
AxdRPXdowDrm9ojFaJU5nmCTgL81J8Uf6imTaiLNVYSh,9500.109158932453,1123293,$1000-$10K
6FLgtKaKFyeha1HhtJBpdNMtAJ94WY1zgELyoq9Fp6n1,9500.10725592166,1123294,$1000-$10K
9smxL2fud4Aq2Dp5ituuX1HzyUmHBi46DjSdTrwSXFHp,9500.10180334144,1123295,$1000-$10K
CxALULjCqincUuewbnfVPUeVWQD8mR2fBeYATRLQqVgM,9500.071498510662,1123296,$1000-$10K
DhdWyLmj762KHUBDNwJmyv2vb9ENzyF3wGfM6HTpq8Jz,9500.068979949225,1123297,$1000-$10K
5H3ocw3FwUphsRrYrVy5CNiff4D1gfwWCGYgZ8DhdN5A,9500.06671049091,1123298,$1000-$10K
CgxDXDTxPvpxpLBtKEcmxpBHSzk6ejVZc7Toai4B4Cz2,9500.064933660156,1123299,$1000-$10K
Foraku7xuGMnQ9qNH3ydgLjopE7vgW91j1bjZPjkDJcM,9500.052866957783,1123300,$1000-$10K
3qZE2nKo1mA6yxAXC3TDhPaT2h6oWoivjhFtZdzKy9Hd,9500.04808217904,1123301,$1000-$10K
FasBjdptt96Cv574dUt6DCwQYDYk6AQpbN1v4Qexb4un,9500.024085541581,1123302,$1000-$10K
7ejUY34hkTjzm67aF3T82ruCip5s3HZr1ghcwDc5tmNy,9500.00723736,1123303,$1000-$10K
6Do9vUfNNPsBb7s6vckY7ziAABAGNEQkSAV9r3pTxobY,9499.998244419856,1123304,$1000-$10K
J87uh5JwwZVaadCmmQnecVPfDpErRdFZtAMZT5GVzfbW,9499.988212931215,1123305,$1000-$10K
DnAyk5StKPTVAdHRaeGEiwXnRbAR2P29WFASpbeiznzk,9499.98,1123306,$1000-$10K
FFkTCHdR2NRBVcq7KF4wXwV3Rj1FEJBj29U8E3ec5RQU,9499.971222930948,1123307,$1000-$10K
5twD5GgA53Xs2NCnjgJXg6gXyz5qHMUMFoQNMXN9AqxJ,9499.947646444638,1123308,$1000-$10K
EEJQFrcMP1w9UQjLQCrxhGqS7nBtCbqLGFoeeqjYKzwC,9499.934037357714,1123309,$1000-$10K
GvkjYJfqhig8GeGnmwCTFvq77YrAQgt8tkpm4deUY4CE,9499.931159873064,1123310,$1000-$10K
CnWomYzNabJyoBZHZoMsGtNayXxfwf7sq37pv1xSsybB,9499.92739289115,1123311,$1000-$10K
Eryw56FbTbpb8wueQTop9vDxqjodRqVqebX2Ty5uUZZL,9499.92645106519,1123312,$1000-$10K
UvCDtiiXYvFrLy2jkPqjtuEX9btBG4hRFHALaFqbZ6X,9499.9241463568,1123313,$1000-$10K
8dZo1adKhGuLy1of5URqLrYvmmwHLyvdtupFghT5azuR,9499.91097073055,1123314,$1000-$10K
EA3znQ2T4h37DRmNpDRWwBiw1FnVZasjKuYnLryGp2Jc,9499.885483577358,1123315,$1000-$10K
HZPnp9iYxwk54MFUfqLZ66frNDjdwvGSRp4g7zb3p81c,9499.879027894754,1123316,$1000-$10K
3v4mpeXCeCdPmmw3n8KTm2AL2qnQbtb1SLJbptvSwcjF,9499.861275128753,1123317,$1000-$10K
819zFA624WGwLe8xdydN9gPcAHS4kvBMHkz8Fh28cccY,9499.854205623315,1123318,$1000-$10K
23JbnVk39pZSKkZt5Hu7o8W5qfGPbj23ouPEK9ytkRRp,9499.827534188265,1123319,$1000-$10K
CfDKThAKVhn8mVtknsT8jYuN3g89FcDKSFumrHsLoyj7,9499.825199187508,1123320,$1000-$10K
BGSVRPhzcqETJ6a2tX5Wigcow1Z2tUKp5mYHUt4CEJTF,9499.80365980203,1123321,$1000-$10K
HQcDBdXSQiAg7w6ZzCCG9eFinFYqNCeCaydVyNre9bUb,9499.770028234394,1123322,$1000-$10K
95nAFDGiBmRriA8K6PzcciFd1nvD7z7NCdarhC7643xm,9499.700391256389,1123323,$1000-$10K
9Cxib3Na1uZJemvyWU2CJ2YnrDkB6R2AUXziHGWKvPun,9499.692673289608,1123324,$1000-$10K
C3mQmCa83UBqRzn66wQdU2t3YhvrzqWvEBkB2GmbZNCT,9499.66466190294,1123325,$1000-$10K
CfKgMyUN51DEJSNorQXs8F2km1fD8jSQXfaERFv76qnt,9499.660095953197,1123326,$1000-$10K
8dfofaMBtHuX9khjPYePXswDCLzMwEhqEaBAELxsPBvC,9499.649297288448,1123327,$1000-$10K
78KzYtWyuPwTFyDfqCrrAhHfkSeKdaBGFqhb74tqpaVb,9499.581402433965,1123328,$1000-$10K
cAdoe4qDxvd13QbcqjsWor579PbH4P8P3jdvZUeoXkk,9499.547835143434,1123329,$1000-$10K
6AERG7vuLGCcyKwRKyLQvdmfZedgxH8GPXvWsHRRSXaA,9499.503986593949,1123330,$1000-$10K
2LQfTq2jF759NXqQCPMttELRadkewgVA5joKUmcJEqHj,9499.487836855082,1123331,$1000-$10K
FSjTAnRzXm9ZDpjdppQF5oqxp13xyrshE2WyEvXv29To,9499.46527342135,1123332,$1000-$10K
4uWjzN8NxJ9UkDWJDytZQRuAsWgf8bycxAjFvqxjJYha,9499.43591554091,1123333,$1000-$10K
Hy8XDXFyzThkBMWjbkJNPXcvjUTcxsvBu2v5HRcKtuUx,9499.419978033904,1123334,$1000-$10K
AA1CK1WcyZaw7rxgnud3fTNxNGtCtX7VmrKmroiBDehe,9499.411385486881,1123335,$1000-$10K
8wyeJwLaxpwdZeS6CsFqCm8zkHwS65tWnXpspWEE384R,9499.391744716952,1123336,$1000-$10K
9rJ5RNCz3LKhBtTe67t398gesbah9ctdm94Nx3CVMg98,9499.390480069856,1123337,$1000-$10K
9mc4GnHt7JgeHqTdwuFeXEb3km2qtvaJz3PW946pkbgr,9499.373088011343,1123338,$1000-$10K
FcK9mEaPnzNs55UHj6SiRUPCoz6cSp5xoa9gZG6onYHC,9499.35937598165,1123339,$1000-$10K
CsLTput8aoy2c1BNSX8qta1XgDBQ57B5DZ2ZdCKhWVfc,9499.356749280727,1123340,$1000-$10K
HxCazGSFxeReHZXskFWUJ5E27uf2HYam31Fv9hwEUoek,9499.354114983124,1123341,$1000-$10K
EvViREd31scK27eQWwNtQ9db69Xo8G5FhRYkoCeK2EQM,9499.320370922229,1123342,$1000-$10K
8aQ9XzKX5diCxQMPA4fc7tSyA52Fthp6F6GkCfkfkSe3,9499.298014787837,1123343,$1000-$10K
E1oKgQApyNkAgpXnU7pF77By4jcEkkkVE6T8qWZMVu3R,9499.295667744911,1123344,$1000-$10K
GL1XZoBKCMjxNbYpY8FR9G9TrMUR2FeUFhRgtczcvzAr,9499.280958401758,1123345,$1000-$10K
3wgBbdV4w7sAfX4vbeyqRrjdov5ujusjtVD2Jub2L3AN,9499.266731665646,1123346,$1000-$10K
G5BfVZ4621SDqkVMUajghFAWTVsTfY2Jv4uGaVTnJBU1,9499.22289404661,1123347,$1000-$10K
EoxiuKeySp4SZAmXA4KrT5kKfJtNuS7aBFJqQj2YbZ1Q,9499.221688969199,1123348,$1000-$10K
2Jp85fJFMagAVGMb2DQV6a24MFipJNBKLfoYwyi1oAGn,9499.21035748699,1123349,$1000-$10K
6W8KsKrfvFAZX5nWxJKZitDst7jy5F2rYni3EgZiYX3v,9499.18976817797,1123350,$1000-$10K
FHih5FUk9zH2cxjdvzAaDg1tVCnSfUsZzvqW4b2gU6HL,9499.162700923553,1123351,$1000-$10K
5fQpAVCsm2urS68z8A3fYLYfvooonHt1H3Yw6CTFWoP9,9499.1502451357,1123352,$1000-$10K
9Va6Nyc6WcyUXQzKHaUC8VxF2mcw3VqgSG4PUDkSi396,9499.14246537489,1123353,$1000-$10K
45Xat7wVr3WwLwF77EtRmTUyukKPpkQYoW14TrpxuZyw,9499.142404931512,1123354,$1000-$10K
GZg5uyDG5QSgVuprPzjFek6HboB9abHoXAaUCvxJTBC2,9499.116287235467,1123355,$1000-$10K
7Ugk6mwQ9YyGwrHas6S22FeDAYWVTv8raRZ2NrvrvEkX,9499.110317408618,1123356,$1000-$10K
465dsdXnWFb2fw1uTFSNhE2VXnTEbUKXfPkKZh5CXSZq,9499.106345861212,1123357,$1000-$10K
9usV8D3euqwbqkhcmi4PoyEWFeeRvGoidqHiiKecMTuM,9499.10235541027,1123358,$1000-$10K
CABZK1Fm5JbHPjFKzdiyxuKQDbGwQJM35Za3Hmx23gEg,9499.097646200145,1123359,$1000-$10K
96n1LLhkdyT2bxWr1FnL98qEemzpsiQBZ4gv3FknvSeC,9499.093209700877,1123360,$1000-$10K
9fWBgjBjesKhxCQa2AVi29P9zbM8oujdc7myFoKSqHEi,9499.010016826318,1123361,$1000-$10K
8Eo85WGY2Qc3CKuHpKdqJg4W9N8uxK3Zw9Dkko8rWxt3,9499.001647982024,1123362,$1000-$10K
5uBhZx8V95o4mFtNaLMocyNX4UFnA7qg43HQGtC1WkBZ,9498.99507078918,1123363,$1000-$10K
8VwFxFHQUoHoZVLMCpJmTbtwapssU8CSrc1tJf21WVGA,9498.940048299082,1123364,$1000-$10K
DjdnL9fUzniszQn9fvmaePs2Gy3pi8KNHbJXL8F2ajWg,9498.939785531758,1123365,$1000-$10K
54kfF9hkdsre9ygbDp9RoCjNgwixqVeh4Pk6SWtyKrQ1,9498.925080667543,1123366,$1000-$10K
Fk9r49FQMGDCZPN8tV1AtVrxFkg1KsqXYN8QF1KYyfTE,9498.914590027589,1123367,$1000-$10K
7dHntmYmsqC9pmTPQb9GhQZYh74SVXVEMoF4iXZHYueP,9498.86940162782,1123368,$1000-$10K
Cycioc57unVwEbhAxTPR3eSFjFEz4Y7bJtExih245QY4,9498.862064695204,1123369,$1000-$10K
A7349qztmRzPg1i1qBdwXpJ1jqkDgs1tb8GpGoWTzDCT,9498.859203694527,1123370,$1000-$10K
EjDgcJ5N9SuSMLUuq1Bkd1zfVe26QYSJW4ecCTPj9CN5,9498.850323369652,1123371,$1000-$10K
FbvSqncqm8QzW7CSErqZHKY56ftJdX3unp6D183j1aUF,9498.84681162441,1123372,$1000-$10K
EzjVU6jRqB6jGbquei8eXMK2XT1nbWYTEevCpKTfGXGd,9498.83850012195,1123373,$1000-$10K
3TeaHRBzjAyHZnc2tYU6FB82KrP5uhATZUkCWqEPD31G,9498.805424533393,1123374,$1000-$10K
6Aw5CW6xuxgiK47mHWG4PJZSSHmGiZM1JrY5Z1piQpLt,9498.795490473574,1123375,$1000-$10K
FNJkXHXYdkVFFGFHVpso7nHZjEiXd8qGW7q5or3Sy7ij,9498.79171427237,1123376,$1000-$10K
CvF44w7jw3aGbhfUfhCs5jjMgRwcQtjVGT41RH4Mb8Vv,9498.78013554082,1123377,$1000-$10K
B5FJxTfhmwg1xfnzhouaKHcHQkwu5PMkMjda3dNbpZHm,9498.743592441586,1123378,$1000-$10K
HJgGPkYq3C99B53YVXMKhH4SMZWwWpwB6cKC2UhqrQTq,9498.738775960717,1123379,$1000-$10K
7XM1v7zH5LNraGddEyfirwz5YQrSgY2Y9csydXHG5LFR,9498.73109787475,1123380,$1000-$10K
5yT5Ryi4oTBSRNTSQnyz4mhpDdP2hUUpMDcywkebZpCv,9498.728409054263,1123381,$1000-$10K
4uaFfexeCuV5RS3UuBfdJLCfMaqXaDSoSj8QcRQJjw2M,9498.714943699828,1123382,$1000-$10K
AFrPk9dMVRUY9NrR6et5UxGzrY9qKFJ3aCiNCNaYXokU,9498.658624954705,1123383,$1000-$10K
7kN99maK34pVMTSw873qFcDmCSmn398xuu529tujmbPe,9498.653626823008,1123384,$1000-$10K
4ZxpJEV6etUgW3BtXDexz1g7P3WVEMSgXHZciQjsm17s,9498.634925229551,1123385,$1000-$10K
8Vz9EuY6Ck4ksN86kqQ7C3uJb8jPRfffNX6qytkRgnBK,9498.63195918812,1123386,$1000-$10K
JE8SRewY8XjCF5rqg2dQjb5Zn1nkhcWcXRZ2VAgbtPg6,9498.618832899527,1123387,$1000-$10K
99kMDRA969S9iFD4YuFKLgF28V8YD2XZ5ugiAUWB2MYv,9498.61559499397,1123388,$1000-$10K
Fsz8o9Y5SpxYHSsnPSazrcm3b1yVZJZFUa58x7RYdJbq,9498.604639480202,1123389,$1000-$10K
AA6zYaTuryuxVp65ruygyMLdcBxL6SpQqJypsG1jMbqJ,9498.56371977191,1123390,$1000-$10K
GPj94aBGX1y7oQvXCdSUfyw2ekzEQj7tZa3fHv1U8SPT,9498.55282909889,1123391,$1000-$10K
HUASHJtm7tWM6LA3CK3R7r3GzB1ctWiX13XVMPWkYW6B,9498.545522965649,1123392,$1000-$10K
2iTGk1sBprUq43PAHe2sMBdBe7p6MtuFVD5zKwpdA6aY,9498.509074354795,1123393,$1000-$10K
9wKiTGFdycsW8WX2bFXGsLDFaEYfmUfvUR5VhAFpwyLb,9498.508830356319,1123394,$1000-$10K
Ewx3ARGvWqPJHVXVVLXH2d62wX9WmwwQmWf7aEjMtHD4,9498.479723852153,1123395,$1000-$10K
C49rGpcGoD5q5usugwb63j2cUCUHRV6SqCc84oYpD5J3,9498.471100020472,1123396,$1000-$10K
74hMAvGqcWrtbz4JMh9UDjaCXBmcRhXxZVcvqKdRZCZY,9498.469893791815,1123397,$1000-$10K
AK5KoEgDR4cRTBgBmEWat2YHz9WhYgkjBJrACoFdhnCc,9498.469333799887,1123398,$1000-$10K
BNri5HUJjfPoQ1mj7NafwBRryUETdTDoJkEVSHT7qocP,9498.422376897688,1123399,$1000-$10K
DAhb626CWFq7GwmPPexXBU3jXLHf8MK478tNje81trPc,9498.35580716213,1123400,$1000-$10K
3FRevnWYRwGpd1FAR3R3xrUEmSsirm6biAUdUBbqDsTh,9498.298313671283,1123401,$1000-$10K
FjfXeVcYYTEfxDr7vjmFS2uFYSH4v8eHJN6JFEph94p4,9498.294609406941,1123402,$1000-$10K
Gvuuacd2yEr4vG5z6xCBAH19MXRSw5rsjbroKvmSnNSx,9498.27169485086,1123403,$1000-$10K
5uqEH4buPv53gmRaLJKr6fqpcCZdobJGmCjntF3mWVpN,9498.267385898074,1123404,$1000-$10K
2VYCcWTExixyxoEbARiPe6Dg1zFJeQ4SLUnftBj3JLxD,9498.255787687403,1123405,$1000-$10K
4rX3xpLsZ2j9G2iXwueeJYvGfU6UQE8TQTM3xbMUoBWu,9498.24001091948,1123406,$1000-$10K
7pR3JxmnvbrwCRB1XXomqMzD6YT1yRCHxVm48vPx5ooZ,9498.227655767814,1123407,$1000-$10K
9ksdQCMRFhGveb1FMz8EvS8UYVaHfBM5n6K2DNBBDA6i,9498.210775015874,1123408,$1000-$10K
6szWmfAq48mEhTNbH2Pcsdi8TYiygM63KE6gzrLNiAkz,9498.187504188869,1123409,$1000-$10K
CLiuZqHeCWX5oBUAjCyhgtppctVFuSozPTbn341fRpeu,9498.18076146651,1123410,$1000-$10K
BX1DMaho5hNUwNJLBrfAiazgk49chVHbSDuXGLQW2BCL,9498.167378195054,1123411,$1000-$10K
2XhrohqYCuAbKHDAqAPgagTvGrGnPJKWZrwL4h5oXyaH,9498.164432052703,1123412,$1000-$10K
BP5ZTEFpdKaCZ7dSXMqu6beUeq9jrrsMFdXG6T3Ke4q,9498.162612552453,1123413,$1000-$10K
6QMFN1EsqCANxVb4DyKobNPjwvr4NWgivCUmewKTo6Bx,9498.1584036251,1123414,$1000-$10K
3gtBV3LHimZk1xr6dHGEq7aWoZwfRXLiAU9YLesHrkQB,9498.156302206096,1123415,$1000-$10K
Fvz2JQeFMbNCGusWKpApTn2bcozK4d2ScRrYNiBAtNaN,9498.137610252908,1123416,$1000-$10K
7XjKjYc7KSyY7W6QLMcEyCVj9pCDq1aSitkWmJDu8FZg,9498.122942631711,1123417,$1000-$10K
Gqzz1Phv39D4ghTXY4RSWLtpx359vYX6WokhuFSLJg9j,9498.10973995369,1123418,$1000-$10K
6du3jNpEdQwik4MX1Uu1GsEahboaMDmjjrJDBiznTD81,9498.105994047533,1123419,$1000-$10K
EQTNfujUU5VV2ruDsdkewobjbbTYMFwHgj7kv6yZe79N,9498.102958252624,1123420,$1000-$10K
5iBUcr1g9RvkMpTDRxfCtHH1fKuaCKn8Bxgo9swhRBGG,9498.065312300314,1123421,$1000-$10K
GVdSuEVL7axVoj1v7J3vxk4Xdps7oar5xncRkKAERp9c,9498.042960341154,1123422,$1000-$10K
Fq3LeE5VsWUz3pg5nFHtwDZseMNjYqM5m4Ug6oN8q7LV,9498.032879695458,1123423,$1000-$10K
ECxB6w89xAwg52jeViTKFnuM3PGNQweCuQawFAHnMUAd,9498.005577582626,1123424,$1000-$10K
J5CK1ETF7mrqDJhHG2eZ6i4ediLPLyTYbprKXRuvF6t4,9497.934573267039,1123425,$1000-$10K
3yYgG1hWRVRwrE9UNz2MJCBjmjyNobEBDochDA19zYP6,9497.903714419805,1123426,$1000-$10K
H6cTmt5r1GPu4A2v5nAKrLC4s2keUSs7aLPWVMQKCFpi,9497.882868088138,1123427,$1000-$10K
JAEwYWako81kke2jMuLgFmhL38X79e4V5LMfkrsAUMR2,9497.877917310045,1123428,$1000-$10K
TjQp24sJ6FUm5fyiKCCKWp2Tf9TZGePc456JKtpQDHZ,9497.852717447371,1123429,$1000-$10K
7ctnZXgTjDJKGMwyqWexzy71HUkXHZdyRyZER7UtuiH2,9497.850433628475,1123430,$1000-$10K
3wiJXEcAkqhopQ6qs5mtnfpKH5PNnigzhiAffrR6fGqQ,9497.835486305463,1123431,$1000-$10K
37cg2MkNeiSLmPmGh8qddykpsMxtmz1x1SLKxuYRhjeb,9497.828745712286,1123432,$1000-$10K
FRjvTVHGQXczp71a4Kgf8TbZP9Jz47k1aWLSYQ2nKYbb,9497.80339976,1123433,$1000-$10K
21Mf5Qbc93mRocV5ZMAbPEWzfmr9FBsFDZuDs3CLisiq,9497.79995427998,1123434,$1000-$10K
6kFnLdNbaQGtmvCLu9LtyJzdVUcWKPnUYEGNT6J4Fznd,9497.792852850003,1123435,$1000-$10K
DJrYeT3xa6GEhZXi4PEuaQNtRi3e77jDq2gkJ8LqMZtU,9497.792124620531,1123436,$1000-$10K
9R5coBnRFryMGTX1q3cQweDLvv8ZFhW7Vg8wZHBj992d,9497.764010312345,1123437,$1000-$10K
FVRdLPuVjKMVwsCw9yAVzqSPwCD6sRUD68SHQtvPjs3i,9497.74056983242,1123438,$1000-$10K
X65t12PZamxx97DE48iboorXHeta6YHredokxbp1ADB,9497.730684457136,1123439,$1000-$10K
9r2KogTy9A5yDPYfdbDQ6hEVrLX6kLNWdRtMrcF9kvjw,9497.709794937198,1123440,$1000-$10K
4FrQPxnY1xCjLfsfqF6PWt42e1UUsue6c5DAYWDkEcRY,9497.704216373417,1123441,$1000-$10K
7xEExw6HqadMFbZcVH1DF4Wox3vzrXMzHtnNXQxpn8Mp,9497.702611228966,1123442,$1000-$10K
6SNDx1wBY3MZACNcao1oRCdv9UeDW2CUyRYyi9SQv1n9,9497.689550348929,1123443,$1000-$10K
DmVaynQ9wS8ViTp3pPrMpDW5EJ4TerVKYQrz75LJtgFQ,9497.683590757582,1123444,$1000-$10K
A5sHPJysX25aUHDmkKGavRQT28p8M18XUYTSfYUuENxB,9497.676964966646,1123445,$1000-$10K
2DGJ5KDr1E9gFLGQMxVcfmyY9y3GDps9HvB121pQhSGQ,9497.652378046263,1123446,$1000-$10K
DJ5AsuA5hRpHocP8oavPBraH4WPkLUZiUt4Fm9UQrPQy,9497.649193452053,1123447,$1000-$10K
GjC7UCFVUb362YrvaR2kSx9upnKz5qP6ZNs7L5bxWAjU,9497.62750871348,1123448,$1000-$10K
6RSufDL3agdag82TLYp1aHyUXUkqNNRTFjDREXCwLuqn,9497.621175769818,1123449,$1000-$10K
FwfELGC3U2UbuQWJu4NdbyQsaQ27U1o1ZzvJn39po6Jz,9497.61277740248,1123450,$1000-$10K
5aLwMXDprEUQqq76vQk5aXneKKKJ8nRkg6jHiWgjstem,9497.592326972383,1123451,$1000-$10K
BMNmdW9SJk9AUoP7WmgD8X4R3C5nSFfvA1hRgPtuACrH,9497.582563251754,1123452,$1000-$10K
HcbcBVcPxHq2u1Jt93EnDNd9QkfJqc9JMQpFZ2M6FfpJ,9497.580601708034,1123453,$1000-$10K
GdNkdxscvgxNpQ9TuEHGM2DeEge5p3LytebMdSxT1DoQ,9497.576415247724,1123454,$1000-$10K
2s9izb5gsrwYHVjECt7yTUL4KP5esh5dTaRzje7Nto3V,9497.571568391893,1123455,$1000-$10K
A7EdkcKZwQKYZmxtVAfHaUbkd8ULkY4RhwEmxcCt6et,9497.567367171516,1123456,$1000-$10K
DMXfgRF27JYrxTMXxpyyF5GH4QPUndFg9WBJbkMgx2Yi,9497.529657401845,1123457,$1000-$10K
8SkDdYrjwHgjb69zftoNpdhGmG344xrsVzZxWyqhTy8D,9497.516981397877,1123458,$1000-$10K
4tA1w7DfVgZCELRP4kCd5keY1aJVUyYtkpBJC4AefMo5,9497.497836190192,1123459,$1000-$10K
DzevjeRmeqdnWZsGzyLNc4VMynsjqST6VzxuvmMpRHnb,9497.484916853959,1123460,$1000-$10K
EbYacg8Sw1Po8ywrgYcrzmducFJDyBjcGDuzcTKN4Sww,9497.479300836976,1123461,$1000-$10K
5Ups4jiULaXU6xHzN4z5tKH6JkJi7EUFJfQM62uoynNe,9497.45405113367,1123462,$1000-$10K
GjsYHp9pziTKSrbu9en2c6zpvRuZ1JQxgYGyoxXFK38W,9497.36262166524,1123463,$1000-$10K
44AiAoLd6ugpy4RvXScehUkaMV8R38JHR5TTqrFsU1ik,9497.36160489817,1123464,$1000-$10K
2u1NzjVbmSZFrDqerCd9Tme6DPyLaTHLJQbDXBSBU2mg,9497.346215551579,1123465,$1000-$10K
5A7k4keUBFRoaDcGZmcoiozmedPPZTyH2FJNpxCx39QP,9497.341734902686,1123466,$1000-$10K
6JWizhiMLKMdjfu1SMdAYmPRFTvHtgu9SmmAud8NrLke,9497.319535080389,1123467,$1000-$10K
6cJwzxJTWY35zvqRoPx2Biov8BZjV8jRjHRnMymRB1cx,9497.299457535513,1123468,$1000-$10K
FjP67CEPCXpQvq58gZMnTRi2LreAt1hMeQTXCuiSQg3m,9497.28749478853,1123469,$1000-$10K
4hv3eq5v6bcL396YGJybk33xro5TZreMpP5Xo5RvX64m,9497.25382696629,1123470,$1000-$10K
AAb72LUYkYifJYRx1Q7kz8f2PH5V5d9NDuBPzHPfahPx,9497.245393834983,1123471,$1000-$10K
AUt378SnSh9b1JmvfeUce9EJgmHtKgiYZLVSfJE8fkTy,9497.20450807142,1123472,$1000-$10K
2iWumGrisrrMSMoir9ZCHas5nN4Ejts32uXc5mMZuP8G,9497.191907891924,1123473,$1000-$10K
71qgDPH7sEGVBeKPjx87dsCkh91Xhz8MMWmLqEzhkQCJ,9497.141210569021,1123474,$1000-$10K
9af4QTiWSCSZfTESrWis6H6jxzP38R7FLYLuYrXmotEd,9497.137883033194,1123475,$1000-$10K
FM54GG7TBejLxp7k4C6XuWCJ9pUmL6QBC9UqweqfR2v4,9497.118220230548,1123476,$1000-$10K
GTa9MPB44KuafDNq3QyzxArBTJs3EAA6DgorHVBDiBFU,9497.115765559072,1123477,$1000-$10K
AxoHZ1c45HJHGvYRGFDtPv1uoj5PctT5fqEqptbUJiZ5,9496.961017383968,1123478,$1000-$10K
FamfiPUjyUEYW4s4KM7h9wsi5H6AcYQbfdecnb2jgbm2,9496.951751976374,1123479,$1000-$10K
62mrN32RV6y66STcqawmDCnLw2sGShDSy25zi6iL2GR2,9496.928381389007,1123480,$1000-$10K
HvcHuByu5TRh9ZP6AzsohGRULjeMrFm6Y8XbFtyq3T2Y,9496.919433812353,1123481,$1000-$10K
24P4KWnd66ef1qdnsm4mqmgF4DyEk6yVjFaBUkHvh9Ba,9496.88733244063,1123482,$1000-$10K
5PRHbdyf4Lq84Butgd4o9NUwER43egR2ZTASVWqaydDR,9496.884590969734,1123483,$1000-$10K
CgCkbQN49wwk2iDmnQhcWZw2tHBoKph32E96mh43wtZZ,9496.870106025779,1123484,$1000-$10K
6QJZKxbRZDwD745bbEfmsQZ9SLEZJ313VAcB2sWJAFP5,9496.853427734652,1123485,$1000-$10K
BZKrP39aGn15JH5M2AyFgJBc3KbKUyWy1APTHie5QVq9,9496.840576648821,1123486,$1000-$10K
4irB5FsWWsTTfoeZtZf9sDSFKEHciC4cjFCUNCmTiqTQ,9496.822942453624,1123487,$1000-$10K
Cu5RX1oA5Ps3nyvJ679sCmPaUJXZSxFDoCq6boXEuX5m,9496.81709552572,1123488,$1000-$10K
J3dyyeAbHhDkm6tvT12SPeSMv6nos6tWdvfCgVNdAY5a,9496.804279589083,1123489,$1000-$10K
DKW9y92waUpWcoMEzi4LoabrGqktA3ndR9dpdgwsF6Pg,9496.79233527305,1123490,$1000-$10K
9iQ7RMmGkqm4i2uSVBW3jHVBLL7U2NswWfo5TtDbp4EH,9496.751807732298,1123491,$1000-$10K
12frKXRex8T6SQh2kb4Twnqo48cTEY2hQsTWmG8KmDAU,9496.745964330257,1123492,$1000-$10K
HrvxSUQfM15xqERhyCRiR8j1KZbCVxDwNq47MYAffEDD,9496.740000000002,1123493,$1000-$10K
HWRGUgwDd2E4aSYU3gaoqDmMPdcC7QagW35ytRazT4mj,9496.733391533891,1123494,$1000-$10K
4jCiKX3jUSbMqcGAhYVJVjdrHysusdigE2hLUfdqFEA8,9496.68895974315,1123495,$1000-$10K
6BTymr93GqkNsXtPDU2LzRtiWMhyPePQ7mGjkqbKoRL7,9496.678873247767,1123496,$1000-$10K
73wPKfpz51AFzva3WwjjxeTU81npnRtCUTjjeLLsCGpr,9496.66442318989,1123497,$1000-$10K
AKCZg89r2CScDycXQBvPJSdQCqSik6KqoWW5anGJnCxW,9496.66302341997,1123498,$1000-$10K
ChGe2vDaUGWS2Enqxn8XmaChnwh53Zy1rDckjEvHyfud,9496.658055908869,1123499,$1000-$10K
HCwSuFdzwBfm3s2dWoTxJTdy9x2x8b9AguGzvaUfg9Ta,9496.640075378553,1123500,$1000-$10K
74hfU9RMDiHpdoQBB1CANhUGp2qYrJB1mrG4kkwghFj7,9496.639612863359,1123501,$1000-$10K
3YeZRzzNyHXQjxVYgtidvCxk4cZm5ivJphbB9kchSCCM,9496.639456635,1123502,$1000-$10K
FF9Tb4951ugaUhEuUnkdYhPNCLoaCSc9mGkfQVtKJFXA,9496.598147018456,1123503,$1000-$10K
3Cq8NVnanhv6BfZFhaWhXeBZugxDGuAPdR7MVKAfiCcM,9496.597129701982,1123504,$1000-$10K
79xZKDbZ2sdoFyJBhAvEWevGK1YmVeDLnKYgFKopk3SC,9496.586535183409,1123505,$1000-$10K
6j46fjNc2bdUJnAeCT2nmkbvbmWz4Ff43F3EwRW43mmi,9496.572495289502,1123506,$1000-$10K
AsYeba9vkxFHBBnZLtAiivjkc25Tzimktg6d51vihaHu,9496.496445563707,1123507,$1000-$10K
8rX8WQkB9YXvcJiE3NwNdNpLEP5L7AhYvCGFFNuyA7oA,9496.485906561335,1123508,$1000-$10K
E2nzA6n7rW3U4mzQs5YrMTCqVif1dixqhYYRyhXd3NHE,9496.459690766254,1123509,$1000-$10K
F1HsEjShVtEHwp9sRHtjAsR6wCnnY6Mxku3R3t7Nqyip,9496.444667254937,1123510,$1000-$10K
2YiXy6Z98fFtjU1vPMVWVxKwJ2oveamGgY9cHpG3VjeS,9496.440928207649,1123511,$1000-$10K
1PnzYSWNphEB3oCtzEdT7ty3itsXv2b4CDtXVYX1rZv,9496.431342518059,1123512,$1000-$10K
8KE89GkJb4ceP3VbSFoZv2ZWHeFNzx4Esue7B31VHREt,9496.429452721553,1123513,$1000-$10K
645TEfxGtRSD38x6aGAgKhHJCvz25aBPJNPanVNUt1g8,9496.428721641416,1123514,$1000-$10K
5sNzceWXTz7356j8Ajv9yu7KDMUGSoNCbPBCod2hURsv,9496.41960000627,1123515,$1000-$10K
DBq1i6ig3NWdUiuDNLoPJTS3M47dXsujmuNMo8nk1Ck3,9496.399838232162,1123516,$1000-$10K
3FP6cxCTPgfFkXuBQ3oXCwY4VxpsuEsgLiA4wwAAwsuP,9496.359106390068,1123517,$1000-$10K
FhFQByAFNzVi4j6i93aQWNcUc8bmhXbHNewsGX9fsqak,9496.339955017842,1123518,$1000-$10K
27g4iigxdQqcHShodPsmk3g2kjs5MNnNFyXBwK72EMvs,9496.327025933726,1123519,$1000-$10K
3vfGVNAsMFbyW4PWUooEVA3gzxMrt8oJQxsr6wac2ZXy,9496.325868457612,1123520,$1000-$10K
Da9FCpV6FzxgUsAK7L7oRXLijqfeEaB7uphLrEeXqYVg,9496.304680959716,1123521,$1000-$10K
BTsXqSDUqqFwuxkovTsrYbiziHanCxe7JnRFdq7iqyb3,9496.27788169323,1123522,$1000-$10K
Ee8hDgMWd9PxSjoojtzKHMbvLvz7EADwuubrJX1sPD2Y,9496.276387376294,1123523,$1000-$10K
8PZjJSQGBzianJC8CqvfYZZZSET8pK2BpezHFXXtq3Ba,9496.271337615999,1123524,$1000-$10K
G7WFFC31f7gPMSMaEhfSYjPENM7S2fGyPyNvp99tPbW2,9496.256804098402,1123525,$1000-$10K
8bnYHHiqD7bx4DHutM6Pzk5JinDH6rVR1oRFqfFsRrsS,9496.241698937461,1123526,$1000-$10K
C23TkknD3NSNxuFhPrMMyN3KVaRVfrUdz48oQFgqZB6G,9496.219675955572,1123527,$1000-$10K
FoWsW2NG3N8huZUhPgaV9Sc3jK7fTVGyGexh6RqFMo5e,9496.203307407823,1123528,$1000-$10K
6pc2FifgByyWNGJN8KDSPeDBTewHfdVKdzZnf8Svnoh3,9496.199999999999,1123529,$1000-$10K
4DXU2nYwGrREbnmfGSGvJmpyK2V9WbqCFXaK23oTcxr4,9496.199642061272,1123530,$1000-$10K
Hg47B2FUv35FFLWYRzcE6Aa33EHt9Z676kX4aE789r9b,9496.192798133454,1123531,$1000-$10K
A1oT2BTqgTJtCVLKPho5yD7dzmCx7T4mBoioGRdH5JR3,9496.185317046049,1123532,$1000-$10K
2VmCefoT169CRwdEKv83zMKkw65FQQ8n2F683aHmbFo8,9496.182781358448,1123533,$1000-$10K
CqPvLNmiQtRA6gqaPauiui6mfoRMJx3wB5XxT7J3gZiS,9496.178998468882,1123534,$1000-$10K
5nw9MWpfrq1AjTCkzr9ak1cGFz5VbY2yBhQzV6eLKzSn,9496.144569746815,1123535,$1000-$10K
CnkVQURURbqGnuKzhq1o6awufjFMJw3jdKAU8CmzWiyk,9496.143115008614,1123536,$1000-$10K
PMJ4Av3bLpWRbqUTL6KU6BM6vvxjMFoZ5AjHkbeJ7o9,9496.112149126968,1123537,$1000-$10K
8KNr1VnDD9jnm6mgZYA1twQRDMjBnY7LfN5sCpaSyAA5,9496.088407293648,1123538,$1000-$10K
3FsZNHQpoPKcdcQ4vW26ZJUZs1ZjTPnEZSL8jdaGbmBq,9496.087650328489,1123539,$1000-$10K
B2rWmC9Jnif9Q4JG8tZ5RgWNbtbyKFCM1S1MgbJpcYPN,9496.071600190704,1123540,$1000-$10K
BijfrZu8zXqBgzbArFTocLbZVVdbsFu512McfTQdWBzJ,9496.049295442326,1123541,$1000-$10K
B2LTFbD511zLqErXxWxasx9wTL3bxk95uCbunMW5oxPt,9496.02789398679,1123542,$1000-$10K
3PvWboVp8TjotuvR9NJphjJTnmjtXfrUkZ4kxqFZLMgY,9495.985446793376,1123543,$1000-$10K
9mjnVyv4d7ifzSC9NxVbvF2D1G4zvCRGLcjW9KDqG68J,9495.956901702517,1123544,$1000-$10K
7siJqBEnm8zenE4awsjN6jgpAu4Qks16JK6tbLu2eu12,9495.948009243228,1123545,$1000-$10K
68kYktvbFikW3UwKVqJdekMS22arm3aQzYFcyT8CVer9,9495.946206627894,1123546,$1000-$10K
7HoQVr2X8eGj9nwQuwr2tNYLBDZ31JZyUUqPByzQiBDJ,9495.934015110892,1123547,$1000-$10K
B5NQNEa5hGQw72vs4qTXPrbNA9N26EWzm7Na9Gy1KQPw,9495.93213614921,1123548,$1000-$10K
CpksnaD4gS4KR1W35nAu6cownzKKxaRyujRhroqo5apb,9495.915721627674,1123549,$1000-$10K
BXyLyXnQf6Dd7EGXqgspih4rTwidg3YK9NUwMCEgaZDW,9495.8453561841,1123550,$1000-$10K
EcuKwXmWczfPAMPHtWrMXJF5YEnu28Vzk9sttxsGhkLa,9495.83499788102,1123551,$1000-$10K
9iCb3LCgX7Y2BBSkUfPFaaoGX2eRRixZccti8GzF1cZm,9495.799941902103,1123552,$1000-$10K
4dQfJhH8p9xjwG7QBd42tjFBiXZYMczCA2bhfU8syYMq,9495.76450139959,1123553,$1000-$10K
8FJWaGeejJt1yM6NoL98SLiwjSbJcuoGTApdwvv8nFRq,9495.746596277782,1123554,$1000-$10K
3BZ6KtK5txatFV9HFySEJR3rRfTuwwLQW8exPLc6KF9L,9495.707016579821,1123555,$1000-$10K
EmoZG4pTH9evNmMPhSatE1akhE4LRCuWeXddWvP1P5fn,9495.697372998804,1123556,$1000-$10K
BNLwVuFDsrMRQLPeRec9caXj5B3ZmPEHxjAmF719uxu4,9495.62052821108,1123557,$1000-$10K
5KUkjYZgBWMPWPuFPL7YEUe8Mx1YwVQdEBrvQRxrfQ8S,9495.620208353272,1123558,$1000-$10K
4d9mYdg432oEGWVWgZHDR4U1t15wbFr1LxX7fvmiY1Vk,9495.599371453236,1123559,$1000-$10K
2gARTYvH8fkRKMuugbyGDQS4T9zw76guuMem9DcC89h4,9495.59388317748,1123560,$1000-$10K
7rtX7UZgL8MyDTR6G15MyAxYVjHqDaEU4sy95s2QHmbf,9495.588051350685,1123561,$1000-$10K
CfuCFzF6rComkvhvDc3h6Jmt7VFExfmys2e75wG727bE,9495.569574898755,1123562,$1000-$10K
DwQkkAUFw7hCgrrhpjRHs9vCofGorKqru8ND9NYYXQtU,9495.530630362624,1123563,$1000-$10K
8NxBBi3F6vLtRJFt66Ycet7PFRFPc2tmka9TmknCDFaA,9495.51118576818,1123564,$1000-$10K
CZHX4LCguDxMCedsiHbtv3P53T24mMP93VazdbVBLsNa,9495.502298859947,1123565,$1000-$10K
2dC9697hLL1MEksqWVhcLJSdW2uTAW2zXgVB1qyEb765,9495.49988361604,1123566,$1000-$10K
8LZa3cyZqT8wuJL8DY8qBaMjoUfERHckgrG6FGbKfMq9,9495.458657728224,1123567,$1000-$10K
Ht2cS7x4gEvQPqfUQ9tJw5sPktbqsRHJiRRpaDLG6DYR,9495.445171819048,1123568,$1000-$10K
DMfdbVBQpNeGTPeYa2Mt4gZpDqvsZtPUHrzhs1CgGZz1,9495.44282933082,1123569,$1000-$10K
149KCiUst589yDuN2K2hW5JjFeVEDgAaXDGvDGLA5PPL,9495.442594821969,1123570,$1000-$10K
HtHKZyN8BvfieTe7Hpu29iUhjeDVPCMvEK2hb4uhUQnw,9495.429466581867,1123571,$1000-$10K
3efX7nrQetpB8LUELfnKFVbXhdDa8gAQ25aNGJiKJRH9,9495.398145859748,1123572,$1000-$10K
2HaYrtrW5Kb4zPdK3cKn8wYB8qTz8AK7HQo1DviJkQxa,9495.372417090824,1123573,$1000-$10K
J56k8hVP66uCx43RiqSar3jiW828xsyEL3mHR4ygZF7z,9495.364619380141,1123574,$1000-$10K
AXraxXeDTZfKCmURUh1nbewEV6t19jKJZMXx5S7ZHxg7,9495.362129174711,1123575,$1000-$10K
LkditEXuHbFKR8CAqtpbRMGUv9vTQJJf6ioCy6hKLNZ,9495.34903069396,1123576,$1000-$10K
7ZoTVeYA2R7NTtVu32qjsi249Y4GBsEUmQ7SpUGuY7Hw,9495.338667692815,1123577,$1000-$10K
81rBHFGb9PRA37XRNvQh7DNGUxGcxZaX4zTDJx3M3KTZ,9495.302440530977,1123578,$1000-$10K
ifQt7v4jTiiabMnknNevvCjqsiHNV7RsEzuuP6MpKY4,9495.292164063128,1123579,$1000-$10K
D2p4YjKEH7pQfXKXZ4JrgezDd5wFwjD8KYFyjYReHmm7,9495.255446543453,1123580,$1000-$10K
qGB9zSjZRvQLdZCgDEZsRSTHpNGaZrRsHbeDZMPkc53,9495.217109306619,1123581,$1000-$10K
13SpQ6U1jpBZcRqgzxsPVsvJodMSp8jdxpikucAc167W,9495.211353974135,1123582,$1000-$10K
4WpoY6ZsQAtAn8YxDfht7Gz67cAr6CkzJsQpKbkLzNjE,9495.181400131754,1123583,$1000-$10K
FKB9NGz2toiUBFpVHWZ1UwYPKvFr3hwFVZsgqi4WQutL,9495.165473615878,1123584,$1000-$10K
9XFFkEJA8TqJSi3WPbwxc5ha1rXSnLcZ5fazssRMmNte,9495.129250478025,1123585,$1000-$10K
q45bChtJQ3LKNxCRUnJ7WU7qhcLENcUuumnqP3MgdKV,9495.106119929587,1123586,$1000-$10K
CQk7TyjTYpLcCUVZ3bbz3rjewThGfyFjeqfbxJPE9V7h,9495.104688519794,1123587,$1000-$10K
Gjp8MFRJjehzPaq4Ngffmr7VUNMxNhLNLfwoSgud8Rt3,9495.087468634176,1123588,$1000-$10K
AGZn4HWCSYXK1CCe8CPT9APwwDCLzdCmhCo7pR2xyEJQ,9495.084318543972,1123589,$1000-$10K
EVx4bbyUy8mTRV7N1RDa28yocvdMqR1E1ii4tBymxq6c,9495.037479040257,1123590,$1000-$10K
23DQQWSMK82VSf8W6Lb4eGLZVo2uH7N7UR11Fm2NSoFX,9495.031494437497,1123591,$1000-$10K
3guiKUuhGvQrTST5CFx3xgBSbTUYi1RAhtwvpNo26JmB,9495.011724050992,1123592,$1000-$10K
HomRBzYCGakcchEVEU15LcSv2PpCrMhiHS8YBN15PicS,9494.915773573492,1123593,$1000-$10K
FH53xuFy7TRuFdo5vh5Lwh5GiRSRMPqRVdghW6GG3zzi,9494.893948873612,1123594,$1000-$10K
2K9wBQB6T1ftTmud88JYf6vKo8KGZfcuUwPAgr9csAps,9494.852072773941,1123595,$1000-$10K
5uhUaA4ZUyfYsnK5Yn75yLx9ifdv512ku4fn5jzLB94L,9494.8397183413,1123596,$1000-$10K
GWq5o5AEgg9rqFNHTaRPsxgLRWD7Ps8rQpe8KHQRriSn,9494.833686906053,1123597,$1000-$10K
HBHtUySUh97391UxQQnNQddjerqm3ExjF6wtFu9BXHeB,9494.802123025096,1123598,$1000-$10K
D9hmJ2kLcLZLZDgXa6a99LCj5okhc7xKWx5hEC9i5RWL,9494.77672588895,1123599,$1000-$10K
3Gw58FGW1eWCi7EUi3yUSvX5UJiKm7ATyuz8aU3hPasV,9494.773742577963,1123600,$1000-$10K
5adgc7api24ri188PZJkkbB8ypKxWS27a4rJFtPpvCTz,9494.75474650194,1123601,$1000-$10K
q5SJ9c2JHA74J7qwhixsse9T87u9rbsQHVAHBw3o3yf,9494.748123149768,1123602,$1000-$10K
5SsVYEMqErydJgUeF72hxRSYyg86hGFx8TQtJibEDaUu,9494.7383199666,1123603,$1000-$10K
CS3rPanYyXSBdezUpXBP19k1xgX5d4Gb8iWhki9Bdofu,9494.730546817993,1123604,$1000-$10K
3Ytc7U1yhN6nmrsLdmcZreRhCmEXe9yfZcbGdgef6PEa,9494.706855543443,1123605,$1000-$10K
4s2Q2D464HdNoA45jL4qjeGCAFXpfev6Jt2DbPfrcnTL,9494.67585044262,1123606,$1000-$10K
CkHT3zmGR8KsnvxtTvQK922zecQVY7YYieQCXxLEUz93,9494.62455915139,1123607,$1000-$10K
8cg1cqXjHEXvVXbC4hmZ3LLT6ZuAkjSWQVgmqRKq6V5c,9494.608459036781,1123608,$1000-$10K
73q8y4SGLSaxNDRg7jjbSDyn9XK9EXzTFX1JRrjJjBAP,9494.605632037781,1123609,$1000-$10K
86AUcExC1SgrvXHMcX9d94Fa4aVcNFWWb4seBiabUSUg,9494.603789529938,1123610,$1000-$10K
GXcD9sxRSPvBju75SAKgSuR4K6bzthubCEamsSrjkCKw,9494.598187224927,1123611,$1000-$10K
2cqRMgH1yA8dG3Y6aE1VbevXSQNB6tkmii6vKD1DUGAx,9494.597349448672,1123612,$1000-$10K
7u9nuzpVmCxW6k6ZPmXbzXJ4wrTMKTqDoG4QSJh2pKd8,9494.588574365363,1123613,$1000-$10K
DXB8cYfn59eDgMyAbeDoKm6R5rZxyvTv8oZDPSnx5WSu,9494.557620873606,1123614,$1000-$10K
95EP83p2GduHYUPAAmavmPtQAVYq8BdUdtVpu7jMZGhE,9494.452139280636,1123615,$1000-$10K
35hEdQ8Ldjf2xYp6Dkfb2Yc2Y147qVFoieasL7yQdYJM,9494.445521251002,1123616,$1000-$10K
5SRjt1ZVr4DdsiWBbNWMW7WECrByPvALe4ox1NyngoDF,9494.432063285107,1123617,$1000-$10K
3TJpAzFLAUkHhYBCXFszEPVWxwT3juyW4cKvUsXWFZRi,9494.419611720357,1123618,$1000-$10K
BBZUaynv8kho84CwX3EidaRFf8qDAjgc9Zo2z6yBLd8i,9494.416641812706,1123619,$1000-$10K
AVFrTMM9cWTEdyNguVVJMyeZmkuCCrxuH1NwaSMAd3zb,9494.408826500201,1123620,$1000-$10K
ExCnus4tJ2EwjTNfEsH3BcSv8jamLbJ5XzGKFvnuemBG,9494.408115645827,1123621,$1000-$10K
FZFNjvpqsejJ7TnYYcwEw9yBMmcQNTP4g9SxKZpQtTpC,9494.383094178484,1123622,$1000-$10K
VnnmN6ZinqXomi83Y1cBGXWE3zBmYLb51uxsBB6vSt5,9494.372985271513,1123623,$1000-$10K
FKpsUviQgmR71fgD4gz9tpFVEg4tV7YALC8pvW6WVJ9g,9494.36072823354,1123624,$1000-$10K
CbE4ezDgGPFLLJEdcFQfqxBAy9kgVzHDAAFvBa4xYZPw,9494.307065184952,1123625,$1000-$10K
6FsGoT2Kt28V2fxa9mcM4F5n2L8LmJsBe2UBgGsLEomU,9494.28339262869,1123626,$1000-$10K
7TSPzjQFoSCt4UZTztV762bosWEU7Si9jXCXRcFourW8,9494.26961751594,1123627,$1000-$10K
2W6EriLehM3acDPkkjGdztvkbLPZLg5KXezMavv9Hmpf,9494.245323463429,1123628,$1000-$10K
Dw1rGtKBpE25qaWuC9DjUL93675R2tmwP6aNK3TT4EqK,9494.24005946558,1123629,$1000-$10K
B1y1DK1aSp1cuxcZ4RqHhKQ21yzmqs677qF4FrK9DE4x,9494.237701717213,1123630,$1000-$10K
GzLrbw9uRcrTsf6XNyXPYwoS3JUHrEKT55dSdeZ5vHy,9494.190516427912,1123631,$1000-$10K
8meeh79TLKV5bdetRGmkPQeLFP2jcNJBJcqfcZRgqfwF,9494.186645174072,1123632,$1000-$10K
BD59678kkMffxYLPUimnVW6SysFx4UywmYfDd8ETmkwg,9494.177616297193,1123633,$1000-$10K
CJAWkkpxomBXhF33iwbN7mJxc8A3AQtTbb1QzG8tuKFF,9494.137697327451,1123634,$1000-$10K
YQEcWkFEqxMek6PJeUNVmKrKwBkkw63taLDtQhJhMab,9494.126021147566,1123635,$1000-$10K
6m5jLLbfjEe55o3Dzbv2Lhsow1WPGpgpJLJk7V4inMRN,9494.125610272073,1123636,$1000-$10K
8wyEvuxTqQtd6KkggT33T4hy4C4hqhUhgcuLFEMdfZnE,9494.112999236411,1123637,$1000-$10K
An7zwqqUANhKpetDwBMYMtCaYwMRALwsBGXm8ZD2PWQn,9494.110422387628,1123638,$1000-$10K
5SrHKFPfmz8aF3ayupwAvTZt9YnZxqCFgHubKvUZgw6j,9494.109935241018,1123639,$1000-$10K
sFYnMGRxXo3C84WvAEEpAwdXwTFGiHcJgTZSu71w4Kg,9494.10563360058,1123640,$1000-$10K
2HMrXZeUzQ8t9NMhnH8F48Cr5PEqGZ2SXzeXwiK8Bvir,9494.05853368193,1123641,$1000-$10K
9Wc74WLHfoTarQLpM2bzfiekt7JGge4QW9uBGmUFELWT,9494.04905098108,1123642,$1000-$10K
Dxp2DkUKhT6w3khDijpU1gA2zau3GYrjgiJ6S6LBm8Ec,9494.035873878822,1123643,$1000-$10K
BfUA6PtxE9S5ZWRLy5bCAHbAPWwQQscXp4TRHZSco41M,9494.023268755715,1123644,$1000-$10K
3Dh58HrNxajbGeTfNxRxRn72zNWLM7SazYX8AoefvwaM,9493.998636118751,1123645,$1000-$10K
4FACJT8bvHDkSHanCxTXnu46kqecsQg5aHsqcVtJbWUb,9493.972438802806,1123646,$1000-$10K
AF4py9aHa57JesogrY127GFbR9wmXcqp9hbXv54qYKHP,9493.928098230766,1123647,$1000-$10K
DDUENeduaGiRmyEgpiXjQuWcUnuUEcCM2Y7h9N8osoFX,9493.897953182897,1123648,$1000-$10K
AAUZgp379shUAxiYvQJz87X7QVoNrG5U4Ukd3a2ZvoXq,9493.89636695391,1123649,$1000-$10K
3zuM2qQ9Esh12FmCv67X7tWGBAMX4WMAc8jvvLnkC3sn,9493.83763685785,1123650,$1000-$10K
8sdbRRjLQb5KrMrAZxKv8nZAWEaBtQ2PcKbKaWg4ZdiJ,9493.804132739364,1123651,$1000-$10K
9WCXLS5YQ5sbdMpD9Z1y6tHbT5wqNQixjUZyJ7qiQQQW,9493.746113206196,1123652,$1000-$10K
2b3NbQU5ZBbzcBSo9fqd2qUyJfePm4zoVvhrJ857uvsP,9493.730236592623,1123653,$1000-$10K
4HLjqAGmKXWdmpnnR7gQ1BFEQh6CwpeezMXziE3pHMmS,9493.720101826566,1123654,$1000-$10K
J2WjtK524oWHNzJMr73ZNNMbsBekwiJ7qvgDssp5hn93,9493.689486943349,1123655,$1000-$10K
5r3aaJfSYDRcgGhj8HU4A7HhY8m9xwxEwQKobdRarAmk,9493.6774142245,1123656,$1000-$10K
Eb6eF9nR3oARqYZEo5BcWnas72wmxRkSqvopTzWvrj4k,9493.661232660448,1123657,$1000-$10K
G9tqM2Ldab7SpVf3nkPFcFZ6nzS7y7J1zSeXxPUnsfnU,9493.629099300317,1123658,$1000-$10K
EhSoeecsQb7Y5nNA4M8ixx7iNdBR1BHFL2TtmouPT6Yh,9493.594060393423,1123659,$1000-$10K
238JfarFgb79XrEVdiaXS3WsjCeMBthrhw2aTwJKJnsv,9493.59400080808,1123660,$1000-$10K
8k18QXoSjGkKAhGCSYGZPTfMg3KUXisSV5qU3fwgVrig,9493.562206084805,1123661,$1000-$10K
8M6X6Z663GUDx6nWpdrEdzQ1iWwvc7L5yMfaf1DHNwPz,9493.550907728499,1123662,$1000-$10K
GQfysSJ8wP3pRWxrNHahuYn6aCx2JVdMGpA6sJqRe3i9,9493.546620924884,1123663,$1000-$10K
29wrbyCqVrjTTHBXpZAirVwg6BzDAN4ApehHcYNwcmJC,9493.531127900602,1123664,$1000-$10K
5sm7uUbgNA1JfxUPuhha9ueBjB2bNjGM8W18dqRuiKBc,9493.527442929097,1123665,$1000-$10K
8a1MZTzLUPox7MbHKm1PYPpdCqRoJ7SDVdwVGCwXvd26,9493.518219241001,1123666,$1000-$10K
9ynLb6SKM351KkuNNpkMPfgogsjh3LSZha3qTo8NfRmJ,9493.510878089304,1123667,$1000-$10K
En4p7ByQoRJwaVi3UxBpHk2tEUeZM13nLyxvKxyi675Z,9493.47925986716,1123668,$1000-$10K
A4hxXmkne5uzZDGuSigggz4GAV8cRqqQpQBCkzu2vpUW,9493.474955353475,1123669,$1000-$10K
62xPdmtoAs6NLbSiqn24HXXThdoby7Zgg1XV3yFZtfer,9493.465521356731,1123670,$1000-$10K
52ZJJVtX8aq5kHwRVCwTpAo4YZea9H42D35yT4sdNMP8,9493.448933047111,1123671,$1000-$10K
38z9Jz5GEwGGGhwwe9UCxztosnDgDhuxBVqcf4w2g6jm,9493.433688471525,1123672,$1000-$10K
9QTLnnKTcRNPM7scAqsrwGnCnPUgyKmu5RHaRHTWoLNb,9493.381015756971,1123673,$1000-$10K
9SDPUXyzQ3iUyWZwmVPxbqBU85nLSoXrraUwC7BdEF23,9493.376640694083,1123674,$1000-$10K
8w9JindZCCjUr98Rp5aM1d3ofbttmYbsdBNzJJmBwbbQ,9493.37234337427,1123675,$1000-$10K
Fj7BG7NwvJTkW3425Ux1tyuKB2wHjSB7QSiJXdPFBUkM,9493.366044380935,1123676,$1000-$10K
5GBXNy3cyjHZWBKCtU7t1bpGmFX6zgBnvxyJYhG5qfh5,9493.347265492921,1123677,$1000-$10K
7dCrb1EZzXkL5yuGaoKL7RSkvJA4f2casRJriZAwaLBa,9493.345270802052,1123678,$1000-$10K
5w6XHfLU915BYwb5Zp8LFJFCpeCm8BUJZ3DQg7C1Uctv,9493.341876934726,1123679,$1000-$10K
G8XzDcMQPxNk2Th6LA32KxX3tpruiULoggGHxA4k6CQB,9493.337748944052,1123680,$1000-$10K
FKfn3ptHADjmqzFG7rUAegkGL3VVefhCoMQArjEUPamL,9493.32569431955,1123681,$1000-$10K
Cju5wmfxRS7rPzQ4gNked176vUsMZTDkTL4yVfrRruPn,9493.31591898885,1123682,$1000-$10K
FbcjedA3gfYzB5A82NGkueHFnA67W9pD9ND7zYWXGXWw,9493.31445635193,1123683,$1000-$10K
AFCY6GNaKskL9aV5x94DmE7mAZz3jBRZveDbb4oPqTAG,9493.312424436992,1123684,$1000-$10K
9Pa56M5cX2qDesEm9YBpKh4P5bXZ6vvy3tmJwebQMwQ4,9493.268019642966,1123685,$1000-$10K
Ajxw7oeL232FenN84P6iiQe1UAbbr5RZX8GZj7tQzpsE,9493.232142971767,1123686,$1000-$10K
G7wAt125B5PMLxgpBFBrM3WzYbkAZfkWZCR7qhW26gxJ,9493.221560671283,1123687,$1000-$10K
3S7yMguAYPdtaudPXRhp7PR3VTyvhZhKSFwPLeKEfQpX,9493.16518227921,1123688,$1000-$10K
E4EGMPcojtcNMeSQzMqVJ4eMhjekNL993bUPoiuFpUqZ,9493.10962896128,1123689,$1000-$10K
6NEc459cqQxQqFxvnMgtNe9keGAGkpgsxpt3bZcW88Pu,9493.103873579963,1123690,$1000-$10K
GEB44G6anhLiUatQQWrjVtjX3ZQMZjLaN8Ant2vBUUP,9493.087501395188,1123691,$1000-$10K
EAZM5Mc9MxS3H8d1ceU8oM4hNu3Tti6spW76WAgTzj2g,9493.083439497348,1123692,$1000-$10K
Ge1agA7dCesD4JzHDucFWeyRdrsSA5hR959C4Zg61oNS,9493.036390606097,1123693,$1000-$10K
49F2kjC6417qdyZHuge2ze7bWzmASiAPVDMgHS8tMHsC,9493.019529445666,1123694,$1000-$10K
9cWbmutVui7vtcnEZvZxYVyUUgjK1P9gqxRT4bLjJXtM,9493.016788412306,1123695,$1000-$10K
9QQdtE5KBt9edcqaNNzK8QSpXtUYVCUafNtqJQKZ8rhw,9492.946599598907,1123696,$1000-$10K
FQyLc7aFa5PuP2aQ2q18gtCRYCGWzsGZExnJy2pyNKRV,9492.935771868131,1123697,$1000-$10K
8yCpKVSAzLoUETJiAeoJQzqQzcJx48TA1NQgf5oWaadh,9492.918797657561,1123698,$1000-$10K
864m2So2tdVfWWXSa3Gpvabj1CpMunJdRmxRizoNKyP6,9492.903738362795,1123699,$1000-$10K
6FCjFnxURRqtgLiPk9unt2TwZW1FWfTt2pGGzDZPFZed,9492.887113544462,1123700,$1000-$10K
ABMChcbspH9mc23pvtY9FasFTBfLhh1CJbDELfm9Gfmg,9492.877716507865,1123701,$1000-$10K
GddqhNzsMzRPDv4W2uNA8uR8dJS2gvUkvpSxt2U1f3pN,9492.877265299165,1123702,$1000-$10K
BYmAktgf8j71XQLH5Qm4bHCb1sjKZ9p3YArYwxedpkNw,9492.852787076918,1123703,$1000-$10K
7FySzWiNY25pkNitC4BEnrTcQuT2hRfaaPKNdnF1c9o2,9492.84733748935,1123704,$1000-$10K
A7HQDW7jTP28tTnsr5zLsZPsTNCddp967ZeNY9wZnuyF,9492.831334462891,1123705,$1000-$10K
FsGKbQawuKZQ6Ds8fEuBoyEyM5vYTsm9tfMAH73sFknY,9492.809583215054,1123706,$1000-$10K
3WWGUjVKnkExWGd7MWdBAWWpMnGk9hP3WUAvTVnvuatz,9492.79824089375,1123707,$1000-$10K
T36MGXB1b7AHsQapRnndddiaGu7kmrG75RJ8kY8PzgF,9492.792765138352,1123708,$1000-$10K
64EDdKpB64utUH1Z4SdMuSQ8A9LYj8zWmKoqcNduEpFC,9492.776004456324,1123709,$1000-$10K
Fx394yUey8CBXwCmXb3Kw9aD31xzRpiAJvm4izXcyGCL,9492.75862854319,1123710,$1000-$10K
HK5iYi5wibECo5mRoA88jHwS6siuoVTnna1W844pn8bD,9492.74712283421,1123711,$1000-$10K
WpVr9q7auvaY9F1nfqaVV8uPvHo9JwBXXuqSBcf9Te7,9492.746626728855,1123712,$1000-$10K
HF4TRiyFN5YQeNoY36pCXD3gcJ7qpYo2QDFQ89XzushK,9492.746158579042,1123713,$1000-$10K
GhiEbEpMHZxP9E91WmCeVHEmR8bXXvquCojUksYgJYkA,9492.738997060786,1123714,$1000-$10K
1TH6Kmf3MA5bFftEDzADfvq1RR8PCzajHTL1ZebhK8G,9492.73139235618,1123715,$1000-$10K
CoZ8DBeFRw68Ws8TriTZv5dpJbYxz4bqtnTs1Vmm5rjj,9492.730826931736,1123716,$1000-$10K
F99MQnpEym38eonU7Va5aJf79fqdCC6ZViU9xndX8kdm,9492.697935638153,1123717,$1000-$10K
8gjHicJSxY6uL8pgFK8XVK1roC1v2yr249RBzzT8JP5t,9492.687625061348,1123718,$1000-$10K
BEzwpj7HhJY41KWmpiFomeLNYg4qxseQ1eAEFPDvShX3,9492.67187777472,1123719,$1000-$10K
CbeeUjMrAbMVm6PX3AtGAfPxU2GhVzWgXospEgQt6kmF,9492.662253383069,1123720,$1000-$10K
Dhf2dTzLAetSpWLQXigdYA1Zj2YwJfu8X2zKErHyWrJL,9492.647365026569,1123721,$1000-$10K
3Jw3uwQKcHwTXJxBGQQehD7UPATwEngbvPi71eHqPrwT,9492.646846777778,1123722,$1000-$10K
HXzTZyCSsk9crXRPwvintNgzbqJbtbj4CzSpcUnJE3Cz,9492.60678362467,1123723,$1000-$10K
6BTmgwtDSCzcYwDrC4bupLwfKgTVihUt2eupuH2MaaNz,9492.592318665009,1123724,$1000-$10K
FEozHNWY7Wu2d59wdmNEwt4TUhgoAMJeFuGAp4TfeKgM,9492.574398425795,1123725,$1000-$10K
HN1NRnf27mJVkjcs9uXxbn3phaduv2vTSeKTky5JMrSr,9492.56953771901,1123726,$1000-$10K
CqxZ2Vg6AevYG25RuZZkJdkVRA7FWTUon5GtsG6fb7NU,9492.566897092776,1123727,$1000-$10K
98E3YzsCbZ7LJSnaNNcmFY3GB9XhA8VQahWUFpchrwpb,9492.563856783407,1123728,$1000-$10K
7YeKa4gWMdmwJxDsLBU1emQXZqcn3YeSAN8t2dD39hyd,9492.55572716726,1123729,$1000-$10K
HHrLSmB9cY89oJZYfECbnQvXwHTRmmdqcRduvauDeofv,9492.54307663524,1123730,$1000-$10K
crwkaYPnLqePX6XfCZb8DET1m2cWYtWD9mqzNL6zAcm,9492.4948205388,1123731,$1000-$10K
2kEnZZRnPKcjyj5tz7dZx7UdrXtKHY1FyDHw5iT4GCyi,9492.47774844954,1123732,$1000-$10K
HW6FPowZKGRDp9aemPV9VM1Bh8spUMSpS2eefuJVn6q1,9492.47623288249,1123733,$1000-$10K
BiqSEMkv7rDCsGZ1DFz9WBw5JWuHpFKbARiVuppdUDSQ,9492.423023848343,1123734,$1000-$10K
Acac3Sreyru4XxmBaDM38QUPi3QW7TasgV5EqpMJYgCu,9492.36768977352,1123735,$1000-$10K
Fqu29GLGzi1Nzgh6Y3KrmmoqjyQJjKyVvHQXQrqPgKeQ,9492.327743199488,1123736,$1000-$10K
GJrY4vLnKtnFcUhth8afDfpZ22vjK4JMLjjr6je8YmjB,9492.32158168356,1123737,$1000-$10K
2W55Tu7TN6CgCv9zBXj9PnhFWTPCivgXywWo1YJmBd7i,9492.316603135661,1123738,$1000-$10K
WmCC7J9idLnfnfZpnCVftfwhfm1NazVDLtfVReJKHpL,9492.297934720751,1123739,$1000-$10K
CMRwdEChBFT28tZKTGBFQxiipBA9BQfDd33vnPNAmHEC,9492.266270333785,1123740,$1000-$10K
8nuxnvsmG5Z9pYMdUbKuQAoQC5EjWuvGYZob8vdeeEox,9492.234975950143,1123741,$1000-$10K
7bbdenAsaLnxT35tgaG9VftZwaMzUuXKa2DLV2bz2Wfj,9492.228202623184,1123742,$1000-$10K
CkkUGNuv4FNvv9ziD4pmZS2zNqee8DGhcpCrcNtt9aLo,9492.228077327192,1123743,$1000-$10K
AqGSuwz8iEB33GjYqu6YwmxdBFctWXExtW42GUqhy8CP,9492.218513832995,1123744,$1000-$10K
DNVbzDwfZXj7wjrLNxY53esiyFS77P6mMsExGJGHKBxi,9492.195303925624,1123745,$1000-$10K
5oooCZjZ5mppH6za1QPo48f8Wo67GDPmzxDd5BWbKKxz,9492.175208508892,1123746,$1000-$10K
DxqNpJA1AmXSDQM5TCFbLNRwxY3t9DBCuiR9cY6pt4Aa,9492.167229763032,1123747,$1000-$10K
C8VngqzgXT7XGSFChNWT9NQTyGZdstrcs2n5LA8iBrX7,9492.164075237693,1123748,$1000-$10K
6DoEufqKctZ23YqDqv7f5XpZvXC5MtutKoGZcZQWV8eb,9492.153378661798,1123749,$1000-$10K
A6APhRJhTCw9s4ARVTpvZHydqthCWfoXD7EECLZMXbiM,9492.13095885941,1123750,$1000-$10K
ENmJCVZg5R66UPdpbSbfL7zrsr96r6r4hxBZ4Mg4C4gL,9492.116472296751,1123751,$1000-$10K
F3dqK627h95FwUSk9Zafz95TWgNehdgWqDnjcN44adjt,9492.099430966413,1123752,$1000-$10K
9PtgcQ5Czoks7i4ac94kHeDeagYo8e9rawLVJ7JBjb3B,9492.094924244222,1123753,$1000-$10K
GXnWJfqGsKdqvCSSJJP8MXk4JgEowr35QkxeK9a1qfss,9492.085905362821,1123754,$1000-$10K
GpaA3KfaNtFSmY54ggccBWNnNwRo41tyNx5PTWNKU9Vf,9492.078325663062,1123755,$1000-$10K
BBRiJWe4LgJwF9QpVGfghvioii1vn2AXaWR5NKhRieXU,9492.051429883853,1123756,$1000-$10K
7Ph6Y3dsXpKkckrN6V6NbQ2jGw6i85D3rSVXRdttVATb,9492.045685380934,1123757,$1000-$10K
FRkxKzH7ZFRMRZmA8AusNgDXm7CzabGq28B9udhJeyVw,9491.972744247843,1123758,$1000-$10K
72itfkMiVmQ1jvF7qYwbTuhrAv4nKRNHA3pu7hPcx5AJ,9491.96536049515,1123759,$1000-$10K
HyeFjrcKPgSC7jvhmMW4r8bVGxARrXg5F9Cv872DWvV4,9491.955500339993,1123760,$1000-$10K
ASCQ96eci3Gzxotgpb4hVnvtnSi2gT12ugRGdvCnemqJ,9491.893665421761,1123761,$1000-$10K
ChLgoGCpeu98G5RceNH5gAH8fnDoGArtU31s6Z4VKUjD,9491.87956918434,1123762,$1000-$10K
6p1vjfmDY5K7iYKUkjctxxQsVjEsrynbxZoFzZqH9SZf,9491.873108690272,1123763,$1000-$10K
4M3NzxyAH2AdXq584wRKGJc31d2CKbFiQh5YNvX8bL3M,9491.865154885516,1123764,$1000-$10K
R2Eq1TkRJHozsQfzoQBSN19tYnVFKM6sv3cMLxibT7u,9491.849332074162,1123765,$1000-$10K
GCvZAFQYaMGbho3HubdECkUNjNkfkm5yLiv26Gc6Ga7W,9491.834657253086,1123766,$1000-$10K
HbjqDBWJWmZwymaNpSuPCcqrg1HNaun7PfHPS41APzyn,9491.820686696823,1123767,$1000-$10K
2Zp41Hy7t8sXgRRkV2hCqkMq1Ck6gC2oaksFzxcGyJhN,9491.818770296575,1123768,$1000-$10K
2gTF5xui2zE5f8eaMdFc2rSXLG82Afwq22KSnjLu8ZbS,9491.815836589034,1123769,$1000-$10K
9wisoSxyKzQJFekEmo1Ut3DZhbTJq4NUaAb95bykozVA,9491.814360329958,1123770,$1000-$10K
9BRfbX3k7Nrk5Gh5sccVbzNXH8tDf6UGiDwuLWtQxFx6,9491.798816605959,1123771,$1000-$10K
CrbfSHb818H8Y7dJHPff6wAM964qkSCtYY7AZm5y8SsM,9491.794705613795,1123772,$1000-$10K
6opGNS5mVsoi9gdoHzrADtorSibZpmAySgAoTGPxyBU5,9491.79134364235,1123773,$1000-$10K
4zJJozMJMkipYfxyNBAJahKE4YcKSMZ4JDFnBJPX7FNV,9491.790298189313,1123774,$1000-$10K
86F2QXcuEkcmikoqzNtSnks4MXiTmyTFN7k6Rs5D5xgi,9491.78824976406,1123775,$1000-$10K
6XKtTHYC113jjpyfJXd44jXxEixHtQRFe5TLqV5tWw8X,9491.768766538224,1123776,$1000-$10K
C5HsbFh35uZVohJz4kehstqixoSmJmNHEsP81kbNpvQQ,9491.767633689531,1123777,$1000-$10K
2yoyYKPHRM9gNgfzACMDSgtGVPoE35ifowMp38HPFpK4,9491.73851933112,1123778,$1000-$10K
4ALiuzxnhF4hkbYha15mAGTNzyeTr6mc2DSYx2jEGbrh,9491.703268671772,1123779,$1000-$10K
6u36GzjKhpHD3fxnh42iwP3rCxQUFbZ1p7YGTCAi3qtC,9491.691897621055,1123780,$1000-$10K
S5vhPzTqbN9d7K4zSGGDRpGzWm614e1UXair82SoPEL,9491.691662371159,1123781,$1000-$10K
A8i2P9365ncnhktLQiQsjhGJNdUYVh4XJ1Zq7VNiMUH6,9491.68461390435,1123782,$1000-$10K
DKzqXum8vYchBTSq2fFHpXQ8Sa3YJdWSGEYkqke8KpMK,9491.682397552717,1123783,$1000-$10K
7SCoTn58krRkXAdQZrA55U1fiAf4cNDhh6T7kCJst2N8,9491.660602548754,1123784,$1000-$10K
AGLyyazqaJRwnJXMFA1AtXKP4HJvKjTWgUYdUof1v5Zd,9491.64877141959,1123785,$1000-$10K
9jEG1Gatb7jFDEQDoswnBuDcnMurC1aw7xEhusnw7vVV,9491.645579938586,1123786,$1000-$10K
CDY9iM2cuP7XrUcaQygwarcNqqBGUPmQr7UU7LKErXP1,9491.62555231296,1123787,$1000-$10K
FaKjT214jAvV7sbQWeAvaS2Qc2MQ1SPXwrUQLuZdzZq9,9491.6214592376,1123788,$1000-$10K
CwCgy3Dp6sFf4ycNKrnRQq3dfxuz4xnN9hYDn5VLKLo5,9491.572239381016,1123789,$1000-$10K
2DKpMfa5S4dMXBvwwmRk3GSSodLizqcH9VXbQy5MmZYM,9491.547902756889,1123790,$1000-$10K
43BSCppJLEDVauShNNojJR8jPgkhriW12Bxc19h9ENiY,9491.542567491424,1123791,$1000-$10K
2GRuFxpSrwctkfHUP7sAS2VdSGdMgsMLW4p263jVWkGP,9491.484389736666,1123792,$1000-$10K
3DrgvzYNkCvpzM7cRXRgGtAUnyBNK4cLKp5FGEP5qT9q,9491.465272360663,1123793,$1000-$10K
3cJWodUcy597ScGr5cfhfekZMePjdWbJ237WZMmnuCXP,9491.455771014067,1123794,$1000-$10K
Gcw9jZ2WA9ddtFeEGJ7ktWZDDFTspE9aJAXoq3m8DxUa,9491.418802740352,1123795,$1000-$10K
4v4rRqzWXipKnyjSTgDsR38YVMcJLWCdyK8shi68wsEa,9491.39677332479,1123796,$1000-$10K
7tq9q42Z4zhnANdvPv3UUUZmHywBY8jm5ffawd7KAG14,9491.394574680155,1123797,$1000-$10K
41ngVkeTzt3whBf2oGjfVABCYWjtauvQZWH9DrYcWzUj,9491.348696536177,1123798,$1000-$10K
DAKzPEmYDMeC6iuz9Ho5Sj2yjFS2Nj7LQKv1ZGZzeQSu,9491.335184040063,1123799,$1000-$10K
G7oEvMkWZZKTzP6vGB8JjMsMnDaj44r21atRfgxcbFt,9491.329379858462,1123800,$1000-$10K
PBT8GeMyP3BoPPb6YesXnbVeJwvF6tZbTro5srhVxBc,9491.327208999652,1123801,$1000-$10K
Abj69qnrzfZKYCg5vaPEyCZGWgZGoACZpjPryTts2691,9491.317862571645,1123802,$1000-$10K
5tEVsWEUcCKbTWJ7Yhpjm7wYoDzn3EkdSAjoAQiQqmZH,9491.283634908104,1123803,$1000-$10K
6ia3Y9DVER7ZSyPLpEyrUNy7mcxFbrGEPs9WiEd8gbga,9491.265989661344,1123804,$1000-$10K
CkjDrN7AicauUTVRceKmbeCEXsRuqgasojEEUAd1qm3Q,9491.247119019301,1123805,$1000-$10K
7Bn1dBwbdvLSoSSfBDuPistoc377Kudh8dJ9B7Z7s3mp,9491.238917327042,1123806,$1000-$10K
6avCXvBGTZmAejsFs3X8rUKWyoh233RyG8vvPmaZpSJc,9491.215311284115,1123807,$1000-$10K
CyhSoNTADa5tyPRs8z9nN27JxyVXkr2bCiXRMhHLrjNw,9491.20080204988,1123808,$1000-$10K
DbAQrwATvsJWXrALR53r3uYCMzWKcDWWXWdaW2XjQLf,9491.19475162541,1123809,$1000-$10K
CTjURNP23mhE3TeektT3YqHsLEZSLLK82Tp1V2DLS8XD,9491.160616764882,1123810,$1000-$10K
HzoatBXxpJTkZqGH3ALYE3Vbq5YnERkg5jwF5TL52UcT,9491.149118779998,1123811,$1000-$10K
3EAADrXTxgbymbyeSj9yhRzqLAReKFk7SVmBLVvVZeVs,9491.14270511124,1123812,$1000-$10K
9LxvRHFMnWtVmkhdXZtYBoVCwvRCEkqA8YFD1MDTtDuf,9491.135757045824,1123813,$1000-$10K
Gfjs9Xtpht2cBREAfKwyGzYTerhwtkJprwtWSmBYCB1N,9491.12053817276,1123814,$1000-$10K
8H8pt8NydS6NrMy91r7H5xvBjYPyruvRvsTXPTw23JF8,9491.1158806156,1123815,$1000-$10K
Grub1ZvqQYQfQGSKouHXBfb8xDN4uxFfuCu8je4Up8Xd,9491.098257038902,1123816,$1000-$10K
FK1yhhdRu8RD9nSQ5X3DDqkUhNByagP3sjBvd5hU3Am7,9491.09611242715,1123817,$1000-$10K
EH9g62fsNM9kceZsL1wJFtfv3oz7qaFiedGWRXzeYRTg,9491.076815002216,1123818,$1000-$10K
4SPQDFihsyY5r18NXQKp4urvrMbmmKsAnnDYRJDqRnpu,9491.076681960265,1123819,$1000-$10K
GiwXjTf9iWZCNQ96EuY77mUdxaiQtsJbnMbR6Dr4hxYL,9491.075046516778,1123820,$1000-$10K
BcV4Rsu7JiGFdHv8ZfRC8kpUJTTtftDw3UEeHDEnYE1p,9491.055600499596,1123821,$1000-$10K
95y7s7Te5s46kXnrEAroQ35NurUEZUy7soPpBXSjs5SX,9491.032092837468,1123822,$1000-$10K
RYiKUwFMLxzFZwF4QzqKWyp55AyJMSQssCKGHYyeN1k,9490.98073741915,1123823,$1000-$10K
FvtrXh7Ty97a4x39LLnhHr3Q8khEov1u1WfQi7zgdEmZ,9490.951688018047,1123824,$1000-$10K
BX3Vkxqz2VtizZbz7sdPaubjm4WHhEXbNcAcnM5Y7wmQ,9490.936396193896,1123825,$1000-$10K
2sW4hEQ4J23x9tES5fTL2BvUTRhHXNgCsSjdAgiUQCh9,9490.934940648194,1123826,$1000-$10K
4N4bkzyvsM3nJ6hAxA8zDbCT2Y7DizBPkcZph2rr7ymj,9490.933974312928,1123827,$1000-$10K
9pL6Aui6TBpWvBwnTaWJ1ndn6jR5soC3cEfBqk41HT1A,9490.91766657048,1123828,$1000-$10K
3RrRXJG4hYJWWbJWrR3HzS2AK2kaEaHDxSgFKuKNcA8c,9490.879226059204,1123829,$1000-$10K
54Qwv2TEiTMTj4bi3efLwjQfvdhpTp6W93s8394MK6gF,9490.846868267248,1123830,$1000-$10K
8gV4VixswVMfZtxQe7PsNJMEQccCgPuPCvRhCU4E4n3q,9490.826793836532,1123831,$1000-$10K
Ed9KUwcB4Eryo63T4ZqP6DvRxyz5fw6PbzsYcvTu3sFd,9490.80808724444,1123832,$1000-$10K
81rJvLawsVAME2bvZwvWkjZgnJzr3bthteri7sUsmDCw,9490.803696847384,1123833,$1000-$10K
7GqPGUsV79DEWPMyd3jeciYXbauaqiaHqqrPL1qE5r6s,9490.803350174037,1123834,$1000-$10K
6qPhSrhtu6ZufrZpDGPKyYHkKYqQ4k5QZet6MaqQxgqk,9490.795322767028,1123835,$1000-$10K
HqJFWeQuQoHUSpDJ5rEcxc6TG7gY5MgiUNZYm6VuRPA4,9490.789061363106,1123836,$1000-$10K
4ZKTNBQhQQMckK5thPDptzemR7HwoEDsK5jWVAwPi9jE,9490.77441376422,1123837,$1000-$10K
E8bdCRvwBfjELFk42Jd5gXqy71U2AtCZSPcwcBXM7E6Z,9490.755715362058,1123838,$1000-$10K
BhR5C6s3Y5R28HD2Jg2Vz7o1wyNhv5hSTXYyLhSCPTiv,9490.739586998556,1123839,$1000-$10K
5s2sdDRnxUVCs9shmezM2XthdPG2eF8y6Pb2ML7ih5y3,9490.73806133603,1123840,$1000-$10K
9YHgVcUhzb7fHekj5r4pMpms83aGwpC6bY1XnAH657Hv,9490.737181186541,1123841,$1000-$10K
A6W5E4vy1FS1gKUygxRtwPV1G2FfzBbkhe7pPsAwvg9g,9490.721313462764,1123842,$1000-$10K
G27JLMCmbd7J2QcQcYGjAppfSN9AvhPqJXrk5crmmeGa,9490.7211093083,1123843,$1000-$10K
9PW1t7j3ePTq8CKQMZi9t48GUW5AdgYNoEyvFSGUqk9y,9490.712489527117,1123844,$1000-$10K
GzkzykUYkZVcr7TfARpKDtHBgNZavAWFD2EotzU1TGnG,9490.704849839387,1123845,$1000-$10K
3UaLVeBK3hhuH4nUWXEWgm2YCamj5iMYtEmQky4M94bX,9490.685424338799,1123846,$1000-$10K
atof7dRbZEBXatn3rGD3VFjBksKWQMZw3UQiuw1jcgN,9490.65258402308,1123847,$1000-$10K
8CJmJcNS3hKF5YoxV4JDRWxUnu3wq82fAgn174sxVEAU,9490.649394514712,1123848,$1000-$10K
77RWuJjzTgswsgUafvhSNDAbGxHcUHQPZ3ogpvNr3eB,9490.649394415379,1123849,$1000-$10K
BKsHFtF6xWicnZSoHj2iVmrpu3xT417ygH1KMDsRdyjf,9490.596522246437,1123850,$1000-$10K
3kyaSzkj8dr5tMUh2SNncsp1y8F8XUNXWkhBjqMRgw2Q,9490.565471675201,1123851,$1000-$10K
PSgSGad3N13Gmep1V8LzuFHTHPJDi6Xomzqe5QhG1Ee,9490.557006516778,1123852,$1000-$10K
AKiySqvBvgckZG5ajTWxstw1ChUvAa3XygoiFmyDaPw9,9490.553418530599,1123853,$1000-$10K
8UV51jx3qVzU9tgxsDvvZTncZ1effzeMqbfFwuoDQi8W,9490.53442890732,1123854,$1000-$10K
13Y2dQbsP77zKb49NdigaZ3CerXXYBjHLh2toGUMJbXi,9490.533721510059,1123855,$1000-$10K
24qLAF5cDQddfnV4qmKaxPZn1g5tc9wR4TBtLCENm9nP,9490.52406128624,1123856,$1000-$10K
hDy8FtxBvpmiSFbagHF7jCyi5k4Bq2VUGmotuUvFLxj,9490.5157628364,1123857,$1000-$10K
DBnAPyoq5rpJZ73uf3q5uxbguv4imbynE1BWY2fZsMm3,9490.489229380319,1123858,$1000-$10K
2xFDgpfDoxr5qA8UrHYY6rha9PRJZfnZTVfMfVAqikEK,9490.47533657405,1123859,$1000-$10K
8DmZk2SQ24po8TsaQ1pEiC4LRnvV36dZUDHxsWd6CYq6,9490.466796810615,1123860,$1000-$10K
3rrV4YHUWwVVJGD3CP4CRWtyMgbGy1xRxjoW2X3e2x7G,9490.442785648489,1123861,$1000-$10K
ETnNdpZprhT1NLfykgnssAVp5jVxQmKxorsYYFWUb1fh,9490.429038843195,1123862,$1000-$10K
9n6SDCT8GQcWDPa7pBzP5Tmytc3xp4mcvcXrwL7puAFB,9490.419444753525,1123863,$1000-$10K
H6sfyp2ySWwcqQfMVczveQtc8ofgox2NFMUjybATwnFa,9490.40285110406,1123864,$1000-$10K
3RJWeEAA4nW1GqwxM3Gvoy7d4aDAXzv7AXURangvvk6N,9490.394981738398,1123865,$1000-$10K
4sEqTsTaMjHp9hWWkoSSY7NcngQyntBCZGgFv2YEem8t,9490.357373578574,1123866,$1000-$10K
G51EkuyoJL3xpovoc9vr8zRxqwfZyojBRjWmKaaprXeX,9490.309901719913,1123867,$1000-$10K
CzRBZxoYeLdmjAau5pwiPY8c6a3U2Q3VLdiE5SceBSGS,9490.309455795841,1123868,$1000-$10K
CNsNjB7Vhgs8cCphnnhrGFxe1g5mQkk659vvMaVCQP8U,9490.296384156856,1123869,$1000-$10K
BMebuu4kn4sfcuaWo4xbPHwDPs3TKtdyYGjGhqjg29Dz,9490.27916170179,1123870,$1000-$10K
3B7oi4Gv3MDF3Ghs1ShyWzBtzeHeVomkoBju6qsjgyBW,9490.253316228986,1123871,$1000-$10K
8S6FXoTPSfsptRxHd1QieEVe7xw1qPof9ms8yqDhbBDv,9490.244299200069,1123872,$1000-$10K
9fZGzwH8m7PHCbT36qKaXZhHDzpfFAKMBrNrHjofUZeS,9490.198548529219,1123873,$1000-$10K
GMMxTNzKRvDr1XWirkFgovHZYBnyuiBCFot1HcmtaiT,9490.196884394441,1123874,$1000-$10K
6DCMPuizXhR2S5cqQSS4hnp9yHwVGPyq23Dc8Ss424Ld,9490.195626994977,1123875,$1000-$10K
E17DMwWR5Nxid51LBn2iQPrrUeTyzg7QEdnDtG5n87pW,9490.158861524673,1123876,$1000-$10K
8vvUNzHR1EYG31vgUNGon43p4rX5NWn9TAAXyh9xVAx4,9490.146948620777,1123877,$1000-$10K
ccnsccXNtduVBy4pcaY17hWS9meTYMi54vw9gghXuZs,9490.13255767609,1123878,$1000-$10K
8eaRqKGbLYvS7GcCG39ERB6BntYgdK1wPcS4oqMRE37V,9490.11576087202,1123879,$1000-$10K
Dn5DsEma48KrVdrHdNcWZjk1pA3CGqWUkEpxt5rZpqVi,9490.09212930419,1123880,$1000-$10K
FwHTHj8R66K6EkZmop84Qd9tXi9e3mGdAG7y6ByTNvrA,9490.08590164308,1123881,$1000-$10K
CusaasnqZrbPP2528V6ZT56J2pnXWkwBz5V8hwyrPpxz,9490.013438097116,1123882,$1000-$10K
5qCp1aaYvyA2ajdV8XRw19sPFdi6YBQnuT4MLaqbGNEK,9489.995208134605,1123883,$1000-$10K
2TND6tCxkv1AXnu1NHCiqZMyX2oEHybhQQzR9Lvsb1aw,9489.977122136701,1123884,$1000-$10K
HMfYYkLJBHqdDJjsFwyLdYcPi9Qv9Wecyp4VLbQingUX,9489.94295872437,1123885,$1000-$10K
EF4nAUKytHCxagVUCVxZeog9nbyiBhpoDtWapT2kSww6,9489.932301007047,1123886,$1000-$10K
6zZXmxPrXK48u2KeUY4dgpPRhy6R5Sfp2zh4dZzURcsc,9489.924796111378,1123887,$1000-$10K
3JUYNB7DCysiEM4hDhwty14ZRBVsQzgwiqmXqucTBWDM,9489.901453027189,1123888,$1000-$10K
7EuKzxB71EdhFM7JcLPXCe16UFtffVQAiAizKYiAsntD,9489.845671709618,1123889,$1000-$10K
9ZMamdZt9k2vFnZQkCf7Aa1KBJBR7RpBbS1KCQAoiCJ1,9489.82006754461,1123890,$1000-$10K
DzgFDJs1GHyP8FSspiWZk7DDJKcxddxS78MSSFMDG6VC,9489.805351093712,1123891,$1000-$10K
9zK2WjHVErk3iad1H2Gtu7B3KbDBS1fdtHKb3pfSspZ6,9489.789235067145,1123892,$1000-$10K
4sC5NkRVVVwvDBStLdKF2xJCNTgq2mzZAoe2ukE5Kykc,9489.784239846762,1123893,$1000-$10K
7PU1gacm72zWsYQzemyjUhVFUQLgZXkAHDWrfsToF1TH,9489.771435907054,1123894,$1000-$10K
GCXYdrUZmtJHnBcLJXNWy6VH7fiS1LYpy4L7NE7dVFrM,9489.771175067714,1123895,$1000-$10K
eSPz6MzhXv51N67HxK6ynfUzGBtDyMWmWHMYZXExHGn,9489.766967007428,1123896,$1000-$10K
Dc53vCuwdmKEqKeQbkCG5MVLo7S9GnDrQA5HTVAzrKi3,9489.757159743145,1123897,$1000-$10K
CoWWX1zf2dqvmUFZGR9SZV4YQWvMeSn59MEJWuRaLqmD,9489.755919815509,1123898,$1000-$10K
BNhpMRKcbzsDw1sARodDmeA8xthvmccoUkFB9uE2de4q,9489.731463516884,1123899,$1000-$10K
GdQZEM8q3L88krHdHTW59muUBUe3tSZo12q2gnCSeWph,9489.708707764452,1123900,$1000-$10K
12Jefvq9Rim2kuJK8b2VD2nvkjQxByWx1DaEkEDNpTuH,9489.699455868844,1123901,$1000-$10K
7vk4aXyX1bYB5rGAAWqAWAaZeeWQd1mXBvBACjqbXJCw,9489.698575973316,1123902,$1000-$10K
Eo4trq87jNdt3UY8haeq1hcnLpFxSWaxFzxQexBfXLSb,9489.693584245673,1123903,$1000-$10K
Ciwsg3JBS4NbDnPgRaGGwUrLFgoJdwxh6HNMxB7h2rbJ,9489.683932242462,1123904,$1000-$10K
4KioPzsjetHWxBQU82A9jxrgdxXJbq2CdfcxzyRdf36b,9489.648391797655,1123905,$1000-$10K
H75LA9e1f4U7PR9QXMZCFA6KPfTBW52bmSG8y4sXDwjr,9489.63835053913,1123906,$1000-$10K
ENqYCbpGsKP93QCs1zuZBP4gwwPS5e11gaXdWZh3ZSe4,9489.621788858562,1123907,$1000-$10K
Cv1KA1ySh16MpmfFygEJVUEHYNycAPeZyb3RMkPBrsSt,9489.616476674488,1123908,$1000-$10K
7WooE1JMxCrRZtKthb6qXxcmq5wfXNCG6xV6Ajq3fnD3,9489.608493290973,1123909,$1000-$10K
FoAmSmRyDRRG72GuuZqrsWjGcRwazkSb9nzasmJePV5U,9489.606891151418,1123910,$1000-$10K
AfWci6J8mWyFNfrtnJRmeaGtdw5LqdMF6dCV5EcRZr9v,9489.581741815435,1123911,$1000-$10K
EhmwXcVvb4hyTb4Uqq3r4HSyXQrVPYRfaHbpJg3zm6wc,9489.562596954456,1123912,$1000-$10K
AGibQdVbzAqurApZgAQWycHcfHvaiBhgrjRMetd7vLen,9489.56179079541,1123913,$1000-$10K
AQV5hePWcPEoBrRmBdkiWcmVbAepnh7GU9bkA7pF4pFG,9489.553629395385,1123914,$1000-$10K
66FcrgdT3JBftPp9JZv8SVDDkyqj3htu3KNXozdjKp2z,9489.55095249804,1123915,$1000-$10K
51qtYai4tQXjN63651R9oR9r328x2UnyHq3RdemJyKdx,9489.49893862109,1123916,$1000-$10K
DZ35z717iq6YNrrvhavpxTX3tYLNqxfEKnAiSAiQwv8p,9489.492163052004,1123917,$1000-$10K
2sNwwxZwKfPJhcbP1raXYMfLUhHt76ykhubiXiewiZPt,9489.486800463812,1123918,$1000-$10K
8ngZvvKvYV5Beya2vhgr1ktVbyn6kLW9wjRq2VG1j2hK,9489.470930966565,1123919,$1000-$10K
8x1STnVbM8rgFBBNvb88u8Ywm2XfxNAMca7YFTkbTEax,9489.46512114945,1123920,$1000-$10K
GqmbTB6xBNn7d3p9vsEfT6Xh4WE6v5LZh83LYyQSfV6z,9489.44485519292,1123921,$1000-$10K
AXnduGXnRYY3vu2F876u7FQzXhNuwaXTpzYnwoToGFzH,9489.441818800138,1123922,$1000-$10K
4LA6tGdWSe1ErP1pqUaC3B67jUYPYKkaHEdf8F6abupq,9489.441550146143,1123923,$1000-$10K
8swTks1BDtZoTSYsf2rpjh7Cfxox4exK5k6vpxNwJqho,9489.4283934346,1123924,$1000-$10K
2WV4vWeGAM7jyJ7Qz4hoC1SQLoSCQm277YCuPiW4b49C,9489.403556138965,1123925,$1000-$10K
7gQopWAxxhQtUBRKmpfMwkDo2Cvh9sgqAMtRn61HT5GZ,9489.370406648533,1123926,$1000-$10K
58c5Tq3xn6T3yrtYVRvXKEWq4exq15BQLDseE7nAQ2BR,9489.361373281707,1123927,$1000-$10K
ErisEMnF42Ya2xZJyCnLfLppGPVTqtjtCLac6psb3yMj,9489.359780946967,1123928,$1000-$10K
FSVZempP2vVvfE4nnXqV9GM3B3fXoVGvrK2PVw4yS3Fe,9489.351325297202,1123929,$1000-$10K
4m9Z4caZNq9s2Mi8UWkPceQaw5CRDvirqn8BfkzFZJSv,9489.328150848516,1123930,$1000-$10K
2TusBhjXK6rh4F4FY9LnzDZPEFn3ZZeQmZd37BVEZW1a,9489.30699999428,1123931,$1000-$10K
8LBqXuUSNyncZVUEXfVWMKppBS4cobRUvHqXJsFoGtE9,9489.28493431179,1123932,$1000-$10K
9NWYJksPCtLPjDzZ4LMXqJXdv9Thq8M1ys9C4cVaBM4T,9489.284354494821,1123933,$1000-$10K
4nwNqTodDk6aHb1XpZJS8tx23KoZ41bGoudppF858eZU,9489.259335730823,1123934,$1000-$10K
9kFLk52eGSa5x4r25KqAeAJd9qW6e7ggQcBFqPW6VKJg,9489.209285823821,1123935,$1000-$10K
2pyvSWfnCyAaHAGKarf31TgYr9MDUzXdnQ9RWepk2r9v,9489.206475481074,1123936,$1000-$10K
J44NhiEo3gYyDd1uRuwnZhHSdkrF46CY4rN4hwBaG28W,9489.17268278866,1123937,$1000-$10K
8v9f3Ujun9QSmkizp7iuzXTUEPhefxyVuRYJhs9ztZut,9489.17106330265,1123938,$1000-$10K
8mHhdnFC5DQFGSoK3NVUajiaqn7xdUqdNMReZ9DZU8pC,9489.167439637808,1123939,$1000-$10K
H7fxuK8cmFz7WVE42XkQBWPXkTJxNByPyCo7NtuhG3K7,9489.16638740185,1123940,$1000-$10K
Hfb7wamFfYkCWEyy8mwv46FrbLC49Hh6ApiQNZw2MvEX,9489.159306360985,1123941,$1000-$10K
6vxaXNHfR3QYj36amCfankQoHxYZg8HDy78YkWZj8j8F,9489.15165309586,1123942,$1000-$10K
8poSvSHY4F8GyybTudgamXpqcsFKrgwakhLZupuTQptp,9489.13950682391,1123943,$1000-$10K
6HYCiQaxvJbgiCuxVWbZZHPvnSj6B7Q3Nnw2Ke2saEWu,9489.134680743093,1123944,$1000-$10K
CEtRdZ2o486BU7xKp4PfyC7CFUTg4khiyrXCYUjn4smr,9489.08932905012,1123945,$1000-$10K
Cc38TgAc4H9PMnkck7snKY7JZTUsQYbUa2ncwkRh6yDZ,9489.079667831807,1123946,$1000-$10K
AaddPndFq51Kw2d2BHF4aiCJCtYUx8YLrZxzjTEWueJo,9489.062765494857,1123947,$1000-$10K
AJ6UqcuEW5oLRWWr8Y7C5EmK6xGyNfwwYZVNjcGRYpPN,9489.050148690741,1123948,$1000-$10K
BT3Jyx3g1eBJWQGeqG3CCFWsxGCGdTKNA2JuVjDaQUxz,9489.03863979985,1123949,$1000-$10K
5SWL6WKQ8S9n6hycWpK5Do9ekAghcTuKEfFFGmzm7uNg,9489.037939848557,1123950,$1000-$10K
9L6xawf6Hdrde3yWo6xPGkV5YQi7HihnW4ddZ1gNMBWu,9489.037172093742,1123951,$1000-$10K
27yW5QwqsDd4mQVnguBDQj1oSJnSiQiFqZ48bbzq7uir,9489.027848812322,1123952,$1000-$10K
FJa3wJcCY6aAo9N6TZvgsz55BxkFDXpA5vnJL5Kkrfq4,9488.985529961134,1123953,$1000-$10K
Cz4RkZn5dWGuHVDoJKjoATFx8wNzc47UfcfkUgaTQRgo,9488.975411368876,1123954,$1000-$10K
EmEDJH8f1M9sVsdxbXA2ZAoaYzeqcCHvjcAaf6zMkypi,9488.947808150046,1123955,$1000-$10K
BKi3bfDDbSphoRFQRBnDaScrD5AWefSya7WFM68TexdL,9488.932223746477,1123956,$1000-$10K
EUjeXYDYAYuSkpvyQohxSqJNbpp7JZg5i4JvvEfnboei,9488.907350992757,1123957,$1000-$10K
AoemWoXPmsSWymnKJWyXDpvGfx2ixqjDr1hJhUizYKH3,9488.902481084106,1123958,$1000-$10K
F4CP3g8utZhstVRTjsh6XPTeFGsF99kwiFbLA5m8wY27,9488.892281690558,1123959,$1000-$10K
D4yL25ypeoK8XyTRbWx4Va74XaxqojTBVdD5BgXqQBpw,9488.883014495332,1123960,$1000-$10K
nKCop8V7y3XyYfyZbJhn8Mnh51mPVAZx4cKjroBgmDB,9488.881852359891,1123961,$1000-$10K
4ZNxwhKB37GX4WBiqdzAGp2dCKYj2tPsZC7oWE7PocqC,9488.869956594279,1123962,$1000-$10K
GcFoa62Cm8x3MHmmk1agGVBmbeVVzYw1fgQg5i1AGzeb,9488.862728930038,1123963,$1000-$10K
9FxRHkUEVFf4Z4mSRGSwtQoAmhkHDxbH4fDfAKUbM6fB,9488.842061657664,1123964,$1000-$10K
6yWd6YXgvQHM6e3oFG698nmqxpo2xQqFAV3oCwvcpRUV,9488.83468304058,1123965,$1000-$10K
CAndP5iznqXCfzQSW9rVWGZpf45z1vexRqcmVnNRa98R,9488.787724091584,1123966,$1000-$10K
8pQGRpQaLp7RTR6cE815VmpiDwi8RiEz2hYtVd4NoLmH,9488.787341811154,1123967,$1000-$10K
CnKzBUgHdYYiRUmKmxov1dTtH6Xkm2EFkQhgBY7UtFi6,9488.782434873217,1123968,$1000-$10K
FxAU49KQxbN8haMQc7bf6mYMrQ4e4hJCBJSSBBfzgYQ7,9488.780632811906,1123969,$1000-$10K
8ej39WoestRCZsNRDRjo9uhqkBq9FcRVqwkg2fzuoz1f,9488.73030252726,1123970,$1000-$10K
CMGFCPbRRz27JXKcbZ6kzKbnt7a9SRbbz2TiUUTGyJKE,9488.721520833687,1123971,$1000-$10K
agwtDiX438Qtns11UNvXh5xDFSU9HVqyJEyfCT48SRX,9488.710930652507,1123972,$1000-$10K
BEbfzCN6mpnmEmnqLH5SPbNfU5mZjxUXGDHnr9sqmgdd,9488.710136575282,1123973,$1000-$10K
DgD7G29BjvBC2A8CHPYidkYuQ9fzpEjakgGxnRQWuVCq,9488.642259367853,1123974,$1000-$10K
Gtx8sCZzAhQzymyEk3oMA9xbwR1m4XjcCbphCYizWXG2,9488.638834581363,1123975,$1000-$10K
5qz26nq3EsPY5EhsvLXuCL8Spme8TuMaRFP4ueEyDpGm,9488.586567737573,1123976,$1000-$10K
6iSZJ49uSpc8EHR28zkXnvLEpU3WLMryTzM3TujuQY9F,9488.53189501816,1123977,$1000-$10K
CgNWM65KWhdRH5Ejz5ityM1Jx8pYzNBGD7vYLP3V19U2,9488.510320662455,1123978,$1000-$10K
5pjjdwFCAfHkmqYDApgznjtEtJjyvWtgvWtieTQJK7hX,9488.496763632505,1123979,$1000-$10K
4DaxaDPCry6EoMJXgjaCMS8vRyetVWmaStEzuT7D6Mgs,9488.475638433541,1123980,$1000-$10K
55hfhdJLGvvwUN3xemNnBkSgKYabC5Sq9d6mJREcvm7L,9488.44726484536,1123981,$1000-$10K
CPrUtagvKbKmRVs1tGgsNG5i6cd3Gj8qZRcEvXoAsftX,9488.434606611183,1123982,$1000-$10K
6ervJexe5gY91DJEfdXeSpLHHzhq1WXLhChuBFfvTESG,9488.433094797701,1123983,$1000-$10K
46s2xmss9cy4eED1JUpxeJu2BbKHSggjDzbU9PKfBbFd,9488.403541924754,1123984,$1000-$10K
y4AX25j8NLADpn4XeVUWZZebbC2q2p9LVG6Kw2qyzwR,9488.380485290418,1123985,$1000-$10K
77K8rGfZULrATKnRrDyDUECaqjEDSNxhxk9TMjxeoaB,9488.37881699578,1123986,$1000-$10K
FNy9uMCRfMpKx4C2MP6EcPX1wZfTZztVvxwkxTtGFEdU,9488.378549888157,1123987,$1000-$10K
DxUpdN3CiuzaTYbTpJdJKTcyj3cYSk9XpKTxRvuxmNPe,9488.378340105915,1123988,$1000-$10K
CPnjBcPQBwv8nqcQfLGyhGuWtw7QxGgkLJxVM1AyUjNm,9488.371522718435,1123989,$1000-$10K
H6z1bGuJYZ1vRTHfikZamhCXTDwvfwN4GMq67Ees8LL6,9488.355378696622,1123990,$1000-$10K
A5cCs4v8SkTNBjLLPwcdpZH19edEf1XF1qJYD9EDggE7,9488.324495885823,1123991,$1000-$10K
66fP1u2oxYpX3bfSk4MmFwkfBkBQLdHrTtQmgBPkys8a,9488.304608962912,1123992,$1000-$10K
88NyvdhtwfoTWY3GFh2Gr2Mvke8pgPSPw86mhh3VSWj4,9488.29507846105,1123993,$1000-$10K
DCedg8pj3AE1HX3L8sAKCJWjeVjxGXo5cyeQgDiEWMB5,9488.236769941832,1123994,$1000-$10K
8tBx7DY8fKnjGkiMxcPmbUpkpfTmmfDY5XVJkXxxXPsD,9488.22225771024,1123995,$1000-$10K
6mykMC413KeFepmz3PaRi4Jq5yoGYrYHV5Ci7qJoLoBP,9488.179211513765,1123996,$1000-$10K
2vtbNio5dqcnqrRwvqnCSSM7sutQYhYkRkMHvvPkHGDv,9488.178415736003,1123997,$1000-$10K
4YwhVbeFCxwJRRviJ3URR4cjumpH1yZhRGYw8MciKP1L,9488.124314298844,1123998,$1000-$10K
AyV42GKrFQBcr4vjzT8BwgqiKbtzkmygTTMsc6dmiTYt,9488.111557321135,1123999,$1000-$10K
F3EQvDwZkZc3b5RnPRpuuDvxXunwMdET2cACvFAtcGFC,9488.104612665935,1124000,$1000-$10K
9aAtFuwJ7wFC37TDTKd5NPWbjsxgBMNRp1CUjn9LXi4J,9488.096603500935,1124001,$1000-$10K
Dkeqi2PiLtBuzJjq6pjAttUre5rcYcHNShjSWC1wH5m4,9488.070239999663,1124002,$1000-$10K
GhvCGC2pfy8a9xa65Dm3h964KFkNi1reJRxQXnYFwiuE,9488.060933036695,1124003,$1000-$10K
FxEwzKCeHYhR7CWVAv7EvckcjxzGf8zZCEyumwWN9xu4,9488.03189855549,1124004,$1000-$10K
FehctH8g4KyUSeAT1cqwmjScqUNwhUULFYZMrBdSodE7,9488.011088500545,1124005,$1000-$10K
2SdDHDeR1eB2GTdCkJJyJLPPWfy5qnR9dPd7WRnnHRGF,9487.982723170924,1124006,$1000-$10K
7EBo7VxHNDNLuZYjp3Fnj7NYjuWf4NHXmMKNhqHqndmV,9487.96805596837,1124007,$1000-$10K
C2wF5oJTxGua1BSaY3itSAozXkiPbb4uDk78frG5wcqp,9487.967181661701,1124008,$1000-$10K
9fDQmdCWqQxyNmeDXHHSMXpTNboWrekkgs93JNn4f2ko,9487.886782308857,1124009,$1000-$10K
G7QtmbzJeHYyev4E5KmUNV6ktWrzhDihT91e7Q9EbLSY,9487.878682286759,1124010,$1000-$10K
5q2KXb3JQw3URLQtYyYy6z3ZwhMy36rE1Nqnn1yeYyY,9487.866126756542,1124011,$1000-$10K
RZNpgokGkS3V5FHTrUcAhwhELwg5TsjET7hU5AwGyVA,9487.863485209342,1124012,$1000-$10K
2jKAsZPiCCS2fTC9oK744esZGCJ4TgufqeU8GeGpBQXg,9487.856585229265,1124013,$1000-$10K
AuC7dh121XM2wtZW5GmdQM1tqBpMjCqseTf6pZ2zyFdu,9487.854445159,1124014,$1000-$10K
9HzjypQsNcR5dQ7PfeYP3CogXEFY6GgKkPGWnx4EGtMh,9487.80467129377,1124015,$1000-$10K
H4D7oYJrVz9ABenmYDyu9zKUhLAHQursdnvcHZqhMhwT,9487.799848805891,1124016,$1000-$10K
7HYBDwe5fyyuWuLfatJ8ZN9svspqJreiyqTkDACMN3jV,9487.768038816952,1124017,$1000-$10K
FvcW8ok9Reaa2hiKLchX7imBm8QPHnHmgRJkwsmt5Tbh,9487.76482826719,1124018,$1000-$10K
4wrUXQUbfXkv91dBMfSsqcDkf56VhUmMZ53QUDjdeZDz,9487.75401875152,1124019,$1000-$10K
74K4edWsiUzDjzPrtnXFqcm8zb5emC6zwu89DW9REhhe,9487.7505093826,1124020,$1000-$10K
J6QhFJv5vtx4XsA5S7Cvw565hrFJYBgQ6KS2hQfK3jfL,9487.750352512683,1124021,$1000-$10K
7bCxDNAPHEx7Wfkaz9U8D6BDZLqG8Mj9uyNvpY6Yw7P4,9487.749884819248,1124022,$1000-$10K
9mrEyTuqcBnfwqu5HWG7tDbQU69V1D7hkDuoMReUBA5S,9487.71117037633,1124023,$1000-$10K
3QXeZ1mun68c65oibjzpHiF1Tn7DwotWUsRv6sr7CCUi,9487.694012721511,1124024,$1000-$10K
48pBDvaQciMEcbx7wXLYiCvk6ENugAQBCCE4BnqQwsPp,9487.673965602633,1124025,$1000-$10K
5PkcfgksFaX7R3WEBf2VMFGdGVkHFRKJPjDzQ7JNUw3y,9487.67136080385,1124026,$1000-$10K
2ma6qPPsma8EbTQ1mxQ7bBxfZ6vrDGoSaJG3MZHzAs3D,9487.638550675298,1124027,$1000-$10K
7nesjEDM3WwDPeefkvPGehoBgytrkQ6SkN1zySXL2HBn,9487.636478088512,1124028,$1000-$10K
EeWkz6qhAXHckV1krd9guUsEEnAqmMg4rzAfNNrcvzGD,9487.596179139178,1124029,$1000-$10K
HyeHis8KsdfS4wCzaLR3n3fyHcs8c9gz3phe1JAbGm6j,9487.57796728924,1124030,$1000-$10K
98WbCeu4wwVmKP2MZUMkoab26x4LeCwBZmUgP719CQoc,9487.548468228957,1124031,$1000-$10K
7jpVZFEcqe54mNFTSQwjJEUsPfamvQjPaFMens3Fxzri,9487.541545888593,1124032,$1000-$10K
CeeAGWmWMPr7CnJSiJDktuHChecZJhLXyRXjAr5TyVGC,9487.504541929724,1124033,$1000-$10K
Ck5SFDesuqh3qcSfAw8SDqQgTNpWsKLhz4trTM14v5zP,9487.494305827555,1124034,$1000-$10K
8KDjHZwgo6Hz8vX2ShXTeToTu89v2mdRakLaybdU2DWs,9487.481928469588,1124035,$1000-$10K
8GCJjySwrz6mv7AEWmkc3gDyNxmokuA4sGPQMfEDk3UW,9487.481630204864,1124036,$1000-$10K
7i8UJD1BFrrMPiqbdXQ7emSBefRyjQoKaHhKGsp2YP52,9487.48020399977,1124037,$1000-$10K
Gw4Je2ts5L8euQTZbTw4HF1Qe758VXmMhMkpfHybdeCH,9487.456715360348,1124038,$1000-$10K
2wcTfiZbuAVRzaKvePVx34JwjVgxHpxsYyfSnGLLjQrW,9487.445677688485,1124039,$1000-$10K
3QVeDbWhzpFJwJDFyENHDZRdzUGQFR5fG29aMLnwgVNR,9487.42517198511,1124040,$1000-$10K
5GC3Ni47cgH8iVj3k5Q9gBLZosaifU15RWAv83UowNGy,9487.404046264899,1124041,$1000-$10K
2yYgENkkVgU7xAtNmze8upoBWnxrzFdj5mDeV7UiXHMf,9487.396891994877,1124042,$1000-$10K
CeFFGnNyowKe5kycx92csLVfxpkBMarh58q6ThAux9JN,9487.362676283556,1124043,$1000-$10K
8HhHNcKk1zJQNouuQfqroS2iWE4Ybney6yfA5kuT2EDa,9487.344918637167,1124044,$1000-$10K
EmfuKxsMuE8AX65Fp3BTqMnqa161SBgPnFNncnu37SH6,9487.33434756492,1124045,$1000-$10K
yB3ww1yM4TM878xMnYJZN1z4ojbzL7qknk3dHVXUWyx,9487.329295054087,1124046,$1000-$10K
2sii7B4tnS8e2Ugr7kVNsrRjhxFV8qYA7CDw5CjtYP5C,9487.323835055571,1124047,$1000-$10K
4dpWwEMh8761GmXKqpTmBjy7jSeYkpgRdvp5g4n9pS62,9487.291704511494,1124048,$1000-$10K
GZtiiLHuEA6dGi45CTpaXcw19NJkt6DiUPjKXxtg5tCM,9487.284801037988,1124049,$1000-$10K
HnNSi8CMvVeWSmUcPBSRS23VTxFggRfSH7UggyS6y1Uz,9487.28163718362,1124050,$1000-$10K
DN5TfPsDePjktR7P6NWXKZhUhc3biU53AEumu65DQubA,9487.274582283555,1124051,$1000-$10K
FLXhaGcnFY5ciT9iW2JZXfcYzLWQnipnRfQa6YUqoeV,9487.270124795823,1124052,$1000-$10K
AQ1dWKxZ2rZvGEUqWyViQroQWeVHJJ4EFvASFg3cz2sS,9487.260213805872,1124053,$1000-$10K
2dkGEuts38W71jWUcfywydQDZ17bCZ4u4MFvJFj4XzsJ,9487.25649252061,1124054,$1000-$10K
E48LyF8R9jZp45qhA5WWhkcLkmJuRXR9zGkykb94ykfu,9487.24536623155,1124055,$1000-$10K
4axrpKndpnQ8dqYXKLSkbjuuKaJPmawcz7JXCaWa2PSK,9487.241004007958,1124056,$1000-$10K
4yhsNR5oG1pjhfaCcDXH9BLSKGEL8nvBzLedHjtWzjfW,9487.23061353464,1124057,$1000-$10K
3BtxZkFfJxyTew9JZRg7GiKcaERJaQrokYXtsfGHmAJM,9487.205159669511,1124058,$1000-$10K
5z3ADyEdRrpkqKnSDAcgaekqZ66HUbjzJhJskNaHtzn7,9487.204763042339,1124059,$1000-$10K
DadYcxFP93eKXRUdVNpBJLsoZpbAfGYPMdWwJMhCwPq6,9487.18160308699,1124060,$1000-$10K
5QvtcJDojQMB5vLqZprNqWEWZHxB1TwLYbdboENbuGt4,9487.177902792519,1124061,$1000-$10K
AUeMcF1NwVWh6ZUTjbWJUJipUyUTgue9DveLXEKvvHMQ,9487.174776753003,1124062,$1000-$10K
7ehAF1f8qF2HY6pzkwYfSdmiHfwrNacsyvAJ2ZF2XD78,9487.161080495272,1124063,$1000-$10K
7vw7urWXpdRmk4V85EdozEdkab4NeFWPJEYS455RZvSH,9487.134203364158,1124064,$1000-$10K
J3RzFcjfZ3Et3TbF6zm8jLCP6tWuEjEnzTPdR35Tmh3R,9487.126551179257,1124065,$1000-$10K
7ovyvWJMYaLKm9b8a2b3wxHPpPPgY5gL7KWKMifatwNJ,9487.07349815867,1124066,$1000-$10K
G4n2getkZe3zkzw2nYRxgj81rMNTzV5KFR6oD2x3cFAz,9487.051298619434,1124067,$1000-$10K
3L38LzrDjupyHau5tV6giZSNqxCib5Kfms1xX1aegaYE,9487.040690498705,1124068,$1000-$10K
8aZqDprZsNJNwrD8vUm8zUytCaxE8wnbNhG7rY6UgoaC,9487.018917267531,1124069,$1000-$10K
AfjNkS6fsYWBYX1cbzX8ndZ7PTSSu3fwzaHBN6LyuWYL,9487.011457364113,1124070,$1000-$10K
MU9JS3hq3uY9Tmqc1whF3scyHrixsdYu9gbNw1nfZpj,9486.996151482697,1124071,$1000-$10K
pekXJN9Mpy6HYsmWWb9M2BtVtZscRvSbPqTGKGLNh45,9486.97027079268,1124072,$1000-$10K
BKCRMB52PRZCycpcQUipgpRWXFEWB5ysW69PeB5Zgiq2,9486.95130120576,1124073,$1000-$10K
DGGJ6njoP8uh9HWKCQ8pdWM3u8a36ZBLzzskco6qxiVv,9486.94140620525,1124074,$1000-$10K
4Dk2emrNMhnCa6YQrUNz51m6asNa34rH4hnehGVxZ4KD,9486.865693813741,1124075,$1000-$10K
6rd9nhZUAzDA9wav5bcrZdhVDoqHPVxhsD3FV85NiKEL,9486.84067008249,1124076,$1000-$10K
HNu2hmqR9aAnyGYQJdFEfjbMfuuczpdUrokkmqRr3EDY,9486.833139294176,1124077,$1000-$10K
EowQJhr3MjXkprkH3VnVQmsdEeUJtebm2ZAyUqmL32Qy,9486.810690533523,1124078,$1000-$10K
GZ5NThPfZwwqCSJVQdthNEUKSms62G2eNybfDZfN1RRL,9486.79342076094,1124079,$1000-$10K
C3CAbVGVUJ749CCjj5oXDn3Rz6CyFGEkAmKSiX7NePSi,9486.779479624394,1124080,$1000-$10K
BZ7VEmbohLtWpVvuoTqCQqZpqbSB8zHoC6v1XNH2ZAkJ,9486.769143447027,1124081,$1000-$10K
Bmghw2yiBnvPjqSPvDajXhAnFyeYWi4UZmyC5Zq1zKEJ,9486.703124697528,1124082,$1000-$10K
B6tgBWCZmTmUZHajucZjckiHnAakEHnsa22pChJpMiij,9486.700445666045,1124083,$1000-$10K
FnXvbzV9Aya8QEPvwGDqbDgozZgbr4ww7o3VcWHcS6cT,9486.700279846582,1124084,$1000-$10K
HLpDgtZx3vvH6wYD195ZouzxLEL7VdMhvprN7n2K9mNN,9486.688438628426,1124085,$1000-$10K
5XktYF9JSuduFdpNV1EVQDTWEuyvEAcPZ9Rk6LUReoWR,9486.67858117967,1124086,$1000-$10K
8ZnLQcoZyWwKZT9fXhGHgFakyy4n3PRToLLzYwNrNbam,9486.662839027487,1124087,$1000-$10K
Eb372t7z5MTTve8AoHvEGpWRvv7d9rrbUTxy39GNixmr,9486.62926323743,1124088,$1000-$10K
G7c3NMjEMN5mDDFX9bJ93rSySDeuxKLcbgR1cwJpZFRa,9486.602073015825,1124089,$1000-$10K
5UAnxh8BAn7G6TqvA7zsiXopfjnoZdLb5PfMUuUovyeE,9486.589092461385,1124090,$1000-$10K
CKcBY3C4LmpvjydbUfBooVvki7SdC8eRK4Zpm15TzMUo,9486.572148915371,1124091,$1000-$10K
GfcFaEQcR6fjXUzNkcUFHLadTWSe1UbPf4XraDCAnJaT,9486.534887130976,1124092,$1000-$10K
3SNAsFAw4U1MpwgDpL7abNq7ok2teMz5HxEioTomD2Fv,9486.5295325771,1124093,$1000-$10K
7BSoAhpcJ9LE3yVJVoec4PX3dFgYYMAQcmbkBL8SCxZh,9486.52651997825,1124094,$1000-$10K
22cNrwXhEnVRk2oT1c2HYq1d6RU17B8WZyWTymoDPU2q,9486.521690430829,1124095,$1000-$10K
5ApUeAJRm2Gu8B5RRfh7DAGyy5JzFNz167bRmgyWDuwf,9486.496285235376,1124096,$1000-$10K
8Jaos9aLF8XywQrvrnWbyiMTvvGFJHQGtuG1rAhKNX7b,9486.495858541522,1124097,$1000-$10K
7vmqsJnRCw3nxSKRdyDiQEB7eM1RH3keKQutX4ZAWcYM,9486.467558778171,1124098,$1000-$10K
F2wX45XpBC6iXHZQp4jQvy7ro3q7CzhAKriuFP6FmZ8k,9486.466844697889,1124099,$1000-$10K
CqsAhfCwdPUuLLepSJaxbc7atc9WwVvSbCxsBaJSgsuY,9486.438147505176,1124100,$1000-$10K
sQ62UgffEYY5HkdwbsJXUp1o1MV3TuU6vL1uXur3Tno,9486.426171935727,1124101,$1000-$10K
Frme3AtKpK55cm4xm88FgWmVAKEGZ6q37jLBbr8F67mP,9486.410003798812,1124102,$1000-$10K
UeiWWPjA7zhxs164xt5brZvTTuo9eTf6fgU5Sn1T7os,9486.405173872614,1124103,$1000-$10K
RoZC6GoreStEpuCWhzedxETgZ3DCsbkEyE3NeJnkcGY,9486.396203939767,1124104,$1000-$10K
6zvbr4fz2x9Gb4KiiQK7rTgUK2uoT9CTdLhKGsQujLt,9486.391905186296,1124105,$1000-$10K
4Ec3JhRgJMpN3xmrKYeAbpyzqKkJdhkzmdhiJSfzcACa,9486.389003802282,1124106,$1000-$10K
3BQCb8oUncBwk3bkuFjnBc1xUzAH6gzrYrvQ84fPfSmK,9486.38290835345,1124107,$1000-$10K
ZJG4yuYEtMfk9nEMVJhpgx6ToGrtBiDtaG3sbETvNfT,9486.377220676051,1124108,$1000-$10K
A1E97zTxBMGW2vMqkizefH8BpMhXqSCZC9jaTVH63odt,9486.321221917551,1124109,$1000-$10K
AEvfZ8AmeZyeb1eWy5svPNuJEnPixhK7fUNn7BjJdGke,9486.312404472796,1124110,$1000-$10K
DDDRNLa7RJbSwyr9hLGhsSea8qsGUjbYCeCTb8sB75xS,9486.27876791469,1124111,$1000-$10K
B8GPrw1ztwiiKLcYMTeeXVHn9PZfdPohT3KUyP9HHFQU,9486.242926661405,1124112,$1000-$10K
44xWvETTV2LFtDA2nfD7xmoYHXePWQZSzJdaXKAiPYVP,9486.229995836222,1124113,$1000-$10K
BThUGoKbyTNqutoMcqpCjK7EWHhEfkEZkJw69xB5ey11,9486.215999616656,1124114,$1000-$10K
n8sGKuWfD8orNaKrb1pKwYAYomuyBHvbqR5WokbBByi,9486.184880023042,1124115,$1000-$10K
7vKzgy2MDAMMeMRrw8DGtmjhwFaJ7p9uEFdJwo325fDr,9486.147489897674,1124116,$1000-$10K
6dYd3oB3Z5jBbjni7CAn7zHP88eVAXCkSMJJJuJydDLa,9486.13768828392,1124117,$1000-$10K
7Dwg8biFs1JVLQ1squ6VG9zjrN2EvtWCLJ5BoyeXPrCe,9486.136820627713,1124118,$1000-$10K
GX1LGW2hDYBeh4VZAGMuRFbtkCtBzxm11VnqZ1ACV4qm,9486.11938556966,1124119,$1000-$10K
wudrssp5qNZS4rHE1v766xxCWbE62p44eYD9JncvTHd,9486.115001822984,1124120,$1000-$10K
BbirgwdFP3qEDrAmtg32ir4BxytqvbxYPKw8bdPs1Giu,9486.11393294983,1124121,$1000-$10K
EwLYdVmJHehLy9276jbJCjTL41WDKvzEr5AdxMEREwZj,9486.09713704386,1124122,$1000-$10K
C4jpSBo6mr2wCmgpD1y39YmYtaDaPLLEtBAbbqBdcDYo,9486.053557773103,1124123,$1000-$10K
65MHMvwgMsyCcpytEwzWLCr4jZQZHAQwKqyiNKB6eyYb,9486.02663693282,1124124,$1000-$10K
3vJaMQ1aZbmxmqwsWYrTx47mSnJ7pjSfXktuLQX3iedY,9486.022569633198,1124125,$1000-$10K
4pZb4XhreBZdNCGjECww9CB87ozin2V5nRHDJy3sz8TT,9486.01114261001,1124126,$1000-$10K
CMQK3ZXaUu8ErmKAms6Y7riFXQwqTNBfdQMeWz1RPa2u,9485.996020290913,1124127,$1000-$10K
Az3pn9bYfe5j6bPzaApDnropPwyNf2HD368QwXB5nTNZ,9485.977546224643,1124128,$1000-$10K
2Nc1iWELs7cRwQazgRsUYRmQyME9GAmg2u9GchwQuNU4,9485.919361754113,1124129,$1000-$10K
A1jQeStGaDHa6XMwKK6taRxUwk83hmMbhy1YHZrdpY9X,9485.91850280148,1124130,$1000-$10K
AiAGRwKuxh3HLCr29aiawz99KkJgE5nNgDnctA7755W7,9485.902282834111,1124131,$1000-$10K
CKXwsQ2S19C8Vjx4pdTokBa9ehCYvZgyYJgziKFTiMqd,9485.901839938932,1124132,$1000-$10K
BB1NsAEqChmgGe2uCeNHVTY3qUo7bj8d836pr6iZe12c,9485.89453172993,1124133,$1000-$10K
AscGzyxm5hz8hC7NDnKNTTocj1rVvX5UbXzrEX5t18BP,9485.893352520448,1124134,$1000-$10K
CErjFtG8LWVBhGB5JaLxa75vJ9UuhyTGu7rpK4cvj1os,9485.871450145482,1124135,$1000-$10K
2srmBdgofASWNANUq9RPW5Dw8kQMox5xFTqDhkT4Pwa4,9485.796318381092,1124136,$1000-$10K
2nbUzKdmZo4vXUePGNQecSUQvUFWampMzvXzDnM2JPsp,9485.765140187546,1124137,$1000-$10K
J8VaazjFaQ9owfa3BtUDM1c5GY8Kkk483sRQ7TtY99E5,9485.764373628705,1124138,$1000-$10K
EEkcmceuYKs8uF1HfhwsRpskuzisFdWThjGb6Fa1fJF5,9485.72244392788,1124139,$1000-$10K
WUP7bp8GwBwmN1CYUeReCkqPhzpopLn15TdFgnHGt9c,9485.72063202592,1124140,$1000-$10K
5eSDftPaAvPn1qah17zEVh4dFFgWixXt3CMvqFDkVEBP,9485.701028810327,1124141,$1000-$10K
3JHGqMC7qGwdMe5AqZKrAh8XkmR6RGyiTKKS2NgGkqcD,9485.68868651908,1124142,$1000-$10K
5821mFX6SsF3rnRWDYtudRezqV88Dp3BFKAA25PcCnxU,9485.669416254534,1124143,$1000-$10K
6waYpBNP7feLVBZfyUAxU6CA2GuonvwmJ1KiihB4MiLh,9485.661521502676,1124144,$1000-$10K
3eMb4gStE23ACohLkEhGi6jyyaMbQvTgYYPBP599z1qW,9485.65752016495,1124145,$1000-$10K
4zktCBtChtPPsJigVJUtH3p9bSQ7EnNQXtLg3E5aTnxQ,9485.654554119232,1124146,$1000-$10K
CPzmgUnGwUvnixMyHsRbXzjZWzKP38aCTY7xzci2wGzs,9485.64658654191,1124147,$1000-$10K
G1XawGHLZw5JbRvC81iDWpz8C7vfGHtsUbDzarjv5Zs7,9485.631201507598,1124148,$1000-$10K
7sssSb5JtJZrbAjWVYZgFheP1GNkLnxE1vBXKtB6zMGA,9485.62656341871,1124149,$1000-$10K
CaRtzrh4fkMrW8iA5r7kiiia9vU2WbPU5Q9E9z9uJwCD,9485.606399491007,1124150,$1000-$10K
5kHsfxnHerEZ9HiBAb5aaQ3MQbkGysjN7CGehGSgsKff,9485.58135994468,1124151,$1000-$10K
3mLTBnuEX3RucqANBU7e9hEi6ajdCUQwSECgsBUnT3jP,9485.564981695692,1124152,$1000-$10K
Gh98X94Wabpn55V5oyfMp3sNSMgbt61qvQpEsWpknXXe,9485.556927248741,1124153,$1000-$10K
8VM1TXsL5rXTNUmj37QLyfUR4h6q8QmVPCJYqJCrtfu9,9485.552842646666,1124154,$1000-$10K
v3J4rebfZ1C8ujVXcEJuNekArRjxtvWTmgf8R4jCFM2,9485.547136885665,1124155,$1000-$10K
6dt1imRvu13LkKK6QaaSQoWNdJXm48P3Hxp1Xv61jYMK,9485.517733266737,1124156,$1000-$10K
3MkPngQoiRyGANs1HTjkQ4W36xc2ewtrQrhncen37WxN,9485.490462350393,1124157,$1000-$10K
8ve7Xp11Nja49sRzNKVnPYgZz82rHPbXehiXndeWzzHc,9485.486046878397,1124158,$1000-$10K
GZ4zQria8c6VgHVrNbKKJV7394MjnD4RwDuJP67jEGQT,9485.47938971474,1124159,$1000-$10K
AFTAGxqxDddtMqm6d59LSm7FTet6wsYj7r3B5dcz8QDD,9485.472427405679,1124160,$1000-$10K
E4gSN5urts4n4RhY9ZigXBCczBDgAzLocY8UinZpuzBa,9485.469192578252,1124161,$1000-$10K
CxCXBaPCY3FBUUEYYNx7benWJRBz9PCtPbtZ1hVWDpWZ,9485.444998714189,1124162,$1000-$10K
6cBR1KSY9xVwkBRWSYx2aP7n3qkBjYYDpSeJv4NpxdNB,9485.436455538616,1124163,$1000-$10K
Ci4yzKs6MFvvAYBEWQYkVNGw2sAcxZkDN2FF2b6nsktD,9485.400189554222,1124164,$1000-$10K
4XGsuhAeWDA4h1oqW8boCc1QKDxqFakXwxqrhMAzK2q2,9485.389851894777,1124165,$1000-$10K
Agr5kr5J2iHgJDPvGUtfnKeDYtqnkfZGVm3qJZFiStVr,9485.36527275535,1124166,$1000-$10K
3mZbvNvD5YTmTD4rVPb84UGRupchRBkPdzQLjXDhqD2D,9485.35382362237,1124167,$1000-$10K
EJVKqQJc6zRSH5E5CNktNYFiQPcv1NrJuj78DtgERM3w,9485.353594988712,1124168,$1000-$10K
5agwuCkL2U66y2T74Bzn37xakXa2n4c158TP5DBtv3X1,9485.353274343572,1124169,$1000-$10K
DCYUuKdJrwQ4w5bgARSwLbCnBfsdUEKBdVvCZKMQk4cz,9485.328916036182,1124170,$1000-$10K
JBUr7ZkY9BiRLTrTJBFxAmvRgqw4RYRPX3bvfpWhT4xM,9485.31659560258,1124171,$1000-$10K
H1t5JaSv71mhimWRyhnzkz9gzhiQtYUsLZhNArUe9qaH,9485.309776128051,1124172,$1000-$10K
2E7b8qAJfR8LkYSB9sMTtL9G4ndaUeCM4hF8nmN4JZV7,9485.306336161882,1124173,$1000-$10K
D6WfqpSpXFvfWya3YVMpRnwpGNMaSPuw49LoLFeDN51M,9485.287155320482,1124174,$1000-$10K
xeD5e1Bz8rCbw1pqSGe6JDw7gXoY1J4aoGYGeL5HHFL,9485.26857402865,1124175,$1000-$10K
6ekzVN1ARoUxPSFrTTBRDDvLx66qjU4cvkkmmU9PzsQt,9485.265767008175,1124176,$1000-$10K
8La4pLZZMihwk9AHAULVQyp44hekc2xtAwMnVa7Q6ssE,9485.21166055378,1124177,$1000-$10K
4wstZk6gdXXeRx8exY6VWidpPHomu5GbwmNQwJb7SoQA,9485.208545056006,1124178,$1000-$10K
8hNEeqTNnSGbqxd8Vz8w5AmSHnL9NbzyqfHnZBS5KXuF,9485.142963004218,1124179,$1000-$10K
2XMEfMdCBtuRTcKLEQbFCtoDKwv1hy4DBSYvqVLEKF2b,9485.083303032365,1124180,$1000-$10K
7ov6tJqPZMdN9u1X1A42Qcna6kLEsMxfSf5wpFbiLaPn,9485.075334911104,1124181,$1000-$10K
58XfCicgF2KgusQhZ1GZFhrXncPgMh3TFeuCrtb9eVFN,9485.068265417507,1124182,$1000-$10K
24NjBiMP6D8y7pqbVS1W8Qj5oedU57gcDmkdYrq78fMg,9485.048125361598,1124183,$1000-$10K
5xTNXwkYvoyKkNkf81Eyew4n7jgb41JSL8U59tXeYDTP,9484.976675626684,1124184,$1000-$10K
FESvq9kf46FLMLTcYqH3nQb3BQSVXKhvWJCciRny56aX,9484.963207084398,1124185,$1000-$10K
6JkU3GLMBdVnEA9cZ55qCbatzYFzYpr1giSsge5YEs77,9484.947447067541,1124186,$1000-$10K
GvaNsS4vukyktYGh7R3ieVNEkGoBLuMSec4MMoFR9dUN,9484.942598653979,1124187,$1000-$10K
AHLnMJW7zu254KtKrLN2PSzUHZi78vFujqCZQCweGMhW,9484.92605274787,1124188,$1000-$10K
4NYHoVH2hukgKGsNWgYQqY8xhZH3B4fkjPsiEdJ9bczp,9484.890897322402,1124189,$1000-$10K
3bnqR88UdfU5nhameUtiZoSE2DTEyZYcJtk4Lp5XqT1f,9484.890291316366,1124190,$1000-$10K
DFJRDXQ4ou6Y7wiuK8LqX6iwan9ehZxLkbCtHHXeWoJR,9484.871961754869,1124191,$1000-$10K
EamrhgrVDJYSWgVC15LxThz4bxWjRVdwSZ1jAcnLHwc1,9484.86505844555,1124192,$1000-$10K
HeCRj92rpMV93nHaiAFqBuNycabaoXjz3or8KmLdeZPR,9484.85568362371,1124193,$1000-$10K
BETZ9v8AmEon2Xp6qhcB8Ti5vWaLEe5HhUtd5SmYXPFw,9484.846573497955,1124194,$1000-$10K
6fYTqmBMYj1xWgVSaDtTRj6jKEKkACAZRmkFVqLZbvcE,9484.840180974832,1124195,$1000-$10K
C6Tn6fs1Q7kzmRG8YPqLhBeYKREYM7tq5aeoYBB3yeeb,9484.825413706969,1124196,$1000-$10K
cTtbC5xc6E4UaeMxbbeyUJZ1cNHNaMmfofPyTZ5E72a,9484.823991205725,1124197,$1000-$10K
4NrsyZ2fvAvF3zoGPSBMX7zowFaSHq18xuo4f8BJE4dS,9484.812306341284,1124198,$1000-$10K
CRKNLTqRmC4KMx5AyVycwkmrG1GZGyAwDh4RemywsXqt,9484.797796156285,1124199,$1000-$10K
5s7gNksF9ndoepCNDVbVNK4R5LQbXJ6Ytc8u5dn141d1,9484.758027953107,1124200,$1000-$10K
AkwHVsBTSgG5V3eFX2W4H5pxNo567Z3K7x95n9kfV1QC,9484.735537689723,1124201,$1000-$10K
DwvoPf8fVYYon2QNA1yFVkoZ4rAzhhosG6nXUA86rmZr,9484.699527897288,1124202,$1000-$10K
A1LMQnTB6sw36pSfmjJXHPXkbhe7BSsxN1KUJamE9by6,9484.694862954504,1124203,$1000-$10K
7gwCeF1MZyvJSnoE97vGCM3ogLyqi5rYWe6fy3DDfYL9,9484.690451447868,1124204,$1000-$10K
CocNgAGtZVRwfkLfsbfbZ4h1a2SpFbD7F6J2puFq9iP5,9484.67561309513,1124205,$1000-$10K
CzWmnCqrSDfKGFACyw1W3p6tq3n8XJAexbnu5SessizE,9484.659739075238,1124206,$1000-$10K
J1N9tdGS2b858W2VDetb8K9tyY2WRSAjb9kcj55D4dcs,9484.619374121821,1124207,$1000-$10K
GhZBe67otUdLXvQYNYCsYLXrQT3ECKiEpJNtJXABWJSc,9484.617331938325,1124208,$1000-$10K
7Y9txphABwbkVhiYHsjPdNo6vM381mC7RQwDCGtG9F2P,9484.612522229703,1124209,$1000-$10K
3waRhe2WukqkNoWwnjFfU7bMWf2jmcmv1VM6QSUtYx3R,9484.59053642407,1124210,$1000-$10K
D4ibHhpT8yZMnMmXN5YqAaiDWff5zwp4LvUhuLxcVkB6,9484.490342572772,1124211,$1000-$10K
8r95wwkVGpFXpF3BsyzBDGvfV6UCTkfZyoL47omCAGLd,9484.485342065153,1124212,$1000-$10K
Cw4tfeQNnahrZ5WakL32QSeJMygKe6XeAjfhVcr4PM2e,9484.466726938694,1124213,$1000-$10K
4dStU7tSw4WuUZ6Q9PX8UazZxq38eUm6BcMeWFYXTsQj,9484.466320667376,1124214,$1000-$10K
BDot9dx8QK5BSEMqUEAbDRcw23ZakZ9s3b4URgSmQkbF,9484.460863266919,1124215,$1000-$10K
2wq2Vj1CaD9HriDz9wd3MFg6gfsLNvVgjR3bBm9rGJLr,9484.44714088312,1124216,$1000-$10K
Es67u5zwsrVFAQ4ZUNCDQFyDpJQmACYsEbVTwaGLgHF7,9484.444229105387,1124217,$1000-$10K
6Rv5YyXrsbP8rnVpBxQRxsVJwBBbbMD1E67phXbiR8SQ,9484.43065431072,1124218,$1000-$10K
GuETxGP2Ng83w3NDW6z7WAi5LhdCdwfKWr5K7wdsTP3J,9484.424831110971,1124219,$1000-$10K
6ULrhc3JDo1fUxkcFMTQ7QizZzcNyJXiha5bFF63Ba7X,9484.412881989992,1124220,$1000-$10K
ATU1MEsgi8GqfxCKFeTrtvqsdg7V2y9k5AhtGXG7fj2y,9484.409913863457,1124221,$1000-$10K
CV3Lsx3twsbpZ3aQ1ygu5tLC8M96MGwN4w89WjHth3oF,9484.407573295424,1124222,$1000-$10K
9mQtjT8piZmNNngqSH9zwhL5CUvUAZoDwJmgPWGF8d9c,9484.406472845883,1124223,$1000-$10K
2JS18ySmfMYgt2BUj7GitdtqzLStuniNYkTGmNZsN2ua,9484.40640359035,1124224,$1000-$10K
u77SNZfUzVsAwZbHUrVCm4nQLNQ9FG1HESDHd7hgs3U,9484.402216354842,1124225,$1000-$10K
G1PJXfpLbpEpsXANgTrH4Ysm3huS1y7WEnsoALNzxp8A,9484.380000000001,1124226,$1000-$10K
8x4dH6zT4NodCgxpawowVLgQ6gWtnE3mcS4Qv84ry5tB,9484.36206904112,1124227,$1000-$10K
EUWjkcwXzkGn8qwBZq2vGeHFcXQTENT7UsfCXStxdSsv,9484.355666011514,1124228,$1000-$10K
BzvX7m4DEkiL5dssqafQHfhi5puDrTSa9f9nqWp4NtFb,9484.344367106041,1124229,$1000-$10K
4MkgjeFjXUP9Tc7obLB44pDCPQmU4z8wenZbAnsytZFw,9484.339875358008,1124230,$1000-$10K
8zHh5HdyccYU7eWNXEhNenRVNTzqmSRhS7Vw5W3Eg81Z,9484.332900395444,1124231,$1000-$10K
J2jPXUvk6bjomhEGzuRRoCjUGADsgH2xX5kDFCBNtH6C,9484.331717428227,1124232,$1000-$10K
A83fJrXFp3Gt71vSQhNwzAEekgZXgvrrVCz7mSARdhjp,9484.316410491285,1124233,$1000-$10K
DYkCbSPdVr7TXQVaoQgbgf83S7A773pVz74FLrxAX6bh,9484.304334532502,1124234,$1000-$10K
7fRudMnhyWsyCCGL94jazKGmEpTYzEqNPYQUNrSJwWQK,9484.26048299688,1124235,$1000-$10K
H7zWMHAPfNfonRJxvHNqLqmZFi5KkYFEvHkQvCxPkQEc,9484.258235146588,1124236,$1000-$10K
ABtfuJ33NTMVvbHJ1ekQY9oBLZDEjGyYrTdjbQ1usthj,9484.255873928048,1124237,$1000-$10K
i4TxVdsvgsunS65Q24eMRe6j3Q5Yzi1GgnNwq8LeuP2,9484.25255047154,1124238,$1000-$10K
8fgCm1LaoMGfscfQ1GgvkoatNHycLYs67WV7KVGk27iE,9484.225561209003,1124239,$1000-$10K
7DXBrCC5GxdmRe5jPi2GtxC9diKxeTJrQtKozxvoFC8z,9484.180673830371,1124240,$1000-$10K
BDdiAMEYR4VZkas9C3JgSXep9E8nVEfyu1Sfr1xYi5Fo,9484.163410597406,1124241,$1000-$10K
9zudZ4FCWWQcnwTtrHx7PTGYbmdyDqbvb9ByaJJkzB2z,9484.14036747729,1124242,$1000-$10K
j1BxxQcxPE4p9QVym71shqfgBZKtTp4rsoueTppCqUs,9484.14028830804,1124243,$1000-$10K
oFsNNqkf8vdsBvPW6qC6FFTszKY2L1PjLDgW1ij349b,9484.104593575636,1124244,$1000-$10K
D5bqvaUriitSogqWghbtyHn4GCGhHV1u7fr8a2bU7oRT,9484.078889701173,1124245,$1000-$10K
49hV3ENR34fK5eH7Noj9EZL8UXPdEabrRxPi8RohjZKn,9484.07789273769,1124246,$1000-$10K
2hSnsXviCPMDeQYwhHn2n3miaSnkDin4Xc2pj9sSjRU8,9484.06807503395,1124247,$1000-$10K
A4e7vhAZPUe6yJqzTNw4SGyEKoRhXHpfXpc31BdERGGn,9484.045447818678,1124248,$1000-$10K
BQneaPB6GoYZyvxK6FnffVD2PvafXjdZi5n46iSYKQT4,9484.04240624614,1124249,$1000-$10K
AWWGoBbTFetM7gEJf4HN4BWFXn6YDUoHQJLsoLw2aSmN,9484.021804779008,1124250,$1000-$10K
CqheAJomkqajTH8PNQkviKvWtvE2Zn7E3Ud8ksPg68au,9484.02062498187,1124251,$1000-$10K
72yL6eYKZzJuYEyhu3BEqfC8mTpkjV2hsvmt8iY5Rpu8,9483.980643439103,1124252,$1000-$10K
972rFUVu9rUctgsrtPQRJMo8SNLcwfeuMpmwdncgP5ni,9483.970635843036,1124253,$1000-$10K
5fyZUo14kMYY2eeJ5tzsT4njoPogSPhwiwRcTfN7Jkao,9483.956454173887,1124254,$1000-$10K
HRQu7Rz6uzWDSSeh48XmHrXN6hD2K9R23xiptBT1aAHo,9483.900764908261,1124255,$1000-$10K
CN13XBx7PitEYkWV94qZc5TF2AK9giiNJJrR7uetv6UD,9483.890005553945,1124256,$1000-$10K
vpcxXLxQ52HmM815CoeqCEFzDQPc532puCvTXj3vg1N,9483.876508411231,1124257,$1000-$10K
ER8QhMfAX4YUpSgoh72dT3sziw3TRWUfLnfsVvRtGNqm,9483.840127795029,1124258,$1000-$10K
3BBDXMq92eW7ZcEvDPRT6FS2dpWxsx4jh6kUxyrCbNAU,9483.8301316128,1124259,$1000-$10K
5raCEGBg7kwJgBUoHEMQnRugTQas8Bj8v4ni8e2eFU4h,9483.804061365,1124260,$1000-$10K
ELHB4H2fxWMFV5r8cLG3XgUisaNPneWqpWdnrAwDw3D8,9483.755242977591,1124261,$1000-$10K
3BF8oefVsshMAgCGp3M5TGhcdH5Dfj4zNeWcoWmf41BG,9483.695462229089,1124262,$1000-$10K
4bkKHQmQucnPwda5ymdxLUNMLaXAn9FBoqh8tfC8t5A3,9483.634688973867,1124263,$1000-$10K
Hz5fA6nUWFkgrfTykQ9VaSdqKRb7zHnCCPkBcRgjEwBp,9483.595309935361,1124264,$1000-$10K
FGQEZePo5vmE9b3JTUFXkaq6fFnoV7Ms4VY4Q76RFC6L,9483.593327837127,1124265,$1000-$10K
FT2jhsECyFWkUz4foDC4rQonwahKJxBVjZe3iDLX87yT,9483.59066686297,1124266,$1000-$10K
6DC4ZnhgFwe3warLFG4ox4rCb1oYAevRB6WzohjRyvco,9483.559939556508,1124267,$1000-$10K
BmSjdvB3papgUN76DNH9k4T7RZfheCRA6pAHJUohVFih,9483.553969212331,1124268,$1000-$10K
EMakS85qrHEFC92mMivwgMDSvB64MGypSctpLSMMcvYJ,9483.552903360394,1124269,$1000-$10K
27W45SG8ZxFkv2KS9MLH7Sy4MhvxviKopDNK9X9762NK,9483.546108675764,1124270,$1000-$10K
DFv39YNp3fJFEoBEnLQi6mf9L64fUcJKgXZMvVRfb9dL,9483.539266206202,1124271,$1000-$10K
HTy8VRpJjZEiK5jfs81EpEeoQGCEGTRceWUmgKRaiYcF,9483.524221207444,1124272,$1000-$10K
EgWSFpkTKwPihSWAZGaiahihEpTq7gzAaivQMSpt7hJR,9483.51133052626,1124273,$1000-$10K
6PhVPE7MQkB6bXUWBepSfkHZnpwtgEXQsJEfPBWUmLFH,9483.506597447842,1124274,$1000-$10K
7XMK91r1911PM9NgxSzDvF6XnFa3efD1rdX73fRKzVa1,9483.499630942926,1124275,$1000-$10K
8Hfp5Zka1GzvnqwJjvCyGf8jzaDgmTXhTHyxmXcGcDGh,9483.49951350575,1124276,$1000-$10K
6FYG6v1HtM1nZuMyb64mtqS2aUwav1gV9disQAGiDbs,9483.490372247026,1124277,$1000-$10K
2BxjJNaXkFfza2Dtf2H6MHr6P3ZLfLC3kibJxkHyFxS1,9483.478938637956,1124278,$1000-$10K
Fjy9Zkrxgz8h5Kxn18KhtTzb5oE6MkLeHURHxWqeUEf6,9483.47458377026,1124279,$1000-$10K
DFxntrC8wU654N8U8kGpUqnjKKdznZh8x6xrFLhx1NWe,9483.455967347649,1124280,$1000-$10K
9k11tad6wjL3QAbaz39nsaJRD9X3X18zqGAofXRSw5UV,9483.45,1124281,$1000-$10K
HpktEUZp5zbTVaAEZuVSpFj5UnZyvPsqmkZtPkywiaLH,9483.428276178573,1124282,$1000-$10K
CyuhCsLD2ZAN29HbfaM6W1vSP5XsTWjgCDsAQ5Gc5Rxr,9483.426350469406,1124283,$1000-$10K
HqNv7yyGgtHuvFcSQcwzTAYvcCHiZpM2JdceVjYy6hpL,9483.425912161429,1124284,$1000-$10K
3po11NuyPiw11nVemhqwtmWhuT5M55xzvGfTw2xXFQWR,9483.396955505259,1124285,$1000-$10K
7AjZaVXTQmUyC94CKsLkfrARtK3J3Rw26BN5NpiivT8n,9483.38192483342,1124286,$1000-$10K
7zVakCjtmdvVz25UueZsm15ZoKB1Lg1KXW3ibeKNhWbD,9483.35382718983,1124287,$1000-$10K
7MFSoBnDA1PZueqJbxVKhHEnTTvvVuMvgos9uYgsocKW,9483.33840780056,1124288,$1000-$10K
4ab2dSYD37tc64dAbok5HRcSNeFtqjNFmRbbpz8HyPZ2,9483.28812550805,1124289,$1000-$10K
A3VKFSE8UYnQ161fBjvXkgBDdXo7KuFtSvoZDMW16zfB,9483.286191791087,1124290,$1000-$10K
4tBBn84GejFbX3aEiRzTCSYHMwBqT5MNu5uMUPKYMAtN,9483.271223483476,1124291,$1000-$10K
3Q7gt6Bx9osXFndnwAQgEbvhTyuToUX5nfsjzbRBatTK,9483.261267310434,1124292,$1000-$10K
CzcY8BqUwpF8sAN5TBEd1D8T5A99Q3dZUqTvUVNabRQC,9483.258379885852,1124293,$1000-$10K
9GwhGUP7P52728MuqRk8b5AU4ovC9tzFeRb1e5YeDPhJ,9483.246347049071,1124294,$1000-$10K
Ht1VjBdZtA3JrmQ9C38FkUhuWne28cBwswGmfksrcVQD,9483.240123042546,1124295,$1000-$10K
7WCWb9vZmaxyw7x5fh5nSaYkD8w7h62kMAKa1b4F4knr,9483.197056347715,1124296,$1000-$10K
6WPS6zbufrASgPfmTMPKfBeRxYWkf7NiJVGFEtXKmLUe,9483.162929010903,1124297,$1000-$10K
6n2ZiMAJJGvjpAh5VaVja3NAAng1euENkrgEHoNEfAD3,9483.162504151333,1124298,$1000-$10K
nUC5Ro2r1ZGzzHYGTsgVoz2B85cRW9tUE1MYADPVyhQ,9483.149109157874,1124299,$1000-$10K
98pf11LCEu7SGCSoVgURb5Rbchcku6ngN8Qh4TEWqoSN,9483.129233454478,1124300,$1000-$10K
GKxZBCvqQLgpk8GVTF4X7pA6NZUKceFP9Y3KYrrSn1mZ,9483.113168484797,1124301,$1000-$10K
8MU1wzwJ4rpdDj1Ba3GFjRWztKtQCkXaic7HfzwsEtPm,9483.08554479937,1124302,$1000-$10K
ARsU9j3q85UqqZXzJ458xov2KFtjr2gK63kqwmkS9JfG,9483.055098895149,1124303,$1000-$10K
4GHRSv1SckZ6bqTXZwrnrza7GjXhrpaRZSAyjnuRe4Rm,9483.05125748698,1124304,$1000-$10K
GjAX1Rn7VmKoXa94Sw4CBZ4capBvy5JkBweywaUhBMBf,9483.04950364754,1124305,$1000-$10K
CqxEYoKQFVfAjeqgVNTY3k8FqSP2eYRBA8vE4YYXUJrJ,9483.041833882726,1124306,$1000-$10K
CUJ8vFWNU1EvCxoHnbjAJaPoBTjZyu2fWDYH1fD8o2ng,9483.028224717205,1124307,$1000-$10K
GucoS1pSxtQmxqTEDMiiRVRuGziJipUe9pv51nNWzaCC,9483.014299981365,1124308,$1000-$10K
5WHuFMh9AFuinpLDpwc7vCc6oYSsoJb7nviE2U1nTkcC,9483.00096837712,1124309,$1000-$10K
8W6GsFji52uS5dAF7ve5EzAqsdoCvyRtu8M4DzoyBQZU,9482.995378091775,1124310,$1000-$10K
3EtdKU4q78GbrixejGSy4SsbHWFUzA3bKwjarTXcPdq1,9482.98919899593,1124311,$1000-$10K
12qL1j1WkhWoDoGGdPRi12xxqZ9AMEoBgiQBYCjqcLBH,9482.93263393978,1124312,$1000-$10K
8FZbNm8XHxjbUUbbFRWn93SqQATZKL3H1Yu89ni2f966,9482.908131357255,1124313,$1000-$10K
6Vasznw1SLVotHNGZHzYzJvvuJu4pAfaNPQrAf4JPo2V,9482.901564765147,1124314,$1000-$10K
7iUkWydJr6Y9CGaM2Ya1ZXZf6QA5ztjr8X5B13WSCNFf,9482.894470432639,1124315,$1000-$10K
87cypM7BpW4kaNZMVE19e3fMdW9smt7V3mSLdcnbjV7q,9482.865844187278,1124316,$1000-$10K
27wJMJXBcn96rtwqB1BLwNctSgVuPjhJqxAPy15nhMYB,9482.82584271515,1124317,$1000-$10K
3ZiMCPrmsgEurCN59yr7ZC9JZMptze8d7oPRbWpGEXTG,9482.824589965325,1124318,$1000-$10K
F6KT96HnCxKuMtAMAHEax9qkCKoEXZJSMY5Mc9ES3wPU,9482.823357980451,1124319,$1000-$10K
Dc9k6Wj9BYnYTawYeFuLfXK9fYH1F6YKR9Vr2suQVSbS,9482.816104309977,1124320,$1000-$10K
3kY29zTzeW8zM7w3eTgoJqZBavoguVKj9gri2yXtFAvV,9482.757704978045,1124321,$1000-$10K
9cm34EQ2jJL1rTfhpknTv6DcxRAzsDoBAUq5GZmY7f5w,9482.686995332202,1124322,$1000-$10K
EMa1ViFdLDwGqyguQGtmaSJvDiaaQ5qn2qqXtzxLyZ9m,9482.686922852625,1124323,$1000-$10K
5JW33DoWyuRemGBaiB1z2AtDCMvWuV8xRNn4AJtRMr2z,9482.667965384455,1124324,$1000-$10K
H8w21HG3EudmRRHeDunmi8coH5nx3PYoBpWCKET6Xhzi,9482.663437926702,1124325,$1000-$10K
DpzQUbz5XZ18cGvEKLdHLynQxSz3zGTqwFYB5wY9SiWG,9482.650093901608,1124326,$1000-$10K
Df9MFkw3gSPyXzg2PNPXhwCraTuaLaWSYrYe3CnKnera,9482.623443736116,1124327,$1000-$10K
7pFbWZ2mgsVSDBY6QAsGJbTtAsKWYzraUTyR91dvvjHX,9482.58976718235,1124328,$1000-$10K
2xzUEntMNyfjjRQ5uRYnM5GcmL1r5Hz1cQdPG3GowELt,9482.582707282701,1124329,$1000-$10K
J9u8NCr795eHpAXCNCp4utGhrcrrGGUodRQfXvpGVvff,9482.556947881129,1124330,$1000-$10K
EjW8heBEuZhghA9f62bPZ43Hzf4ohxmKc2BWhv6sYdwy,9482.548332186387,1124331,$1000-$10K
F2x1RkpYAbRxSiNvWoJWbgGfsTyNFFCZnapzvBtQEiNe,9482.54052713805,1124332,$1000-$10K
9pJHhiPQgURhFbDUzy8UTG2HAhrsZyeX8BsF2qUtwT7H,9482.523160108765,1124333,$1000-$10K
2Bof1oP78NnoBXX8DzFHZFaeCZAb2p9vqzLvc6wfYeVj,9482.511123512695,1124334,$1000-$10K
78j8sWBBLf6EJrNyNUMNbUZtnTqovn5tbTMwRFENUWUY,9482.477419586025,1124335,$1000-$10K
3NYn5FNYGQfJqRX3cRa4xsHZv5kt4xQmtAjXAK5dwZNy,9482.463139900146,1124336,$1000-$10K
E1hHKugsCRX7aFqbegRqEAnvDyCBz8BZDtrKNYdyyhJ8,9482.462401633431,1124337,$1000-$10K
9h3GcKtnRqyNpdtqvN6aMBj6ZUwovKQnQwVUbk8wsRJr,9482.418753860558,1124338,$1000-$10K
3wVspgKUTmPADB1bPmSMxZZnWYpZxWJgcPvdaN4sA7VK,9482.41139742361,1124339,$1000-$10K
7iucCfroCzoSAU1sE9kWFeqQN4ALNVLZZbPPT2hoEvV2,9482.379134985866,1124340,$1000-$10K
GLwBfB7WWwSoMMRM3XgxQt9kgGhJ1PCHqWeS5XjL3yPB,9482.371871168918,1124341,$1000-$10K
FiC3dMESwftHfyRvDYgB2Yseez1YVyPYzaj6GKoFCVfJ,9482.37127216094,1124342,$1000-$10K
9CeptpwrgzBhoLCRS14bqb36FxaG493P4TY8sFgBqbAU,9482.350372057084,1124343,$1000-$10K
D3Gaz2J1ZXZCFyHeD3iXAoocDj9Yb58gQtWMUsk7zThT,9482.342330870004,1124344,$1000-$10K
49QxFfbr49XbKFmfYyaSA2CaLwAZaq7N7MGSp7HjNnnx,9482.321562099145,1124345,$1000-$10K
AE4tHEVqtaGJMw3dapuCfvoJkjuE6SEw1TskDxdpofzd,9482.266652376124,1124346,$1000-$10K
3g14voZNsVtJwGvyZz77B2Kmsmb34ELkCqbBhxFzusRY,9482.263554445699,1124347,$1000-$10K
5rGBUKCUw78zWdqtFkWfPk8wTFNFyk23dn6UMjG9a7ib,9482.242586960578,1124348,$1000-$10K
HfQgj2Yg4NgiETxF8Caf4kN4gEvwv5Ew43Px4gQzkSmw,9482.22542540001,1124349,$1000-$10K
9Gjc4PwqkRbZtBB3xkzjDiGAKAG4EFrP516T2ymWdN5n,9482.213536047278,1124350,$1000-$10K
2uip2SerJhYYANFeXcg2eFkvQAcA2MJVt59EBB1sbk2V,9482.207898498384,1124351,$1000-$10K
FZd5KdY1eUyyJ6u8LUvTEXjomBv8yRqWpKwHPZJufaYu,9482.183104646027,1124352,$1000-$10K
DmrnaLajsom77t9x9WJGawe9JviYdPG32qtdmCabcora,9482.18159842058,1124353,$1000-$10K
AG86JpdGRJB17fXRq9LMvDXSa8ftXASgAs5PxnBcP1Un,9482.179407377202,1124354,$1000-$10K
8aHj2N8LkN6gxAiDVpguV6cHYj65A7uxw98qKvQu3tKs,9482.170064561196,1124355,$1000-$10K
T29mgUrYKJYK32Yvmf3Ci3gxRes3tNQ4J4RU1nX8zmN,9482.161596246488,1124356,$1000-$10K
Ch1i6MsNvACkpBbRxVDEP5Xwu4DRgxmrkuujNKhGtutY,9482.159731794281,1124357,$1000-$10K
69jCJUfVAmA3X75LTg9ucryC8KUT7H1jBvCd8KXt1SJy,9482.14247074166,1124358,$1000-$10K
3jT6NRZCa5kQQi6eCj8mY7yiWD1rpBm378mdMqXdSyhV,9482.122880039571,1124359,$1000-$10K
71B9xaTEYGuqGHrX4Lhd5tS8YddY3Sft32dQArDtUeMQ,9482.065419611463,1124360,$1000-$10K
4ffqconfWXdf6rbZzC4vuFEDPpGBv3K5dUd1zKz963jj,9482.065161424127,1124361,$1000-$10K
FhnqE5u84dQmm5tiocqyejkqoevb5xcM8H3cVFNKqfF2,9482.063696932539,1124362,$1000-$10K
CN87E1widf5uQjvQsnteYmvPiujxXZuNhFFkGd463K1o,9482.0535,1124363,$1000-$10K
BdFkfov3bf3PWg13XCJP3B2pxGHy48RNGc8N94GDTooQ,9482.00775366116,1124364,$1000-$10K
2WBfVGr3mAigwPj9fhPCU37381qNNzdernhmfWfETG4g,9482.003032071112,1124365,$1000-$10K
29a6piAAM8LfyKeoBnGfm8pkgFgPH4DWbALUGRiQXGQm,9481.981287055622,1124366,$1000-$10K
7WWX35VNzNjgE2w2bmPZ9YFPZxRoasRk6AgKW33a1GrR,9481.979151683458,1124367,$1000-$10K
9CJV39CHNv1WiPgGWf5vGEhiud9Cjy8mwiNUD7fRxJz7,9481.968380328532,1124368,$1000-$10K
7raU555mkxM43e23D2SUn8sS21R9xi6bep6BT4tpDrN1,9481.921847129248,1124369,$1000-$10K
4XrBSZ6zWzuVkyWFCX2ydXLz9v9CYrHE2PPYYSesMxeH,9481.914,1124370,$1000-$10K
2EWXGsT44ArrT92Dne4RaCbAa2rPJgDKqVpggxmEzoUD,9481.909671662961,1124371,$1000-$10K
BgDbi36zLZJ2TgL2m1VCML6yf7TxZy8osGhGDu8tgkx,9481.897726944539,1124372,$1000-$10K
7MEmzGFVTEzPnhMYFDdQfhqEjCRhnxXZ2gDzEwEbtruq,9481.897059263933,1124373,$1000-$10K
BTvQ8EoPcf5QLFztdiQoUCqM5xwwVDv4DfXkpwRSHTP2,9481.858924784647,1124374,$1000-$10K
73qnReidqejLcvT43XDE3Nh1RUM2xWPFZRLPPxSdRYHh,9481.849509389449,1124375,$1000-$10K
7GgYhTcmRsQnFt5TZuz68Ch5hx4SeEgUu6XVcUaNGwPa,9481.838791646798,1124376,$1000-$10K
AvdYnT5HGdnqJn9MDi1kTEYNcKGQYSBQz9JMk88SNhEi,9481.82996523544,1124377,$1000-$10K
Cqd8iGUoG7RhXepz6YzNkipbqnzJ85dPUvXFMec59eyT,9481.79200806735,1124378,$1000-$10K
2vBrqfYn5Q2xzPGMWyUtgPrQDvW2vf5EtL2Mmb9Wc7NT,9481.771810549631,1124379,$1000-$10K
CqNWytFSv8bp3cwjW86SS6uuMKkQdzhJTpZS8kFUQVux,9481.755424070701,1124380,$1000-$10K
DGs8C9GMtqhTrqEfhobJQ82NmXC284KKYMuvbjn6DbZJ,9481.744707314,1124381,$1000-$10K
7PSXw8fm2Ux9wqRVaQGSCLtVVoUoMPPaXAj9pLwiyAqx,9481.716254836105,1124382,$1000-$10K
9ZuiZYsQdmu96XuwiRTBxQwMb3bYLSvgCf2FHE98dDp7,9481.710333837771,1124383,$1000-$10K
7SNVxo8XWxBiwqqx86MdCMgjRBLLhf4ydeS2zyN1FhFj,9481.699665845426,1124384,$1000-$10K
BKfkToHYhZ3fo7Z8GfK2bLMq6iujW2URc3x7NT2nYqEq,9481.69022477109,1124385,$1000-$10K
BsnJbzrbqDfsujWw98rrkgEM8dN8CzZUkAiqxUoacg5S,9481.68740508431,1124386,$1000-$10K
CkafCdWfrGVW8RKcwMcBAxogZTp4DqQGp7nFG6VksS1C,9481.669509916028,1124387,$1000-$10K
HWYwqnfMMEWHDRd38mwYxcn8b6kAj6VEbxyC5t7rhijK,9481.643169060224,1124388,$1000-$10K
68NAAfavpiKrmnQue2ztDEydExdnhLt1umA9cTSQPpAa,9481.590040592064,1124389,$1000-$10K
6joQGtCqVTuCWyescMARFDKLBaZRZ6zNTK3hcSDAqKFb,9481.585661081752,1124390,$1000-$10K
5vycrz9NQqW7DzMtqwpfJD6r2uQ519EBz1aktNYyqCLF,9481.553380469939,1124391,$1000-$10K
G7EeA2VCCx48Wf7WTRe98V4Ca9smrfMq8cmjMwE4AVyR,9481.541707231994,1124392,$1000-$10K
CDh6WJesBnjixkYLm1LyUgD7PKKE99F6BeiGiCNwji1M,9481.506475015774,1124393,$1000-$10K
9Sj5wtKE1foJXjeU5in9MoUUeeyGBnBTkjrwXhUusJ4x,9481.50638543903,1124394,$1000-$10K
9qnkhwJzdjbVGbfuJhUWBpGzzpejxQgRCw6amdfDk3KC,9481.505204735382,1124395,$1000-$10K
8zfbhY1iuVCM2koTbUiT737E5XHpFSat83htsDwv88et,9481.50175670058,1124396,$1000-$10K
GdJQBEzjwC1ThszSwaYdRtnN59RS9nD66jAFBfGGaBTP,9481.47684474467,1124397,$1000-$10K
9oou7WKbWSc8oXZ4PcFGwBuNZGPXWdXAs5zVhKPu6GBQ,9481.459840719273,1124398,$1000-$10K
HFiStsppUscJpWvHDxg2a6mD4RWDbwaj4KhyRPhvDwnH,9481.405337612754,1124399,$1000-$10K
7SwhYkV34YNrLp3c2gEkNQawHYATjuAr9zTMD19MwxE3,9481.384451707003,1124400,$1000-$10K
9DuqjAYYYxwtm38cE52v1XoA9mjtUAsitjNBrbSpHNwE,9481.360640419656,1124401,$1000-$10K
Fsi5xJMTagDjHevern1ZWyw5p7SwByyxSKPwGRjNm2n3,9481.354538021385,1124402,$1000-$10K
BbhAwdxJrgLtfXVsXJAwmnQHQXDwquuQfNVffRebtF7b,9481.354412174145,1124403,$1000-$10K
4gYvjd1Xh8xfU7pimebQfwDJunU9tvfPEsbR3rx8MSV8,9481.350343822956,1124404,$1000-$10K
EjRKmW8Ab89Mc4yLNcgfChwR8xJ9S337mCgiWURp6kgh,9481.347824578243,1124405,$1000-$10K
J8vCUmZnwWYbzrpK1V1U5taCMNCMZy5gQgL7JXaVfvrf,9481.342642834039,1124406,$1000-$10K
GgDGQ6ThnK4R9zEtKKqpjdUsxuaskRa1cHBxheEAazr3,9481.326369393437,1124407,$1000-$10K
DcEvUCG58SdFG1MGucesp9Yf7yprWHvQ7rEVe8ygNT1b,9481.26765900361,1124408,$1000-$10K
ALUBR55WD2HavgsZ7WYvKCBKB6cjEN4AURsAppxPiAvw,9481.264998008426,1124409,$1000-$10K
Af75vkwbKnsD8KMsJvpjNVTeygNJ61NYdfregXqNppRa,9481.25304658997,1124410,$1000-$10K
CxXVgDowenPpspFu4xFh7TNjaUam86VmTCCZJAFfdFn5,9481.232154448633,1124411,$1000-$10K
9fkQhC7datzBbLaYvFYk8g91vn3f8UUw7z4kjjk1xBHL,9481.221230056492,1124412,$1000-$10K
EVr7pnPaNrmiiaB1oXckJ6EaX7cJvZEYovGtDQy6jffa,9481.195735338366,1124413,$1000-$10K
3TKfGVAP4hGKUtKhempg6B1i64tyqmRWS48H65Ck2p9W,9481.17772070302,1124414,$1000-$10K
8utB1NWgkdE5fLzwgd6qr78EztscNMmfz7raD9hPPNCc,9481.161796205293,1124415,$1000-$10K
3d1AtBw5jNDjshKMiTqQdAPhnTtvVSTvbTkS4bFF14EU,9481.150882161868,1124416,$1000-$10K
J3avyZiiDUfu4B9vY9tmvGW9QVZP67YRYmBJTaSr72JJ,9481.140127422412,1124417,$1000-$10K
GhaLQ1YZYteTQruzZUxHbUxYLhuz9RxbELCMvgyTffSh,9481.139202592678,1124418,$1000-$10K
62Z2YHcgwk4cdzWg6eycyLTyyrbf7ycLp3kPuUCxAdsg,9481.137665824775,1124419,$1000-$10K
ANB56kpM7s8RNX5oY1J5Qrrjhkz1Baa9T8h4V4x12mMd,9481.126037673912,1124420,$1000-$10K
5KD1MDGbe92Azon4AwghhM4QsaeAHqzBqtoGPuFMHFd3,9481.10392417802,1124421,$1000-$10K
9e9z4ockEdgvH9t43mNJNK5a34C228CtF3dhuoXjLmRq,9481.08282466578,1124422,$1000-$10K
BzRG5Ga9TXSwjvCkZHP5TPetbJbPZnFiLWSBYjrcj5be,9481.070314058723,1124423,$1000-$10K
FzTAuNA21dToFakJLNSP3UH5o4ZrPBcMw83RQ4PSKpnh,9481.017340831495,1124424,$1000-$10K
7Wu6e7Pzs7FoV3HaJW6d9oN14WhjyToY5Gwzon7ukv3o,9481.017089704821,1124425,$1000-$10K
rG9tyqJhUVUMpGCEDBqS5bSGQ26rohM3Zv2gBjJ3nMo,9481.01646634698,1124426,$1000-$10K
2i2fBpzCKc1cLJoqiBktzgbNSLT977ng4LX9kdVAtS7Z,9480.996708836872,1124427,$1000-$10K
6W9h4RA3AVhZPc42ghJHBbH39YtacgHN1fokwdzJiVsV,9480.996187556142,1124428,$1000-$10K
EDMzE1bVLCPYGmxvEgtvWwvXQT8R6vkn4645TVeY4y6k,9480.989763307283,1124429,$1000-$10K
3fDdPuzPhkw4oXomCa7DyFcTpgdXZBcyqoKyZKSY912b,9480.91611614449,1124430,$1000-$10K
5wBe9S8iMCBL4fUYwBSXD9f3ywKeQmJhMxLdLgbgqnyc,9480.905842312155,1124431,$1000-$10K
2oz6MvMipgZiKkwBZizpjW6sf5cC91irHfATigxREpvC,9480.895758852303,1124432,$1000-$10K
73TPQrV14M7ndXUfthCrR9isssWizBGm4sxD9Hh5Swbe,9480.871269102932,1124433,$1000-$10K
8RtappJaSsFdyp5MZhDqKrMJxs6CDfhUE29hK7acUcoE,9480.858658888286,1124434,$1000-$10K
5LAbSpSVHx3BDPUpwzkvcwy8F9TbUsay3WdykhccmNQi,9480.841746422511,1124435,$1000-$10K
H7kyxwddWDjWksdQpp2ixgqKKv7DoEPY4LnBkQtAYWRZ,9480.833816677803,1124436,$1000-$10K
BB8zHwbkq66Ev5HVEfc94XMARnbxFhkKyvpL9i7x2nw6,9480.810963382199,1124437,$1000-$10K
CWRgA8x6eiJRFGp8SoPXYCGuEzEeZ9fn2MLfbNrKvW71,9480.79709930771,1124438,$1000-$10K
Bus9KVz1bz6oojT6DPrDXhf7vSnK2oPsNXAFPCX3bbxc,9480.727009866274,1124439,$1000-$10K
ALfB3hyWHTxbAP9i3riKdpefemm89oy9icrJfzMg9v8h,9480.72601219529,1124440,$1000-$10K
H9mYmqgz3kuUHbwPJv6aoAsF9a8pThhtkuFT8MaWz3Ks,9480.720369208104,1124441,$1000-$10K
GMACV5PvmnmanyUQrVjqYD7g8uJ312k3Jo2e3VT3Gvpf,9480.71057559898,1124442,$1000-$10K
AgN8SHDWbihw9xNSJ6yGQpAGAmWtrZwp5977XZnZBKQm,9480.677175249373,1124443,$1000-$10K
A8osWs2LbJUHv1J6xDWT8BxRczDamHb4ueFzfbgJRaAu,9480.667312591306,1124444,$1000-$10K
9r7eqn7bqhDjJuMcbqB4PkJZejcQWV9EuAB2R5YxjqZc,9480.650739176263,1124445,$1000-$10K
3V5sJ11yjbByHe1x6y1hC84zMQ9Lvyi9H6d6ZHaC6xMJ,9480.624123882211,1124446,$1000-$10K
HS6TVu5A82n7nT7KWMXsT4MF87agSsEkHrzuGhdhbkeZ,9480.605825933142,1124447,$1000-$10K
5HpWL24D6N3HG2MzKZSA1Cb1c1fH75aStsd3Erb2dHqB,9480.600919222408,1124448,$1000-$10K
6G22PY3tDwXoyTfJbWHBY8UX3HSY1LRzGr3ySTc7DsVp,9480.597988974549,1124449,$1000-$10K
CHNbGJXJsVAxie4GFcHyzeDfURnXitNtR88hr6JKKf7r,9480.597253658145,1124450,$1000-$10K
3WFqoJVCR6wJR9HwbAXwZZnfxzVPf7MmTWpYsoMZhLxz,9480.571151927259,1124451,$1000-$10K
f32ZrqNjMZdhi8oGKvEndSpWhwgMdhZvjnRYUstmhzp,9480.523574244866,1124452,$1000-$10K
DnqcqX2rdLK2dniuQYcTs53hAdeuo3Dag1fN5xenTpXp,9480.45751130684,1124453,$1000-$10K
DZ3MSEmM157QoswFjZQ4FEPFti4TQCSycZ1QnWuAAxSP,9480.452096223062,1124454,$1000-$10K
2ih2o8dBatLLcYHtaeUY1kWW24YrUKhQax2jLZLQqhEN,9480.43911455602,1124455,$1000-$10K
GNDRkQH71ZWJJpMtmzDGySgV2emUfEKUBnFgASaiPrcM,9480.402784276639,1124456,$1000-$10K
GUqDjLW7wKmhEuBguGCy8mkNzVPfSNn5dezKvi85hUG8,9480.380986180371,1124457,$1000-$10K
71dAeELX5RgjQrDrZSV73Nh3XQwYxwHrjHiiBo8ysbQn,9480.37186691194,1124458,$1000-$10K
AVHyW1ijwhLLYqNzUmVAZiHKCzUgnEFL85pBr2GCuUkL,9480.362658373504,1124459,$1000-$10K
3wyGVpQ6y1EEkqErrwxg8JT29izZVV6ESsxSPPE1tYbj,9480.341596985052,1124460,$1000-$10K
ABmkTzDj9nzauCxVHs2TzEbjDcbcA5AMfjuP5cXNfvZ7,9480.321767293814,1124461,$1000-$10K
N6qhmuKcCHc96DmpqD7TTEWJJqfDE5vpE2EbZ3neab9,9480.320416954333,1124462,$1000-$10K
9r9vKtoUxsUQqvPn6E9Zncim1yCCSmUrpCp8D23qij7j,9480.26542514495,1124463,$1000-$10K
4dR8Ejj9obWCvgqpLjPg2wEuYsxAyoz5htY3HcguN8gD,9480.24207988518,1124464,$1000-$10K
2tnWXLKmBciTjuRPenHVr4x7nNTzNr93hmTBvacJgcXb,9480.234581471543,1124465,$1000-$10K
BYjzw2sSzV58R9pN7aVTCMJYkxprEGjHzJqze2w6VUdf,9480.206386112619,1124466,$1000-$10K
14aGJmxBrF6vc8JtDsKqesDuhsesG6qukmjEBMRNiRc8,9480.16804595229,1124467,$1000-$10K
6ch8CwFRkEPrrpEsBNgTqNsVzL9cg4HUZCsuNBkEydp5,9480.166416122187,1124468,$1000-$10K
9hjCnNcZ4hkqa3aN7RXwHi3cktHS7HpwYXwQmhn4txwj,9480.165195394655,1124469,$1000-$10K
7c3kKPqPjcAkHZM5s221D21TxwimtV4ZLTSajg1GkC2L,9480.16260793718,1124470,$1000-$10K
6YJFiVqQHPVZvuRG7uH9Q1nPUWoffix7jg85YvUGfRqB,9480.153831549522,1124471,$1000-$10K
DCqPPKu5geGd1znaoDWqiAp4LBgwchLGhRMWkNfC4Y2z,9480.136087600622,1124472,$1000-$10K
DTXe9PRcbjXJWotEVThqDFCdELEBxgYrpo1YvijGYzcm,9480.134707256355,1124473,$1000-$10K
EF6tDm2ASzjegGKzKRskwWDAAkDzKauLBHEXYhq3Ky5w,9480.127876412002,1124474,$1000-$10K
BALmAGcmDpzz5u7fFQWmfEs78L7C4u2Ak1Vve7dEmuB9,9480.121778671259,1124475,$1000-$10K
7kHYaU5mtroeMSYYJe6YoyuwNg4tA3duxJ5DJBzETXA2,9480.118940320233,1124476,$1000-$10K
2QL8iceNXHDrkj8mmLBi9AbZwxScxwEXgbSG896CdkCK,9480.11335950977,1124477,$1000-$10K
H412XRNXnuwWesufzMwqWG3XQjk73LvaWhyvCqNrTYy9,9480.102776351005,1124478,$1000-$10K
AXqhgRWZSPfz4ErXNeXVfboLA73RdA5Er1QFm4tg3mp9,9480.057324493473,1124479,$1000-$10K
83EKZKDcaJK4gSQXnzmo6Cj827kxSSkUNZdmVtUt3nuT,9480.055931031324,1124480,$1000-$10K
6MFFyG8zuLhZxawa5fzmKTSQ4LCMbTV93rQMGom6w45A,9480.011905118548,1124481,$1000-$10K
5hZXymHYJU8qB6MwwfvTd942FkWYqZTmdoGN8n7EzJxc,9479.979504346287,1124482,$1000-$10K
9WajFrDmHDTExfwNvSLfFJ8Ed1Jtbs74fzn3oXgMq5Eh,9479.968674006841,1124483,$1000-$10K
2dcfCBdh3Ue48VQi6QTuTtvFGsviPDqrqBVGFacSvBLy,9479.963095077599,1124484,$1000-$10K
2XpffdPQtWc7LFPAfEsAYbPpjGT8vP4113YTFdsnAaxG,9479.88231704775,1124485,$1000-$10K
G6MU1ANGoTGAVjQTDXmcuLLnwkMatDhdEpUVXMWb5rgW,9479.85771902454,1124486,$1000-$10K
91zJvWWdz68MiPom937YTi7A72njw6TRbB7mEZfuGcn,9479.84927354631,1124487,$1000-$10K
2DrZpvLGpGRQo3Ee9QXUoMWsNKJAaPDVF4JdthjkkXw8,9479.843548680055,1124488,$1000-$10K
5sy4dxQPMRWRXwmN8EPPcSvcqki1dg567MCsuUTpigGo,9479.843071435,1124489,$1000-$10K
7kPduhREDXrLGSwEmLKVAFt4BBP1zUkKG7PpCbf3k1kh,9479.839152699222,1124490,$1000-$10K
54HF2vbGivm3VjjDiSwqQ4u6vm5snLkLWzCRSd8TjbHm,9479.813060578881,1124491,$1000-$10K
ByvSNU17YjSaPZyB769UJtYoS5UPomtV8bA1nz45SdAC,9479.8008696615,1124492,$1000-$10K
H8nFXxxK7dHaDNVLsZywS8bRbXX51Q16UktQBN7fTJJw,9479.78798944981,1124493,$1000-$10K
BcfD6mmAkU7gJn4S1h7xqSbqitKCirT14GTnBf2Ef8xs,9479.786609607158,1124494,$1000-$10K
4hVRaxjvksCkRp8P3AhDUGfWTMLETSVxsDsiCQxUgZHd,9479.78424820406,1124495,$1000-$10K
Avx4awfw3DYqTubAyLdipB64yrwFCQnQERwmYS21JNuf,9479.76583154477,1124496,$1000-$10K
8vBExfoV1auw1JycRSBDDqJq4dFHy1qy9vAcyDTgYmke,9479.758812641752,1124497,$1000-$10K
EavR5HQ7g5FoJCixsoYsMKoPAij1Vqz5mmNJNxHuyiWs,9479.742754295254,1124498,$1000-$10K
B57qNXRUvLb2aXz6ETwTutcYMEv4PdBBvcXuRDzo5RkE,9479.72965316328,1124499,$1000-$10K
FhRxpxj2H8nWATxFk1CJLGXwtz2y9ZdkraqphcuWo6wL,9479.72716554227,1124500,$1000-$10K
EHr1nj369UEoLnr9oC7ydB3toG4ycDtQbMrGwPHKiY8Q,9479.673524152186,1124501,$1000-$10K
BeySckVHft5FHVqPtjZWtNXWZySqS84g7pDrRh9DWQEv,9479.669500084634,1124502,$1000-$10K
BKKskhpuW2b1bdp4wp7eiCgN2myUWX8t2347YTXuDkHY,9479.666003641776,1124503,$1000-$10K
DMbKVMfb7iX7B3bqhhYdjSmLJgEVZSALfKwBCzC559WS,9479.656693988354,1124504,$1000-$10K
8eAfmE7WrkNaqpPGQaVtErtWpJAKnQYNyi7pyGbCK2ve,9479.62959648966,1124505,$1000-$10K
7znLYtm83X3Viqzh3ibdCiJMRYpu2bkVhUtCYUEMVatM,9479.626521897495,1124506,$1000-$10K
C9yYvm7o4zeyXvN7mx5Z5D2PVZ65c2NwZBrCioKdKuJR,9479.625410471126,1124507,$1000-$10K
DsxWFqHMg3fBkkmdToxtx4yStkwT1nMcvqoYWocprdKP,9479.62502702073,1124508,$1000-$10K
yELGJ83khSbMqwqnNdMskcEqq7V39gXFMCGarCYR7DY,9479.604920885708,1124509,$1000-$10K
AGGxZYEE7CM7t5pRXQX2Gq4HA3VA73TnDfcFGv2ccbjw,9479.585802805148,1124510,$1000-$10K
7V1yLMYYUQAik6qKM5dXcWSbLUJoEVCJM6aKscEnnC8P,9479.583762967302,1124511,$1000-$10K
6AmcoFZoX414JfKQkXcJ4BvPtbqz7ReQ9ahXrBWQq6ep,9479.576005296602,1124512,$1000-$10K
DiEToCAitQEsW8CtY6BAeT7rYEem6CAgJBDQ41bL7SDB,9479.564931660227,1124513,$1000-$10K
7yjAmt5G6BwGQqpGgFdQdopqAKewTGHc5WMYSxKGyoxW,9479.561840241116,1124514,$1000-$10K
3UTU5YnCojsKxGV6zXRReGAGNbQTdDCWRSXP2RrZbX9Z,9479.526394805493,1124515,$1000-$10K
4i3MKXhWiJoio1ubjRdSCxLNYsscnwewXDy7Q59Ct7cD,9479.44483623859,1124516,$1000-$10K
GLwtChKNh17zEtqQxNg2b22D5uD6WcrDp8eZAeE79qNX,9479.414167654733,1124517,$1000-$10K
HWpebHfPvRw5VrgMcHUpxrmTQWdJiirQSML6PTExV2rF,9479.403211626623,1124518,$1000-$10K
Cg8QfnWKZsNRVdekLh1rXSWqikbiMYQ4ZcaeXepa7WBk,9479.40122982284,1124519,$1000-$10K
JGP9G6raUUghuxirzheYXN7Drp5kRkkoLkxsJpWfcTp,9479.393995251825,1124520,$1000-$10K
8sPPP8EqQxrQu2XxdgCWmCgnM5doLT6hM9wY7xEYjW5w,9479.376641231273,1124521,$1000-$10K
9nUN8B4jFqeDaufrd7qfn789hehqyr6is5R7kiXbcCWd,9479.315934945722,1124522,$1000-$10K
FWNeUiKRZEBsma6NWMp3dFAc2KEu1F567BDXBCPPGyqz,9479.303033761444,1124523,$1000-$10K
AMWaDsJ3icqk8CRffuZakZUYeNaN4oThNXtQTqrue6cn,9479.298984481402,1124524,$1000-$10K
CSQTqaB6XDtZs2uPweq5wTtBBxJWyMurNWjdNUbqA81E,9479.28164701602,1124525,$1000-$10K
F3x6L7HWTfS26CmMpdYxPajpuT7C9v26zxj9TJ9E63o8,9479.277183092408,1124526,$1000-$10K
AqrFxncDoFa34eoJqdMr6uATMya6qzRN9GCBZJSSKiMh,9479.231582512999,1124527,$1000-$10K
4C2EHc91jwtHppgjYchHqyet9JCfcwBGkSEUwB31Gr6i,9479.209210949555,1124528,$1000-$10K
ANuZLTvszinuEmqJL2PFRr1gfdamKmHAvso2yXsMiBRe,9479.184368393911,1124529,$1000-$10K
4wPaYpdVeU1ZZvVjqUpSiYZ999w85vmaqZAKUHarY161,9479.182297308753,1124530,$1000-$10K
F7gkG3Np87Z24m35hZqZdSWHqxmTCA3MZ4dLhudV9GJJ,9479.1654098114,1124531,$1000-$10K
9JV9Y72PVRFXuMHqzsSWgjBsSfHc1ix75NaKFCxvRyQj,9479.153778410235,1124532,$1000-$10K
E6rdpcyUhzu6AN18Sez7oFPq8q2CxpTxY3knqnuFTUZj,9479.14529703587,1124533,$1000-$10K
DZ7pn5PuyNy4Gf3eJJsWQsWa6R1SYLfmaZW1EHVFATpA,9479.128079942962,1124534,$1000-$10K
A6yhTKiC4cAB3C4vkm5GNxiAWwESUTttUE2KD5aXNKeK,9479.118573270185,1124535,$1000-$10K
5YU2pe1oxVqTy1UmzUWqB9G5t8PFikm4Du1UdvVkyehx,9479.103430378274,1124536,$1000-$10K
5r28zfMzdJuegeULS99kHnEH8s1zj4rQ1TtkbRrP9BBy,9479.100006055853,1124537,$1000-$10K
jMfTQRaDBEvFBxDga4wnXuvmTvpbveVNYAW1nt9gE7Z,9479.08816855161,1124538,$1000-$10K
B7s6Vu1h99RCUadocjhRyGtxZbfoxBSgkPe6EbhQAhRs,9479.084213662702,1124539,$1000-$10K
54PtNLYnpsA3EaixABksKuyEDsrCsXgFFqNUFu4dGrxs,9479.07106998849,1124540,$1000-$10K
25Mw3VQtuk2Roimtp83aNDJj8zTA2thPDpwq3n4Xzqpy,9479.070323633186,1124541,$1000-$10K
3H2aDhrrqXC1NE6oVoxSfkKUU8fE9sLbNLZznB9t1jKm,9479.02495932005,1124542,$1000-$10K
1xn2dxQ5DFgZo3cj1bAegWuE6YDJXoge4dju7XLkzjR,9479.023983067447,1124543,$1000-$10K
2fDPrrwiVgJ8BcDuaVhsTpufuAwrATgHe7Sif4nic7XK,9479.002010314007,1124544,$1000-$10K
6vQu6c8dFJRhrYYLQfhEzDXbi2efURHvgyGT1hix6Rvs,9478.997832705685,1124545,$1000-$10K
BzaicVzhJjcRJ3PnSXqpTr6sBhsBrZgzGwBHpcGRAVpp,9478.96242512481,1124546,$1000-$10K
7zu5Q4oEjpff92Gynn35rabUPPVuyz77qkZLkvQDJZeM,9478.959200896858,1124547,$1000-$10K
DTvN3v8offt7RJUkUZFRJMk8PzABQ4BSrMSPQCWwZjqe,9478.956952283997,1124548,$1000-$10K
5AnTCZwqBsx5yHEU51XwLCZrs47PKjcXeEFCoqrZBC5V,9478.94452301746,1124549,$1000-$10K
6MEMAHeXMts881xoppthACi85DfCBxhTBee8J4efmvgT,9478.920955918364,1124550,$1000-$10K
EFrGdFTjPwxQrcjvsS8nwfF6t2QxPvzoUy61ZdvStFXr,9478.917410357792,1124551,$1000-$10K
Fa83iByg9BWxKym31RimtGEgXACbTWYAY7kgdprvvdbo,9478.915431806126,1124552,$1000-$10K
Bp9tzFLGn4iu4TjqYhbV1iW8g1r9egidNQJhqmZkHkJi,9478.912064457048,1124553,$1000-$10K
71DWfwoJcHDMaxnyo34uGke26vNBruaRkyt6QpE6STdW,9478.909966170868,1124554,$1000-$10K
Dmzx5QwzQLkusKXVPiEi7YcmbPg41EtqANBPRzLfudkc,9478.87345816987,1124555,$1000-$10K
53D6JmAmyekmvkm9p4RaopsnMHKb7uh3t713dvUppMsZ,9478.871121089489,1124556,$1000-$10K
J4kp1bcJoY2RdZb7GD2oVDc3U3Ukgb93emcvSVU8AnLV,9478.86528578292,1124557,$1000-$10K
ChSjaxTSXLm6yKp29SGLn4m2Yh6AZL2rCrD7thpPLpom,9478.834516150495,1124558,$1000-$10K
5nAeWJqd2s5KeA8Kujc9h68DMQyiwkGVw9idRqqVSmJi,9478.834031206468,1124559,$1000-$10K
8E8iFjdYDmbPhWQ1ZZp2mpKdD1akLoxigA3PfD1jwEGs,9478.833510736118,1124560,$1000-$10K
ETnD95dknYxgGp4n3WHJbU7i5cXQqvHyJu2B3zKb8VXV,9478.824779303457,1124561,$1000-$10K
AvE7UhnM4vDGuvzuh4dyauYwqRs9dyETZacFcEnbFuT4,9478.824292525322,1124562,$1000-$10K
5DxKYYpHH2nfXVEe8k6rHC5TkZMyybfD2E3JyLDjCdjR,9478.82109986516,1124563,$1000-$10K
5qeUd3hWneNzvz5tQcMT5vahScZtXA4zSEbWs7oTpNm5,9478.80393349571,1124564,$1000-$10K
BLezRJNVP2kX2nxTF47R1BLhEjDT8DpUi8L2eKokFqY3,9478.802201816492,1124565,$1000-$10K
2eQ4AbLNBZTNM5pfAZ8Ddshk9W4yeUFtTdiaUVjS5i9F,9478.791164369664,1124566,$1000-$10K
D6tV9QFnrvayoPBwUBZXV87FndPkm5J6Px9sCuQafire,9478.774226207308,1124567,$1000-$10K
Gek9HYJMh6kECeWyTJjpCRDHmt6sn4zcttAgmjCv3XfU,9478.76915460586,1124568,$1000-$10K
2XL3MmZQGn2zC8DrGuX4VjyyFui4XqaPN2WuakadwLjM,9478.69522125109,1124569,$1000-$10K
7mewRa9tRmYPrNW2C3TXaxUqGNorHTokcTBbc56kHQXQ,9478.687579506217,1124570,$1000-$10K
4RCRvcVuc5iToN4A5YTUxDmLXGH5MHVXfkcsjUhGzAst,9478.680736253735,1124571,$1000-$10K
139MwAH56Q7tWafkwmtTZv1tdG2XCt29CYmtrJsbUw2D,9478.60910124395,1124572,$1000-$10K
FV7Tvf9X7RrNzMWkntgDU7EHRefVCkugbkLbfmZiTa9z,9478.606006090982,1124573,$1000-$10K
HdLAF5rY181kkyP8dVzPrFo217m4BpJsxMafDunXvSdn,9478.59087147471,1124574,$1000-$10K
Fba5jGipgPQ1JyAAEZevknQnfkDQ4C2n2fwPj3Ys9TSg,9478.58820455548,1124575,$1000-$10K
3mrn6ftTq5ca4WTGMz6L87NGvm6PPPrxzQ7tT3nnuT3V,9478.566766994283,1124576,$1000-$10K
88ryr8VCyM3izy9kjfEgQ61v1rDF4zRDv1ycr1xHefF2,9478.56038276819,1124577,$1000-$10K
CSQJLprYhTCSu7musna3YNcwodrPtfjjZUr8sMMbxFSN,9478.557782663102,1124578,$1000-$10K
6q29RoaiUnDF2epbTPcqYGJBw3qjPFPtS1e1JuDW6ema,9478.545460652978,1124579,$1000-$10K
8eX1Yxa6ry41nUmdfe1TD6T29yoLoKh7DJF8Se5sH3V,9478.540758922985,1124580,$1000-$10K
EiNeew8mLH7x5CR4HFNhMRRuynyDbNfm7zzahpR6G8K2,9478.520272556674,1124581,$1000-$10K
FFyxXHTZaitmvTrLgqCtJuZXLCMAaLZfd8xcaRoX9TE2,9478.5172877041,1124582,$1000-$10K
3b6EXq1ETd8wjCLpwwkRYqbD3U4nBr4CVRiNHBpPp5CT,9478.504062807518,1124583,$1000-$10K
6sKWGxFqyESw41G6afnxXCMP1GruEVJoqiR8PWfuPsfL,9478.458679208125,1124584,$1000-$10K
FKDQfLw5Z75ZQxp7EkJWHku9Ndb2hABWcRd1TtXRhg6j,9478.446805573376,1124585,$1000-$10K
14fKaXgctVjQVLianjYjrkqhHn5GJ4n2ouiZMoDCGLc6,9478.427988386518,1124586,$1000-$10K
3k3aHdwoesCeyC5scUsFovEpfp1qH7P5VAv4Jd1sDNUU,9478.406904414769,1124587,$1000-$10K
2kZNdTM6ok6Aa7bCG3wzHfXgkNrKDbVTaGXnMg66rgKE,9478.401684452172,1124588,$1000-$10K
CdCJgtRVyAhAC2gfVYjv4VMSpksZrei8Wkmk4jheeUvB,9478.397626637863,1124589,$1000-$10K
gTYP62NTVfRD9ejFpoHV19v37hPf3ooAjVqx6axVsED,9478.366320991472,1124590,$1000-$10K
EBJp5NYPqsB8sJCKiYn8oY4va5fhJysS2X2gnoCUa6h1,9478.313118065273,1124591,$1000-$10K
CBZya1nYMNMEdJbRPEMgD47inqBvhhmAqcueCkHtY474,9478.271724494258,1124592,$1000-$10K
F52q12xgdvvBoycnrsgyWov5AotM7e8GR15kA2tMi4DR,9478.25804719391,1124593,$1000-$10K
3YHSv5iWusAinNQQoeePeSVKTSBiK4rgKLg4r7tC1FmY,9478.193634906984,1124594,$1000-$10K
BCJRa356GKPaKBkjrFZwHqABSMqHQ7trV8EK78mKA1qK,9478.192871001958,1124595,$1000-$10K
41gwZnqmoHM9Vb6okFtaRxugNnCoejTUEqefZsC6Za7W,9478.173855418652,1124596,$1000-$10K
DBFjJeUa5nqqttU6JT2Z2Rpxyj1giMJdXX7RbaCn2YYm,9478.171462493003,1124597,$1000-$10K
CgffswWEt7xYvyy322zsknctd7KGtGirWbkZgiEtDpHS,9478.159926662793,1124598,$1000-$10K
6bXowsZQcookZ9AMHLVaf6zsqnrA2UN6GSTPQMVEVLo5,9478.155059683088,1124599,$1000-$10K
Fnq1mETj12zr3Cpm7gAHWfnymXs1GcaKcLCfAzYkUNzv,9478.122433958582,1124600,$1000-$10K
4svFMpNyjrtkCKT1U851MhYX5RH8oauU4w8sPH3BqRva,9478.094633762847,1124601,$1000-$10K
FdpiKqj4953AHccowSg81TrXWKChb4osZt4metwHHqhG,9478.045816821364,1124602,$1000-$10K
5NmJ55w61LgKrj2PsgVZJR4MuRS8aBkpqQjBuMPXE1YW,9478.01838545948,1124603,$1000-$10K
AcK6LQs9BARCWNkYFgSYujLY63NVWvH9PtCX4B3qZyYb,9477.996638112949,1124604,$1000-$10K
7x52TwPhk3kq6neXBPEerhJZJJFgiVExsJ9pXgMAkV6R,9477.988901095308,1124605,$1000-$10K
6pVJmLUbXJttLwQL9xsp1HLLdvXbTYD9zoPFKL7oeSun,9477.967956023082,1124606,$1000-$10K
4GonAAgBbQU5CNXLWHHiGNbfuvBNhmwYd1MZUDGRxFZk,9477.950721243451,1124607,$1000-$10K
Cq94ZdcAEEPCdugJdkoL3LuYfp7iTppZue7DjcySj5LQ,9477.95065873982,1124608,$1000-$10K
BJYPKUA4nfwruXJaR6Wb9QqUNAYDb5PH6XQiUwkxzFky,9477.946050074237,1124609,$1000-$10K
2HqRmWfXkuSuZ9rGan1B8BRdCWnVJzPiAcsATYhKJk5R,9477.922055723931,1124610,$1000-$10K
FcVH1NVnV5oeAvqvgTKGgxxUisBjiAiww4r5EGvhg1Ty,9477.919938694735,1124611,$1000-$10K
2MKQjVtercGYEruHCbH3g8GYK4Lfz235omNk7bi1uC89,9477.912198147718,1124612,$1000-$10K
FYnvBG3gXwpyxji4L7iCerfAsDYqmMiTeH4vkthX5E97,9477.89856099501,1124613,$1000-$10K
8JfVgbpHkBVHAqaUoBgE95Jt4CCfbmnKZTjfQAFm8V84,9477.883019649533,1124614,$1000-$10K
5uBwKeuoCGVWHaxHbm5zmqrnuZq1ykMAiPCAuDWZPkWi,9477.876278634405,1124615,$1000-$10K
2NiDkfn8qZBCkpiCZTu5eVWafppDdoAXVvXNUr2s9LhG,9477.874143820321,1124616,$1000-$10K
8cYyM1EsURwLvjcTBvxnR8xe291oo1AKK3eekfPrHzRr,9477.870575755498,1124617,$1000-$10K
5piyEV5y75KD1oQfqsuDcVxd3X8dgPEYJMSfzPjYfSfP,9477.855315911,1124618,$1000-$10K
wp3GJJ59fDMr9hEeuDXKK5d752wC9oFyCvszRmn539q,9477.846456582698,1124619,$1000-$10K
ArQoXChs2pDFwCorU4mPqHqFQQNXrwFqcnqbd5QBjSQf,9477.837360502022,1124620,$1000-$10K
3bLX9M9icScv7ami96GCp6gBQRmmGRMx6kKj6MjMMsMJ,9477.835560396008,1124621,$1000-$10K
9Lj7fXxDoA7s6qEojQNzNxh25xEJiHyZT1ikfJUBM8Kw,9477.830811951599,1124622,$1000-$10K
6Uo95vpGY6ALD6UJ1xAk2sN8eSmwMfk76SmmXMXUYBsj,9477.822821950553,1124623,$1000-$10K
a3GEoMMZsCzjfCDZHrosfD9EeymBxDcYg6gEiFqWdhm,9477.78501320911,1124624,$1000-$10K
GWpvVqxnuY5oaCoPEixUHxHjseNASJQ7FSMNXXyLU9wk,9477.784483742756,1124625,$1000-$10K
Cwg7zzAJEECzuMNa6M24qPJvonmVRgN4TmezjhaekkZt,9477.779395080406,1124626,$1000-$10K
GBMmM85rybYJJrHevPGdED8Ahrm9ePdG5e9N32LPE4pW,9477.726345808656,1124627,$1000-$10K
5BQ1QiyQWjRvK57LWAPbNEYQ83naquitrE8oaDA5PU92,9477.72237053162,1124628,$1000-$10K
AYy431byKbhv2GQwkLoM9gHFguWBbVgfcFFvzcHXu1W5,9477.702918289277,1124629,$1000-$10K
DdoAfSbqb38TyWJAZck8P7CtUKF4hVmm3LoQDgwSknZV,9477.695040949746,1124630,$1000-$10K
FX2CTVPRAWL3XMzsa4nepHPWq38mSk6txqw8fn5K3Sjc,9477.68062450278,1124631,$1000-$10K
87VwTjoiDNXS6YMy2y1nsJJAxBF2CouiKwZRzNuxSUtp,9477.653,1124632,$1000-$10K
3PxikyuvUNQ7pzRCn51iTnEkWEd28yh1rsH258SJnCjz,9477.643488178348,1124633,$1000-$10K
E4S4RpkKZ5JVvzTHckpTfGyKmx6GiLR5ACqsBigdxNV5,9477.626600308822,1124634,$1000-$10K
Ho2STCkDnBUqtNFfXLBpEsG9EzSSoJ6xKnhUS7wf42ED,9477.623954924758,1124635,$1000-$10K
AAq87k8akEsoDxwuFJcdvx7d6tNymdtbw3Gr68jftuvB,9477.60497371147,1124636,$1000-$10K
JCoCW88uZKRUKcCtbpqgLGtrgKNnExZfjYpYGD8ZKBLA,9477.585695605918,1124637,$1000-$10K
7oisTuVcvHMhto36mc7eExZ537z726GKNj3qCFhLgCL8,9477.567449310922,1124638,$1000-$10K
AFX3uM8eXkf3xzYtr6Ttmk89QSRRQoWAiTrubeD5cV51,9477.481019981371,1124639,$1000-$10K
DFECw1Zz1csSCLpJdWr14naW9azBRfP38r4eo7ZDB4PX,9477.471332880144,1124640,$1000-$10K
rmBE5ZLZQtnMhKqcG2WSn5WMUaMKqDnJwCzYfsg26Hn,9477.45324993706,1124641,$1000-$10K
oBFQDL7pRFKAQpY5toxVajye3QetdK6W8nqP6xsqCKF,9477.437529527499,1124642,$1000-$10K
4ebiaosvh7mqXA2CA7e4NcWqsx9HAeJrrwv2peLSn2cp,9477.41792877438,1124643,$1000-$10K
H4PKxWibrFrKhcVnged6p6uA8z3X3QiScsUL14TXxRw7,9477.391149835932,1124644,$1000-$10K
28DRUidEUguGPiA4xNPKPtpCr2NUPGgp6u42bYo4qTCn,9477.37910562347,1124645,$1000-$10K
4DMgB1omwWhwqkcSkCn8gNbHBQ2RUkfUx2nMvuva8EYH,9477.344310918315,1124646,$1000-$10K
7ZUqBBFT6J2NsSEBffjw4Djs6mgNeSfKvCYJY2sXvtsa,9477.334643177812,1124647,$1000-$10K
5kVvjxvwL2x6cnT7FF6znFKagk95UpBFprcTu82TRxg,9477.327303725764,1124648,$1000-$10K
9n5gJxy7vhyTTRj5E9Knw7Wvk84ego9aeB3Qbs546y9p,9477.32729059045,1124649,$1000-$10K
9GFFtsAhPoTzJN1Ce7SGewM83mtDF6CVYJyBWfJ3k6Wz,9477.291356988499,1124650,$1000-$10K
2pEAtXrgq6vnkLPNPJGbP8pEkC1MN2S7HygHkgmrUXDq,9477.264371436584,1124651,$1000-$10K
92ARCMSS7N8ij9ihQskSiBtgc9uevMjUWZRBWA5nRfXC,9477.26160791775,1124652,$1000-$10K
4ZMvFNToghRhC2dTJwyLw9iDy6evRaAykQUCc17AsdHR,9477.20098915083,1124653,$1000-$10K
AzwDuZftivZaEjXMyn3jowz13aiJYRdi6ZXJb6nD2rs8,9477.19745010948,1124654,$1000-$10K
HFTYz6ZRkTod1ZwD8rSQnMoFDvYaXdcZ25K2eKBzFPAJ,9477.157941640009,1124655,$1000-$10K
3yVtjE24zg8xR4p9wZp1nQqJzRvW96azvrNQe3qGLYqF,9477.118589090423,1124656,$1000-$10K
6sY6eNf4KqwaLjGEN3C2iiqhbUqF2MytmwBvstzqoTf5,9477.07423588858,1124657,$1000-$10K
FLNVkoKtjktgXtna6i9mt4aH4MYd75CtzdTmpXc5WCKd,9477.056015188109,1124658,$1000-$10K
Adqd5DKP2Maj1PrUWvBUZBpPozoXSJQRQYv2M8XhxvpF,9477.043717679204,1124659,$1000-$10K
HATyRZZ1GM63msP7AoKYpEiodL2qh5VMrGcVxDkt7fm4,9477.033933881205,1124660,$1000-$10K
FS4BsNwBXyBfqYNJJqVFvAMPBzpeZiFs7CCjwEzf4Mza,9477.028299942649,1124661,$1000-$10K
CgAo6aTddEBRJUw44JgGsGKAutPsRC4AWatqXqKBSTD6,9477.02329093191,1124662,$1000-$10K
H2FBjdH7s6eh54ZQjRGgVCBUphMBSkKEorzrP62gQEXu,9477.01797538538,1124663,$1000-$10K
8vTAchqMyGcB3wr7tvVHGjFNENB2eDSGF8rH4NjUoCa4,9477.014144691944,1124664,$1000-$10K
2qaWJBxCkQxKVXnv5fB9W9VRxTefUndfcTmJrjCFZfg6,9477.012373826474,1124665,$1000-$10K
9W7TZLKvMJovQfyVgiV2E8cgfYXDzC1JLphgBzKcJsez,9477.008161141985,1124666,$1000-$10K
EZrp7w1bSME1ERRajHWzGiV6QTEds6LPhvdMeZ8hhTXX,9476.981539371593,1124667,$1000-$10K
2oET7mKgyAtfGntKiyEHvAVob55X7otPHcpttkBSqbTH,9476.950961406328,1124668,$1000-$10K
8WmcHV1kVxSfqLh6WnQVVFrAFBSDQZZtNpKK3EJphdWj,9476.94532873813,1124669,$1000-$10K
9oFAzTzLi6HqVVoKqu7qMzf5X226eZNUJsEVgjq42fzj,9476.930509641315,1124670,$1000-$10K
G8sXcBrRkuuBVEG15rFd6qvp82E3wsGYkXtEz8Zy9g74,9476.911549901606,1124671,$1000-$10K
CfYz779nwFm6ZeX1HgcGyHpGx9HodvDtvFR7zyoea2hp,9476.900269990567,1124672,$1000-$10K
7qzf4fCFW3WEpV52DuWLXjJPdXZCfjdSxEEUcy5DW1nE,9476.894911927271,1124673,$1000-$10K
7F2ioXR7tC5YEo5a1XCLW8QLRr2cjeRMtZLdcAg4XXcS,9476.860876960003,1124674,$1000-$10K
BiTR2nWsrAVBNi1EU59WY66yhADtFBkkkNv7GVTaNYCe,9476.831365505801,1124675,$1000-$10K
EJtqYBrWZmtqPHaRJgrkLPSBCjeYGYaHeBex7yHdR9dU,9476.815883551286,1124676,$1000-$10K
AscLz7FXBkfjsj1XEtt931Wh6xRzrz2GtmTP8wzKAuA8,9476.81508183807,1124677,$1000-$10K
iiaEd2DjzbA6BRrJuQXFBJsmD4qVJdVi2Pnwm3uiq83,9476.81192844565,1124678,$1000-$10K
AwmkCmYxJSpvRp8LPZtfNkXs5rpPKfz4HWVf8PGB9Hw,9476.758644351696,1124679,$1000-$10K
32skpTxChg7VnkJ6abqWyZj8gEhyQXiNC6JqhzWWbLFe,9476.732204278787,1124680,$1000-$10K
G7hTh64QjW8uKrPP24Eo2UfWfmtWzBDEr3jZ6Ma1q1e8,9476.696737701119,1124681,$1000-$10K
6xokSbjhNSUUjADHB1EM4PXKSC4iAyyoLHvu8jqmdHko,9476.678515533067,1124682,$1000-$10K
J4D7hwz2KphLEondNFSiNxtEswDQ8Hb9wjtDXBAHZfLL,9476.67729822152,1124683,$1000-$10K
5x8pr6LdZnVbfm5D6TE7Q3dG9RboBCGWAnTWuY1qC4tb,9476.652643164452,1124684,$1000-$10K
Dn12Kbe93Z69tJRT9dNbJsY9cJ7R4wAQZmfmAq5EMExz,9476.637386609049,1124685,$1000-$10K
JDLgY2gLGyXy7dBJoyCQMuhrfygNmJELUf47nACGjAU1,9476.613769266603,1124686,$1000-$10K
H18PmjGHu94un7jfDizzYbBcZhzH7ktVsZHxujzgYPsE,9476.613006164509,1124687,$1000-$10K
8WBsmtRQGCMjV7LpTAYTQnwXzSMSuhswnmRSj6f3kbKj,9476.582632330943,1124688,$1000-$10K
8iS8623PHZebVnW2EnawNie2ucypq5UAPkXTC19c94uk,9476.560578063638,1124689,$1000-$10K
Hwr3jHrr94eFo21HuRHejH8264NtYD3RRgkRzfBs45Ef,9476.560366754098,1124690,$1000-$10K
3fXQDCDiHavJCvg1UhfJa2KFT22Ruyue3qnvh5NtUm8X,9476.55579347317,1124691,$1000-$10K
FiksddF6ZPqRD4XSxvEaN8hFzqYFqm8FhMr3C4Znks5u,9476.524204588564,1124692,$1000-$10K
Zm784FwkVpEtCbr5pz8Sz5JySLcHGTm9XxePgY5sRFo,9476.510538254503,1124693,$1000-$10K
5fEGPGu9xDNWkbv5VTTuJG9sZcEZXtWwPusBLTmLZY7N,9476.502478711162,1124694,$1000-$10K
DQJyLnGmALEGvyzJGz3NiyXUpXTmd5xh66hPtLnaiYyH,9476.498519101751,1124695,$1000-$10K
ENC8MnVY82oHdes6oWyykEW5nis86RCvWqYQtNw28Gc4,9476.497185571403,1124696,$1000-$10K
2WiVh1AJz8wd5kLUEJYD3j3zbsnN3XQrkwPRsU4fZAvN,9476.496544777476,1124697,$1000-$10K
CpYezuy8ULwxLBhm3Y1A3u7JfBVEApSoKk1kF36Jxz4a,9476.468328818852,1124698,$1000-$10K
3AyVD9gDJnM6qbQ9SkkCD3bAQadedxSUCN7QNMTxWkis,9476.404568708418,1124699,$1000-$10K
G6eaL5j1nEcMwo531HfWtTqrrTQwdEnizXB7YPAVvShh,9476.403758670307,1124700,$1000-$10K
26mwJVy4yfZohiiTgurhX45RndEn21ayc735p4y1j4Nn,9476.389526263907,1124701,$1000-$10K
4c12g4Xra42oF5dFqGDhRNY7fh7UjNBDnh7QXv8yKmCK,9476.383473036525,1124702,$1000-$10K
HZhZ8Y4frwN1m1CQvJuhnWb5AarjthiJzhciz41AD33n,9476.355079030114,1124703,$1000-$10K
2wBdw83PSqKrXFq3T68rCGpwfS1fZxorJxmYZ3HDgvRq,9476.315487774598,1124704,$1000-$10K
AppzM9jnFVJDFrQPBYB26rYteFiYFXPTmGo8yrhAexzA,9476.29785329409,1124705,$1000-$10K
kgA9CT9uStkDv3vywYDfBkeDEVFzdj28dGRo3pyUdYr,9476.283284778416,1124706,$1000-$10K
4YaxHR31phF1yxnHzrRvSTxBvfCYMH4vfB93N3SMJq2n,9476.232386304835,1124707,$1000-$10K
CpRmZypkXrd2bsv2Cn4HcFyG3mZVTMhRp4kC3eeFKfsJ,9476.217553425959,1124708,$1000-$10K
ABCUWkpGqFwjVLrpXjja5e1asckWQc9fuUzcrCjUHpS7,9476.21179389601,1124709,$1000-$10K
2fxpsxbqj7BGnNykTzCaTijyzzRLb5JXzTcPt6CaqnxT,9476.211752337489,1124710,$1000-$10K
5EYmBAg81MEX6SuDcLi7zJYt31nyhfZfRj1ivhpQZvBv,9476.182818551037,1124711,$1000-$10K
4h3wVyh3hkEXXWzmKJgn8J9UAfQCmwGn1BaZPafCK4Y3,9476.142671171421,1124712,$1000-$10K
JEFxZMfMvG8DP1FLv9H2z4ZUg784TBZiht1uvdPKgidA,9476.133786328597,1124713,$1000-$10K
EipxLt7K8fEwa1iVsohAMbD15jCKkfoXPGnWszEkKVY5,9476.12,1124714,$1000-$10K
6noT5DtTmL5hjzo85TA5anNNEfmJYTSxeqw3WbcRbeJG,9476.110454082554,1124715,$1000-$10K
3Wxa4Q1mgzoNeZAbuL7cy262sJMLgmbaP58GCUKFXYkz,9476.089938132716,1124716,$1000-$10K
Bm1ZobnVtj48yjeBVvyurKrd2R9Db9joshLLChD2p7k1,9476.063794938253,1124717,$1000-$10K
2Gq3ZyJ9H5d7a6UW1JGoB7BTsgxXNvXRHEYT24r848HV,9476.062692556501,1124718,$1000-$10K
JBsb6wmyvjR9RnRprvc2PPFJg3ZuWZyDNhHgm4iXHgst,9476.056601397133,1124719,$1000-$10K
6daXWCp1v9LGqRo26kafyQjpAs2z2dbYaUz7hjoe4deU,9476.044404662527,1124720,$1000-$10K
8eJcuFDrmwhZnWukBx9H6MQ4b55MkmRKS6F1Sev4otza,9476.019899510935,1124721,$1000-$10K
CJtQU8rgqoMcNqbwh5ZoZHnk3oo1sLGuDX73PAhdoLb2,9476.0148109495,1124722,$1000-$10K
H4qzxPwbc1uME5MQBjn2TyW8Ey3BQTTUJNSpkvtKntr1,9475.99820851794,1124723,$1000-$10K
4hk5EDqYvJtzV2xZ9Jv4B3xu5XFZqZtUakEMTLWRhcpR,9475.99588356169,1124724,$1000-$10K
E1nXfAwaCWpzF1hYPJNgeGsNTFQKba1FSawRBN9Fkzbp,9475.988908026811,1124725,$1000-$10K
3xLihC2rzdy5Dayhi2o57EpNZhJrdcPsNL79jMWTGrxa,9475.986177415309,1124726,$1000-$10K
CDyjX8BMoB78BGXjMMph5661RkiGy7zt7PCEB9k1vmZ1,9475.934143049726,1124727,$1000-$10K
DWThsDnbvi8X6H8LjQvj5V9Tnk7yWZFgEKdt3QxBbzo5,9475.91108909074,1124728,$1000-$10K
qhUyn1D9fnNiW1xdWboVFQpKc1Lid4nk7xX6V1yFmZA,9475.894758603212,1124729,$1000-$10K
QjSFnihABvGqGXcUouL7g3SUPPWXugHvTAPZnanMarU,9475.891134047612,1124730,$1000-$10K
3rNEyXTZ7y6YLZDKLu1W9V9ogn3GG7XsMfSRXXcSoPfg,9475.866601332838,1124731,$1000-$10K
FCCBWAxcWHj1ebWCGzDfbLX1c2LcCM6i2EZgk62ZmAiT,9475.855485440155,1124732,$1000-$10K
2GB1XjRQNQKhBs3pYGt2jkftEniJbwnxs3R7Vrk7uM6B,9475.852911995371,1124733,$1000-$10K
8gstTpdkffhu5q98igzDaAdnR9SJBoritWvwGuGxHTbX,9475.84958069275,1124734,$1000-$10K
7h4qT1T1B88SqGzyM62ZER63qDGhJfBpfXWJeUaMWDg4,9475.84306965866,1124735,$1000-$10K
HJYDemAdsK9w6vPRxZr8Dk57Ft9eM9ARPMeesUYHkrFU,9475.84165137213,1124736,$1000-$10K
G9RkRVWqb2SVZXkUEFori4mwJv3KQUh3vZ1q6tRjAtXQ,9475.840365194686,1124737,$1000-$10K
HN1Yv6A7X3TKvrU7EB7EhLDR1rx7xgKkMfB5AzsM1zB5,9475.837618328585,1124738,$1000-$10K
Ep1UBdD6Jku4qPvWN4mMgeA2uaKa3oUzYSfB8ShE8Zec,9475.815579389378,1124739,$1000-$10K
C7zjumecSmUTxKfmQpZsZ14txg7zEwu44Gs7JGsbaPZT,9475.801467145988,1124740,$1000-$10K
7gPkqchiXqS5T4UBxVMdZfBMGDWRLJfoaViKahe5JVAT,9475.794383736795,1124741,$1000-$10K
G8tUUbPh45JrF2nruSvJJC8UGwjjKjSUvbyBVah29K8j,9475.77271103261,1124742,$1000-$10K
CdXKH56zHeDCuaw7bYFRAn234vASzo4N5ApLfkKb7MJH,9475.678263607891,1124743,$1000-$10K
3x9h1VQoFkspBFkTwYGEGT4tGpG7oBAGtCrGw5D6999p,9475.653187751483,1124744,$1000-$10K
A5xMCq8tqMb8MisYbXW5YXAR7w9Vzb9y1frHYKbDoZax,9475.642991624809,1124745,$1000-$10K
Bq5kWGmaVckuoEs6gVzzAKKjt9xFr4gHw48JAgJ5kwdK,9475.610141601363,1124746,$1000-$10K
Czq9vksdPrYyUNKApdcovHwGsL9Jtt6pRjduiY623mko,9475.605304811268,1124747,$1000-$10K
Cn2WT474vraVYJFLZ2PFUz2GC6oYcEp911Rvymd7yiSN,9475.603056738451,1124748,$1000-$10K
4gNA57UsKLtbeCkufbLVMnNfw1GFfAh1xvXSpbfU5CYw,9475.57504663097,1124749,$1000-$10K
2bTUQzTrkysBYmxYDL8QePZwqHR9AmXxRn9pDZUnbxZW,9475.528996205046,1124750,$1000-$10K
8SeUACBhG6ViACwUo4D5sehzznjs9582E9iJ5hwRM3nR,9475.526281126207,1124751,$1000-$10K
oPJiCEXUwbQocTFdC6rs35QCDab6oeQumF7Bk7WhTY4,9475.51286954328,1124752,$1000-$10K
5sX6MFV5x4LffQxs6FxG7xm7e8za8auGv28rwvcqN9rf,9475.481125304337,1124753,$1000-$10K
GL9CFKfr4bxh2ZcsvTKwhtiB6UgkeH1fjSgERRoiTdpk,9475.473117953337,1124754,$1000-$10K
4j1Nvk3voPnjwKXBsnC5ss1r1qxf2eAhWLrbRzNx6dHE,9475.425522080797,1124755,$1000-$10K
BnEcuy9Cs9cWMtLkc51VwVjxNAQiWT4x8bjUZ2iSpaQo,9475.423793315233,1124756,$1000-$10K
GiwZuSrLCcrRULrD65HrcUezWpBLfRBqbz4Suu179kDX,9475.384523432573,1124757,$1000-$10K
D4AcAZ7nCWVunzvoNNTcVoo6fVaLgsrFykgao4uiMyP9,9475.352966093753,1124758,$1000-$10K
8quwRK4yixaGgWfvEAwpmXL3LcScwDJfTDiJ9wD3qjSU,9475.351934360233,1124759,$1000-$10K
H3K8B6WUZH2VoR8sma2pMXkpf4ZnkHuoMxussxL5iyR8,9475.34939216171,1124760,$1000-$10K
4hPnHfMFdt9EAmkFCJSMorSpyYwKHs3mmNbQ3u97Kfac,9475.346775749358,1124761,$1000-$10K
GiWyP5tDKuQcQeYoadnCAHWvpFBGVEssvqX4W136byUm,9475.330540943936,1124762,$1000-$10K
7Kg1t155ZJycjMhjNohXvd8ca2HNUn4Xz659mv9y9Jmm,9475.329933575562,1124763,$1000-$10K
F7EnixVHVHHQCvyH6TRFWKDmk7D9ZURmgTHYiq2hoKQn,9475.32226413246,1124764,$1000-$10K
4vrtxps9d78f7X1g72TCrXceRqxgwSVmyHCGQyziwgVc,9475.30866989602,1124765,$1000-$10K
2ybMrrJMCQh2bNwbk7WmBC7PKiUo59WHxYQmbcgo36BU,9475.308137092368,1124766,$1000-$10K
9pqDNfb7f51RiAKwrasAnNFKG5TAFe83NfGFKcJSzh3o,9475.296992235408,1124767,$1000-$10K
A5GDXbzvAz3rZcihoYfCdPFrgXfpDLdUtBMMCF6eRJ33,9475.28120088301,1124768,$1000-$10K
HnBFGZvCBeyLGmaE4tUT7PFwjvoX1qvWojfM3qfVjKXL,9475.28002706888,1124769,$1000-$10K
Dtm5VtQYbTRjiGHudGf2NWAmaMJAVjTWx1DaaTPrmCfK,9475.251951708162,1124770,$1000-$10K
28xrXKMwkUHhgY3LwntqbTDRh2ZHFuVnaMzDpDcAQvyk,9475.248010051371,1124771,$1000-$10K
9CyvxQVFiXBRhNRrHCSi1A1BbY6CvdAGxEkw8ZqzP7Jz,9475.220640228741,1124772,$1000-$10K
4FGV9qn5ioyRLJwnBT3txmSSyDjRA7aEANdKdXAf3hu4,9475.145647884123,1124773,$1000-$10K
43KrAfyP2i8BmLUAvSCWRvigjRsuP6dLSVzpAdcDGJce,9475.11826048454,1124774,$1000-$10K
8Sf9rHguRmge8rdSPDsPG8z8jSz2jMcMjWM8vn1SSCNX,9475.105728824725,1124775,$1000-$10K
PFzd3krBpaFC2KJsnTnrzZ2eJL979Xde2nJhCAbYzSm,9475.076662274132,1124776,$1000-$10K
3U5m8XsMf2yPsnw4X7RmWWQLacxQsUUSVRVvqu27DDT6,9475.070838704116,1124777,$1000-$10K
7w1V6Y8yKRL2aQXK6uY1x8YfcQCuyQHzKrxveVfVfKx2,9475.061247605263,1124778,$1000-$10K
7KEAYdnQLovc2ZtRvfvNfoC8iq6tUVCHfsjRed6Jf15E,9475.04974061425,1124779,$1000-$10K
EBwH3z4gK6AnXjpcyPKsVEMGxLWRzNGddjXXBNHVGcFn,9475.028213966789,1124780,$1000-$10K
8gnfRHou6ZHxFnLm1Ete8bpKTWBrd8hteVprFKFLddx5,9475.002606890046,1124781,$1000-$10K
FxjQef1EjNwc2t9HQZJkSkUKbeat7o1MqgbgH1DyxLd6,9474.9888476627,1124782,$1000-$10K
DkAYzPoLs3aDceTmMSm1P3mtESFakxheub6rLdBHripr,9474.956353251106,1124783,$1000-$10K
FQJQGCvqCMngVPY8j3yMUGphkm6TZ7TLXrUJx4zZJT8X,9474.9306476579,1124784,$1000-$10K
FaW2B5PaGscwZMa9eGDetXBygx3rd1sraD2sddV1b51b,9474.908895530649,1124785,$1000-$10K
GWx5crjGaghrtKsmv1NjmbbzNsD7heggehxWkyMntidF,9474.897671533832,1124786,$1000-$10K
CVx3BEG3jWMD6GvLHihMCCrYrS9DHhjR6fv6cZvxh2FE,9474.880544372396,1124787,$1000-$10K
FYWZryiNFQwBWwsqPZs1jxEDSwb5KLCuevHJLQGi5JcP,9474.875928148409,1124788,$1000-$10K
97BXYu9oGdeY2MVcvXtgjejESL2XMk1tq8PPYybzYemq,9474.873818535132,1124789,$1000-$10K
A2oDRK3TxPpP82kpKzQVujvHSx6jpteQR3V7nkTgDvjc,9474.861715371875,1124790,$1000-$10K
5bZPq38Aa1UH8GPi8u3t9RTqT8SK2F55mEKcF8CFHgEH,9474.848643298958,1124791,$1000-$10K
BVKd2HGUN3jKCUER86DMnbmFBGF1BdVzXhjufMFqEu16,9474.831651497729,1124792,$1000-$10K
2wcGQrtuw7Cud6wK1BJj75EKHFuBTA8taTCkskHAx7tk,9474.798033044346,1124793,$1000-$10K
9tUj5ECL2X8pRXsvdRLPy8mAhLQbLxmp17371y9qv6mS,9474.7644001607,1124794,$1000-$10K
EscQYmA6MCWRfmuxwokGB3tRH2p6GfsrbUTa9KC9FXBw,9474.747962511447,1124795,$1000-$10K
ocUeY8Rd5m2szDjcj1NmfGEmtTpfWX9ZsjafrHcX7xN,9474.71126528465,1124796,$1000-$10K
7h6MJRCbmLAouTMxZeDk17QMPcXpXMZn2hsgY6UPGKGM,9474.69255425368,1124797,$1000-$10K
GHMCoBBPk6YKVpyc6CpS5xQ3oZ3Po7nsLChKPcCKUmLd,9474.69008018456,1124798,$1000-$10K
C6AGuDyVqU1ogTJNhNdsBQaazEpGh3o6XPj9peXCyGzF,9474.688496135894,1124799,$1000-$10K
4bwcJyVFbg7yVy2Lx8jE43EnyJfeAWWAHR4GHspHSAUW,9474.675825341006,1124800,$1000-$10K
8EeqKyGPPDTxBVgowEsShfjk3eNRtisfJ2xFRivJPwZD,9474.675358307408,1124801,$1000-$10K
2pWB5wRqmGzm451uYZrfRrM4XV8gd3umdJbqdSrZ9e6x,9474.633680883107,1124802,$1000-$10K
9XJNfXVbwh5jrybr75nx6fFSkw7WBQqEyKuzCj6Tt5C1,9474.629371682833,1124803,$1000-$10K
BarTL8dG4Nj4LCubeVrcPgXhiKY45aPNMLHRitQqghgk,9474.58327761139,1124804,$1000-$10K
4JyNpsvbB4hc44cVo8VdozfEooAwe7SwZE1aDF2Mjzi8,9474.543198544867,1124805,$1000-$10K
E3U7WtHEiEJtComhzbo53mhoMi8qT1K48QuNEZ2jwkqm,9474.522877115609,1124806,$1000-$10K
5c99ypmbmovi1oLvsyAgMFGtb2adbr6sNeMANnKJqWj1,9474.51813694229,1124807,$1000-$10K
hTmjeANeyDzSXGGah7XHpnQz7hLzMxJy7TkAuMsMv8R,9474.493628043005,1124808,$1000-$10K
8B9kmHnaRmFxaoZbi3E3wo6mp66hibpd9wdBTFinoU3U,9474.493584785661,1124809,$1000-$10K
bcwWmMTjtef8tguCqQmN9FviW2BB1apZgj6xcLGLcut,9474.484978140434,1124810,$1000-$10K
5ozTiuZL6FDtGBpPmvozKY1bQatc5P7oHkxx8P77XpCD,9474.482412159217,1124811,$1000-$10K
79FscbmD1D37NX8w59Cc36MSfXwmwHE9du3PA85P87Sx,9474.444470676957,1124812,$1000-$10K
41okcbhCSeMLpyaFh81mzrLpi2TFiXqAkQMaswNdJUCA,9474.441601697206,1124813,$1000-$10K
88DdhVmLei7cw1fjJmB9xqyDc12iRZv7fEUYkLbuQBRi,9474.428469302244,1124814,$1000-$10K
9wKazhsoVbe9KA7TJSfBG4csgxD6yys7mamzmbid32BC,9474.420819437926,1124815,$1000-$10K
ARcEiHgxXPupnpbGS26dNxrFLqmxYArATxtix1SXBU5Y,9474.413901312813,1124816,$1000-$10K
Ggf3ckFGNGqgU9pgZQiAptGQvWXohCSRQDy64SAYgHYE,9474.374234455321,1124817,$1000-$10K
4zp5UFr12wSL7V3gawZ32rn6LMY64NSB6P4q58jD47Z5,9474.360723907203,1124818,$1000-$10K
EcXNVSVibwaYQxE7A7Q3uPZJa1Tt8ndwTudLJuxj27JC,9474.30897285293,1124819,$1000-$10K
3vfHWRZYkiqtjiZYfuqK1xCUUNiTaZRp5n4gMf58FuzQ,9474.28474927487,1124820,$1000-$10K
F7hRarTGA6pGGCw9uUXfsuJeGsYYQiByxmHYQfnVSHR1,9474.278259021927,1124821,$1000-$10K
AqsEVCxwpAKAn2C79hbrJZnBiyUWPfgyPinVZrQ8Tojr,9474.276395309525,1124822,$1000-$10K
CzsuvnhHQTANuo8wS6nkUXDpr5yxvwQGKkKBx5sKioWg,9474.273000338155,1124823,$1000-$10K
7MwWRyPyvkPXDaWqHxcGZei6cr6eJ15vWhVLQufwBTqu,9474.26390002796,1124824,$1000-$10K
85iuHfZU2jboaYr19DTkdfmzEGQBMpPm7KL2VUbKr3Jq,9474.262341336564,1124825,$1000-$10K
oJJhKnHDNbXFV6zbVCLuKrXkQeuX3FQYc3wDr8jbnQL,9474.234135928198,1124826,$1000-$10K
AHNhgqnqxpUXoGMnV7bL3MozDNV847whveMTNUTfAu4o,9474.203039402706,1124827,$1000-$10K
CLZQSx2VKP2tmfT1anzNyxPPpGG6H65A5SwbXh2jKvFD,9474.195363960911,1124828,$1000-$10K
8qLxJqi5XwyxJci9ZwSHbbRdT1cYA6t3eeEDb1m1Z4wt,9474.189403309603,1124829,$1000-$10K
9xgh2VngPHaSgZg1zXKwtrARuxNR45EEk8ALYBgsvQXu,9474.152873797058,1124830,$1000-$10K
DBFjPnnPjP5xFEE9JR6w7UHyskk4EBiQna5EvVArKf1X,9474.150623704112,1124831,$1000-$10K
HmhjW9AHKY9rGRFyGHQas9dVeU8rwmY6nRK2wogC1KVz,9474.146972800847,1124832,$1000-$10K
9883DSrG3fHhEoLVv2GYT64HzeVLg3ooU7ebXQpcQuq5,9474.138252061986,1124833,$1000-$10K
Ws8ZfFRRvWLuDSRm5c8FpXNRSYZtpwtby6T2PEqkeVV,9474.12462377594,1124834,$1000-$10K
8g4of9KDxXPmCzYq9s6JZzRsDV5xN3WheGGL5xyyPzRr,9474.094513479218,1124835,$1000-$10K
8ffCuZuDRZtffRnRfjx33MftUXsxHVBMjk7steJkqhNg,9474.093286476205,1124836,$1000-$10K
6FxrNZ8uS1YuhGbnVVsJhvRP9zEUVKMtR95ZMpcJwkjr,9474.074610420419,1124837,$1000-$10K
812qQPtnVdvxZ94KzCgvVq7dSKPTwLFEBXQpCvXichFz,9474.06519277066,1124838,$1000-$10K
8nMj5W3TUheKvRMYXZ2HrEUipBDgo4AYkPWeW5VMkknZ,9474.064346011144,1124839,$1000-$10K
7itHK8pogzAwyCk1YrXwmzUNAvHX86WoaUoyL62cUJeU,9474.058463772073,1124840,$1000-$10K
DiyzeQ44avUn7vyALAQRj8XaRWbvGV39AjBF5oTMGCYe,9474.05565047231,1124841,$1000-$10K
4Yz7PxxQmbAdr8qFUjTyrkrwggE1NFWa1CxqzzQGdeih,9474.016944076047,1124842,$1000-$10K
AFjdMytEQhpfRoXss4gq27e4fNashcbkMwgSayUxhZMY,9473.998265181495,1124843,$1000-$10K
GwGz9uuAAJoVCTp3gebUYdqZHt86X2kD1mz3MKmVSP6d,9473.991069110381,1124844,$1000-$10K
AjJri53KWsRDuX8UKgAKKbenaKC4MgaUarLdriZY6wDM,9473.985177422977,1124845,$1000-$10K
5P8UC8mJ7ZadWqwv11THJwpG27LXWJ7ewFZs7pxPonud,9473.983886595894,1124846,$1000-$10K
EVsfnrg58yFz7Q75ae5MXthChiRHjy2EVshkVNury5Cu,9473.943187520577,1124847,$1000-$10K
D4VKAnB1J4r7rSmvpZtwFr6dUdewmdi2Ao7Ez52dFqox,9473.903219304279,1124848,$1000-$10K
DZ2BN5zjzUH6LmhM7qgNHeXkwCVhLXKkiyLETfXithJv,9473.888541117734,1124849,$1000-$10K
9WZU5odowpFcaNw75ZvMzYpXTnqjWBo47T7tLRennCQn,9473.831190370453,1124850,$1000-$10K
A6SdNafXSc1GyY29CgehsGuwUR6mvFVwxu2uDak4MU8H,9473.805138001546,1124851,$1000-$10K
BiKSdkQSGGUq8gHWAFvHFm9JaZxJcVHMx1NGjyPYqfbb,9473.793930429052,1124852,$1000-$10K
C4qEKfuWVVG4txciuzAdWHvs11cRWmqbYgrXTJt2Tngn,9473.746363154893,1124853,$1000-$10K
BH5m7tGBiPUoejBRrEDtc4YxrXFauVoBqbZ4cfQB6DrA,9473.743986102641,1124854,$1000-$10K
7Af3BpmfwTZHoS86RK9uLvict19puESkremSuYe5NVJs,9473.738721343037,1124855,$1000-$10K
CvGNCBBe6fMtjcovCruy3yxSTpsdP8FKypGHiUxwAKDq,9473.732815424331,1124856,$1000-$10K
5oLyFggCmu816TYc9hC2cTtJq7rsTvT12UvZC1pjHfGP,9473.72168919189,1124857,$1000-$10K
J35F1zUjfnNxM189tzZvFwdtXFSKmHjWP5UYomJqnPTP,9473.717244149542,1124858,$1000-$10K
DtAR43g34wQcV6x2scGYZW6yAbVhMG51bFPQR31Z39Jo,9473.691645809968,1124859,$1000-$10K
9yLTVnVtVNd6PKVEESeZC18mc4KmecrudjeNxmor6mSv,9473.680820544927,1124860,$1000-$10K
HSXNiBaJyvQwD8HcfVEBB1QyFroMJ3tSPtUaYKNhWyXK,9473.662993848737,1124861,$1000-$10K
9EN4qyd3j66egciCpq8Rd7Ki3qUqNhqjFKczoxUXYF66,9473.653649737571,1124862,$1000-$10K
EHoUvvVJC5HN44SMPqoqpGjj1AmpyD5SNvEuPiqo56h1,9473.624505883687,1124863,$1000-$10K
2jHPXRQuxTSf7H4CgPESUQx2puCTxSvregwbTsXjndVy,9473.622439931136,1124864,$1000-$10K
B8YHDNfpfPE227qe3qV6FjeAn3MuiaRiyUuC2Tp8G8Fi,9473.621239860875,1124865,$1000-$10K
4LoLn1xvDzsuYUTKQJ3vYN78yfkig6xpEDfmzJBGuTbW,9473.62121559633,1124866,$1000-$10K
4m8MBh3DR3cLZxEBbTNK1pbQbsmf2uFsDhWgK1N6bqjK,9473.601437777399,1124867,$1000-$10K
3RshGswU3yftGiggw638y2tSZCQufcuQxSyLVGnTJoFV,9473.60117802392,1124868,$1000-$10K
7TJ4yU7TdWK5GXg8YW6ireNLcQDnr8gr7CR4apVHYSJV,9473.584724317107,1124869,$1000-$10K
5HM6qF3RhX3cahYLCv9ifkbEaA9agksJsCXoYs8NUBG6,9473.578157821004,1124870,$1000-$10K
5sP7ej928mM4kdffcJ7j1XWvYVvcwFHuq1PxmjmFpanV,9473.57478184447,1124871,$1000-$10K
44n73YJU8fZ1YJLKsBFP7VDmCtHytVFzWZxgYeBCNqjA,9473.557540803533,1124872,$1000-$10K
8eBGMJoFJYRVyNhK3Q34cdx8A268QYoo1xwCdgFQmmFi,9473.538585245013,1124873,$1000-$10K
8jfwEcHG76Rs9GDBQA3bHzMHb8PCfuAE8fMfVGvPdM9c,9473.531398731313,1124874,$1000-$10K
EhQsWFcWEBQFwyzAL8BzEmcp2PD91PbL4XbVxBNfLG8V,9473.527183382761,1124875,$1000-$10K
AaAVJUQnsj6AkJGCNoJG1HZePV8dhvY2tEr7KArLPsoz,9473.514066943822,1124876,$1000-$10K
AjfirZSoinsk5oT6o5yPxkHSHCNECt64AMwK6oNUzwnT,9473.50493509233,1124877,$1000-$10K
3goCXdvMrnSQ6zEWfv6GEmHyiiQ3kCoRDfSqaFAuE5nA,9473.488324075095,1124878,$1000-$10K
EBJY7v5ZcvRQzqL9chsoepn5A1JaqekW6i3oy3ifH5Kx,9473.483495865608,1124879,$1000-$10K
kJNrqRgjQnANkRSv9biWgkEHsTy63rnxfqnD4AkYECu,9473.477517347203,1124880,$1000-$10K
BPPmGPxdUir4XHG2T94jwfJ7h5TpMcCaAx8nqRiN8m4A,9473.474027982302,1124881,$1000-$10K
9ADpp7sJS8t4KfUTedK3BVR4TD3Yv34JBD8svKXQs5da,9473.458243297859,1124882,$1000-$10K
EYaESP2kHHtTvvjcPtkzmnu7gtXBbXkb9BEKznRfCMbX,9473.448749852916,1124883,$1000-$10K
ExrUPoQJE4HA8L9zqx9dkvRUYTd1DHzutXuZ95M3gi2C,9473.437120121891,1124884,$1000-$10K
Em4LiuR9o6bjeNs2vxzupcAVpt7ZMkQfB8RvFY41Jop7,9473.434472778212,1124885,$1000-$10K
4pQDUAsV8ystFytroxbZn2paNNfSkxBE9bsJrj52jhzd,9473.431743693985,1124886,$1000-$10K
EyHdbRHTJ9Jx3LXU15DUCKzyGnuMLFe6w94vhRz6Kri1,9473.41742514223,1124887,$1000-$10K
9nLxsPfJTKG3TmQsc8cQNa3LDYsnoMpFSHrLvX7HPFBd,9473.412764134117,1124888,$1000-$10K
GBqEC3vKGHEup1SiZp9RZNyDb3w1zZ1688xZRgVNGXzo,9473.41275991232,1124889,$1000-$10K
3167EaqRtXabDWSmaUcR9JnkBuEg85CBrKpSeNbg13Gv,9473.363544119251,1124890,$1000-$10K
CgJF1MkA3TReWHXdZrTnPXCwGEebVx9V5vYko7fA6CTk,9473.34216713216,1124891,$1000-$10K
Ch8jvsiaY4m9taHP49Uj2HF7Zm64LTAuJN3nRZrMjgBh,9473.333636701722,1124892,$1000-$10K
2JALgRgGM2MyHy4UK397c6VF2jRZdGoM3tL1dT9jTmsX,9473.325248310453,1124893,$1000-$10K
3sS9rHpuKe9MuKUnzTtgpT6ciDo4VGk4fV1ScgPutKmy,9473.31511387695,1124894,$1000-$10K
9Zv1P8735vhuJWPVEH24EYMTcBaQ8jQgZo82pvb21Uvz,9473.278723662183,1124895,$1000-$10K
HwimKc4ioTw8m6AAyjqEroyDo4rw1wdmZQN2PmfrTUmm,9473.261242477645,1124896,$1000-$10K
5DyK2HxmqTHCKuZQnxJ2i3CoGykmMbdL6WetW1CW67uL,9473.243904087638,1124897,$1000-$10K
4hu49XyFMafemLV7uCRf4eRNWVvXfxQC1Upvjhi35wEX,9473.218851984322,1124898,$1000-$10K
HgcDdkSHMdAPnKB4oWCBHhvGjzGgtg8J9zCyDEaF3sSk,9473.193073181626,1124899,$1000-$10K
6mCLHdYgthF36ZNpm1HUyDumtLw5chREuDn2NKptGnRR,9473.140731420788,1124900,$1000-$10K
Hn1oVS3CyuTXaoPbgcPVkS4MQkJYthkc9Loi6vK4JEjP,9473.120147285254,1124901,$1000-$10K
3TN8G8orGLUKAY6KG1LQoPTNct4425wtDYcdLxmuTYHW,9473.113081618167,1124902,$1000-$10K
Es5ASaWQ2kmxVAsALUVTzAwnqFoDbtZXcaZ1neJ2iCAc,9473.070085097863,1124903,$1000-$10K
E1a8o2W882CNJseghUuxK5ofKVWDxWEWofn8mEs4fGq4,9473.014711315524,1124904,$1000-$10K
9fs4EFBBJxVUsceE9jH3myMpmN53uRk8EhTzJZBZoeLt,9473.010159055584,1124905,$1000-$10K
9SzqnjULffNdHyMe9BWYEUZg7rQLPkNGASgPZeo8fHZG,9472.992642516681,1124906,$1000-$10K
A5QJf4yqPqUD2x51MqVJadNm3ouZc6kxGxN5a6ifV3wR,9472.977664117088,1124907,$1000-$10K
2BwxBsLpG3WS3wZxdkLwhesBbmTMbjnDsejSEnQq6tK2,9472.920635506762,1124908,$1000-$10K
HhP5pcUnN35nuKvuCzobRSa734Us5GtFSzdNdEjCSuxG,9472.83437010975,1124909,$1000-$10K
A64vJ1yo5XfX4PSFEx7U8vZ4AipCtFDBhX5Nwz4QUEWL,9472.829553920335,1124910,$1000-$10K
9tmEmwci8PevyN49cegEtVFwKHVJgurw5tCjSsXkdxCw,9472.810286638158,1124911,$1000-$10K
6y7JJTNteKGzzV9ewNvpHuNWQFVQKXyZtnSVA1yqjvfg,9472.78596759775,1124912,$1000-$10K
EkfQb7Ex1SoZ5Q6Hfup2FXyFooYaHKQncTjWVGGTL1tc,9472.766672203543,1124913,$1000-$10K
2dQJ1p1YdS5zWDNM22hi6ERGemT9ZvQneucBgQQTbzEu,9472.756495216498,1124914,$1000-$10K
Biq7URKiBwYdQWqGzxREmx19eViA4pfk49TG5KsBB3F9,9472.722562045814,1124915,$1000-$10K
5HNr4a6egFMHgNfigdWebqavwrEVcLxmp7TN54jiG27z,9472.720173943817,1124916,$1000-$10K
CUVrWa3xnxXkhLQJAxPB2kTt48GzQoatBWT3VVqMJiHX,9472.717444769389,1124917,$1000-$10K
4qXy4GjRrT4ixTGJfB1TmduE5naTLcxBcKAoFuKETxDq,9472.7096278526,1124918,$1000-$10K
7voxEKxaxjizJ2SUQqTqByUZiNryDSYrMAHN8nSusgQV,9472.69549789519,1124919,$1000-$10K
3WH2qyq85HjfXUsAYZCsL3CY7geNovKvEchqKrdpK8aC,9472.667875968471,1124920,$1000-$10K
G36Uo77BKHuDMRu36ojatmESzkc475AJmT6HLERbpxMx,9472.647770616977,1124921,$1000-$10K
DtWpg4pLP6PPkBnijLqQt1wTGaMBkqcpxLmPTCXzjX4d,9472.643316032556,1124922,$1000-$10K
CxJazXfxU4GFkuSu8uqAdfsSb7HYpLsuBAuTwEFNu17f,9472.632241582121,1124923,$1000-$10K
EPyibHHWDGayWh1SoPc3aehpWA8Ph6XxkQEJoRvzHz9P,9472.58530459393,1124924,$1000-$10K
F9GZwkxtXF94y7twWBVpfr57rwZdUg92QZYurJAQBY1n,9472.544568509013,1124925,$1000-$10K
FbAMEzG3o8535iBR2ePjSf7LGbhex3vUWsoCgMzQ61uG,9472.53872811627,1124926,$1000-$10K
4SVoQVZpkNRS692CQ6PFz5g6AK9m6qD8NERFDh34YNUM,9472.524601601152,1124927,$1000-$10K
9bNxxsiW12Ei2oaYZD7R5QYJWLyYapfS6wGenSYbpWUu,9472.50048832304,1124928,$1000-$10K
AiyZQfxemPkTrogrvceYwjv3UcV8r89brq3c7BGadfjz,9472.473944062333,1124929,$1000-$10K
BUoVUJz9Qy1KrF3o1SBQFHqwYAX7VTsHi75JskKzzQLE,9472.471356054079,1124930,$1000-$10K
C2BmdV9ia8zs5H4GvSLSJpcRJHR28njBMyQZ8NphPWgV,9472.441460659507,1124931,$1000-$10K
8FmdoTJHGua3sUtrmWca5Xi4czvwjiFLHUpDaQENTXNQ,9472.44059304695,1124932,$1000-$10K
8HXZQzUdsM4YThoBKhqGo51Bpo6WrXUehc8PpLvfZjgY,9472.41672151828,1124933,$1000-$10K
2uwA6VXrjCp5NB189k76m8eA1iUXb5rjLzGDQTEyMu8w,9472.389807549422,1124934,$1000-$10K
4hX3QRALmzZRvq4yC4SbJR8AmX8a4jXBnXRkSGVvcL3s,9472.36943849488,1124935,$1000-$10K
HY6ForkUXxyGCTdtFUGEckKSP1cgA64t2zb93ipccmjY,9472.351760647703,1124936,$1000-$10K
MARker5J6S5yKCb2hT5RfvxbpQSc6CCXGeZo7xecZwK,9472.34417509138,1124937,$1000-$10K
CRgU5g5ysT9BkGYDo2pUBa2MpPPhmUmyCBegsxs2SH1F,9472.340253594888,1124938,$1000-$10K
C14JoWGdAb12PLHcm7h5DGB1viAQSPb7dTvmE3UQhs3s,9472.314691620697,1124939,$1000-$10K
7bDXWcvdrnVr1gkdwTwtV1gZ6r7xhTByapMg8fuXwMCT,9472.306925951889,1124940,$1000-$10K
B3M4udrDBvttaFdobKUfiCpURoMzrRR6orvUS7GLzRnD,9472.296941597706,1124941,$1000-$10K
BABEe54h7EyXoho2WXzcCWMSKnRZtH5UxaSZfwB5Lkvq,9472.281015831795,1124942,$1000-$10K
7xuzYuUBi8pdVGATMen5jRdAu1LTFudGUESLDgsUyvor,9472.274256893394,1124943,$1000-$10K
GMcsEicYDUiTt2Qeo8ykMZA7c698Pa8YqX8ZN2enNnMb,9472.2682236661,1124944,$1000-$10K
k1KNs4erDoAgawWVgHotF7MYoJ4TafsUVPwWeWfMfzp,9472.257638004254,1124945,$1000-$10K
34TKsG4eTggXFYaf3dAnXz6hGuQDXxnCsYAkW2XSyVVK,9472.252251810763,1124946,$1000-$10K
7TGkEDNokvhYcDQPnfHdAHhS4G8Zoci69ck5xzsPkFZo,9472.223145133683,1124947,$1000-$10K
EDFUzLtFZ3qjaZcNrL1CwfKSt4TRAKvyvEPWXXo5vuyG,9472.216628035338,1124948,$1000-$10K
HkxZX1wopA46CuZw4VVhtay7AAGEVYYf1qqLjeWHH9rn,9472.209801447158,1124949,$1000-$10K
AJsd5HMTfizyKUa4syktfccyALuGD3ogrPXGjL73xrSn,9472.204331216992,1124950,$1000-$10K
BTFxAY6vn52BX52AnP7vzoUbH2mPEFdJPo3gW67n4vJQ,9472.192314501655,1124951,$1000-$10K
DE1pZX1ySGLe5B5oRxhgaiUKFo6yR1u7sSavaU1uMCHx,9472.183717982794,1124952,$1000-$10K
6VfsyF1dVbK9Q396fbrwQEkEoA5faTHbuqGxth48DZbj,9472.13872834489,1124953,$1000-$10K
EYvrF9r8vrUgpa2NVffU5aurGdFddoRHU6AQriQDGR35,9472.129414029583,1124954,$1000-$10K
BPB5ejSC43rhsvTbfPCiZ1YSLcYu4b3UhSC4WBBT19uS,9472.119476127658,1124955,$1000-$10K
7bQw58ph6HVZBBYhtD78XFStJDyy4fkbraSVY3GwUmSK,9472.104792834385,1124956,$1000-$10K
C1TqfePG5Vj394dhyr15PScmmognCvinC3nm1ubyc7qz,9472.088316232288,1124957,$1000-$10K
6UjDqLoeoGJA7tEVgEBU549XaxS3BEEQxA9bSBtvcY5w,9472.08,1124958,$1000-$10K
DUCfxG9BCB8wbE3tKVbgMavRDCHoCZK7PVdVPniNbdE8,9472.044741371394,1124959,$1000-$10K
8okuiPZZTnxcviohgSKDu6XfiG7KHzGAfASmFQfARvti,9472.036703288019,1124960,$1000-$10K
6gv1pVTRBXPCQbMDLY9ueS68Yjd7thEaf3iSVuLdA7uu,9472.024960391034,1124961,$1000-$10K
9tZP3SKzp3sh2hHZdR9jKMvr6em1JBAPczRBd66oBJra,9472.02423061142,1124962,$1000-$10K
HTLsfNRgFnmKL3Zibec2i8aCx8BV7EeajtKWvuhThauJ,9472.022680991799,1124963,$1000-$10K
9i9puGWxt2F1C2GRs7r1UdrLMm2CbkifVvhNZLvrvwLi,9471.985888329657,1124964,$1000-$10K
5xzwZgtXDmZibkRHK5HsNSwAdt5mkK9zbz8V1Ez6XLdJ,9471.951365398025,1124965,$1000-$10K
9Bo8gysti34BwNFp2kdFHdbrVbz7DqUjs9mwMDpYLava,9471.934202329448,1124966,$1000-$10K
FynEMUY8CweZTQ4ye2Zh72ak77E7TigLtTR8dgikG9Xd,9471.928422736259,1124967,$1000-$10K
4c8QteUmaw9NUucNd4gPJxZbmCB2P68yN53A1DokDqJS,9471.925436011794,1124968,$1000-$10K
DR3tPFUmcR76X8mS91BGhgrMpBKLjUsXkhm7k4rkHnBu,9471.905805796117,1124969,$1000-$10K
GSL5768ExRzZcWByLVJPyVCEYLcRDSA6ApbMMW9is2Jt,9471.902833028013,1124970,$1000-$10K
5A8NQM44NQh1HmRcSdhqxgAoqn1ekimKGcKA9Z94LhFe,9471.875525613,1124971,$1000-$10K
5ypZS1AmLhgYeZ1cT8fqFuWGishRqEKe3W6K3qcEppAd,9471.856799780702,1124972,$1000-$10K
2SiA41wW6NfHMzXuctLWJnqB65BfWNRPYvJvTpvH37Se,9471.839050767006,1124973,$1000-$10K
FmZQBbdGFk4NggaUTvTNbNH9Qf6amKcSdq53kS7hcY5,9471.800130240152,1124974,$1000-$10K
5f2YCn7CLnHGHJzNhCsBviDvnme7vGUDCQQ9MRSuBK67,9471.776598028038,1124975,$1000-$10K
BoCgLPHfshhGhhNMaH3L8MeHZHZqjoEZwYsHBPeapq9M,9471.776483274061,1124976,$1000-$10K
82uA6bKvsK6rBho4rHPgdiYo2r8GKCtSVEPN8fiFngbV,9471.771662388608,1124977,$1000-$10K
2nDWnzKo9LEotxAHyMXNRGm1ZwQmjf45mb53NDVwWkfY,9471.762111241516,1124978,$1000-$10K
Ab6vu6PaZyc3xhwkKZj8oXHU75qbSBrqDG9oTMSoFrgw,9471.742960973736,1124979,$1000-$10K
2cCtTU5U6MFoEPpU7KFmAiBVM2BtBwBJDQkHq9TFPpth,9471.738847396646,1124980,$1000-$10K
9JY9Pn9dbMCMaM1nKV6u7HtcK2Mcx6cTnivfGi86FJgi,9471.734609989471,1124981,$1000-$10K
39WijYVgZiRtG5AjDABwvYTpiUAG9hRd47tYpGLNcogL,9471.696313804661,1124982,$1000-$10K
2SGkLcrVmRhwx98NWBQnr5o8c1pZaonH415B9gYy4vWk,9471.69102835752,1124983,$1000-$10K
2tqbqv6wB86g5Z6Lknyq9D6JPhgRY64ZrUFoqKVtwqLA,9471.682539293468,1124984,$1000-$10K
pcwr1aDEVotRDgUsSj2QwEyzou4hqG2ENqUvvnrxvDK,9471.674364603978,1124985,$1000-$10K
33aAac8GHRDV2N6MY5Sm66mVCrLpsNGpRKLmTdZX3zZQ,9471.603733345579,1124986,$1000-$10K
7CsD8GFptvjFsSC5367YA2DQfS9q1s1ZcLzWLxjqD2hg,9471.578523427877,1124987,$1000-$10K
73rqjLFkVbTspF5NBeYTpgUz743sKeserSDmMsk68jTC,9471.56876737646,1124988,$1000-$10K
BEARsGTcHt1oGtDuwZ313jy1M6FQx6GafkfmKzCBkAd6,9471.547966864051,1124989,$1000-$10K
FMj5jXbCe94hoiS4fDLCM3eMmxDPjoPFqGTqMHBU3yGf,9471.534321738176,1124990,$1000-$10K
7MYWmyJnPgMiwQCYX9Lt2zgB6H7gF3k6S6x8yTeVsFcS,9471.53329582257,1124991,$1000-$10K
DKKDnytdX4MRJXNrS3GTSRdMaesjAoccifVRHGdqZ4dC,9471.528134889406,1124992,$1000-$10K
AEa26jb2xh5aWVTP35hTnwv421hGPWkNDU32G8A4gePL,9471.523905025495,1124993,$1000-$10K
BwPkaurXwZp9e7uuWNBjJhvr36j2MhW9cjt5sjMXkjLa,9471.520878266814,1124994,$1000-$10K
5p7JZgSJZNJ2h7Tfcm1Yn4fESkgGU3y8x7CcKBvfxcd3,9471.499833947604,1124995,$1000-$10K
ES5dncsiksYe8YdHHFKKgBAXfSmxXQdJwuUJnouaY4Pd,9471.46976786015,1124996,$1000-$10K
CijtVdeQzd6HHmDLw8oJ4b8hiZY2JJoNzAHzU9Kb36mU,9471.445434004429,1124997,$1000-$10K
8zJ4hu2Q7umcsqWdZsA1BAerk7sHL6XYVKXwWBApHiJG,9471.43868356027,1124998,$1000-$10K
7ZuJmx1FhTLwpkHdB5APnNQvAYouPUJjx4MBAyQwZK3Q,9471.434217516284,1124999,$1000-$10K
CB48UH2F5PN9qenqh3MV3diXnFZCCWSmc1h8DcHEr761,9471.430214071268,1125000,$1000-$10K
4qZisJ47eXwn2P7nhJ8GtTguPBbENN43EWCS9CdysfHu,9471.427754414284,1125001,$1000-$10K
CX9RTEMEiUHnCrKrjsricE6MzbDMXxAK6KVAPV2vFsMP,9471.40906819869,1125002,$1000-$10K
F3RLiVn7Hd7f6QocgwRepDRoGNQkmESAHwBcurkFAduN,9471.360695544745,1125003,$1000-$10K
3G6bgVjuLzpYmxDX2rAfHt1ECPKkUzNFCoC4Kaj5GJsQ,9471.343217269554,1125004,$1000-$10K
GduMx63qcmbcwNGUrdvUDeeLMyAUghdTqPPpb1RWTBtg,9471.330188498063,1125005,$1000-$10K
EFDqYdQNDczqXVTdU37Ac5JyhgJb9N5g9bJRvECL2xuQ,9471.302568980527,1125006,$1000-$10K
CzbNYd6C2m4U4WGmjxLLdees3GAAT51SQFLx2xpF7UCH,9471.29697810598,1125007,$1000-$10K
28TN6STU9EADbMMx8A16prkpy6LAXtUCL38UmB8QVW1E,9471.268895329464,1125008,$1000-$10K
4sUw85DMEDpeS2kwRdi2yXTHAfE5sXT5Wg9brtQ8WzR7,9471.245862573203,1125009,$1000-$10K
E5fYrw8dJpHntcz1BgjXtz1SErzifN7xMyYGfg7MK815,9471.24581476743,1125010,$1000-$10K
EiVDo6rvpKhEd7VQS6AFRrRKZm87jr5cRUsfLTcJGz9P,9471.236157952218,1125011,$1000-$10K
5p4wqBCf2j7qWeoZWBJpxxbdAjBg7zcTKTuVziBhnK5C,9471.21,1125012,$1000-$10K
7gBhZUyvomANmaMPhHpC9VXm5z2tqi153pvcW4kzMFdq,9471.19937051388,1125013,$1000-$10K
4SCnzSUw9ZoDoQrHRmmEAFMKso5md2kavoBstDFd9NAY,9471.19689944421,1125014,$1000-$10K
9oRk6CCdfzZkfe322yf59yPWby1jYNEhjh6zdjjrehWV,9471.195735307001,1125015,$1000-$10K
HcEsH7n13hiKJs2crKKoug96A4WQgtjPWgudMmWAxMao,9471.17639698485,1125016,$1000-$10K
Ai6bTqGdSRHVWuPrfkeUxJL8f6kRmUDPeDRNQWut1e13,9471.17250876987,1125017,$1000-$10K
9PwXH9nwzZ2hqqVpzJ87RgQRaZiqeGaKbzZbyvkgxH8v,9471.158457100788,1125018,$1000-$10K
GK2tSBbtKg3maphjVj5oKYo1gtU3Xz7yEyDvD9ZvgWkz,9471.15227435963,1125019,$1000-$10K
GJ2dT5woBanh5qvwZDzQDTxtTfP9f6nBcRER7JozzREA,9471.14608065051,1125020,$1000-$10K
Bp2pPgjzoPBgPdAYSD8NUmxPKbcxMJTSrHjCFknWF6FM,9471.138037660772,1125021,$1000-$10K
9ELt1PHUfSxR363ATFp9r9v1nx6a1kzFdEQkWP8fyVTs,9471.130535267579,1125022,$1000-$10K
HbziTNPjFFeFvz1Mi5mUfoLyVAmicJJVyjnX1iVBotqs,9471.089471637491,1125023,$1000-$10K
8cFKGxJBReiL1YVucP9XHPpJ47YyHy9fj3bi7waFuDMS,9471.04774787855,1125024,$1000-$10K
DdjUFri7kQQJKEdpFBgrC8jJYmukkfJivqVCsvWtv66W,9471.038422554657,1125025,$1000-$10K
DFYrqsTPZHC6Y4uS2TUJFCDH5gwJ7GraVMpy8vfLdDAz,9471.033596671541,1125026,$1000-$10K
E9RzmLHPPdtY78eHyUoZXbw73aZ3Lrp1AAKdUX3MvL2E,9470.986044618618,1125027,$1000-$10K
FnUtNJ5RnsAU8qJuxPxgFXM1UuApd7TdswPgVsxx74t2,9470.969789395029,1125028,$1000-$10K
GKitwuCeV7KPnTSN8bEcYoGR1Z7SNKbhHsaCgnNyNQv8,9470.942023987569,1125029,$1000-$10K
ux7qAxapP8B9F9dMKTu8AyyYosLbsoEohMM5PFrDZ36,9470.931799416787,1125030,$1000-$10K
D7BSeFBMHoe8qjfqb1kwrkTvPoXpxSKfErPL5mdLgXFZ,9470.910443795301,1125031,$1000-$10K
J21RA5JcN5bi7B3tnczSGewinaLb8BTQ8F8uk3Kzzy6q,9470.90988001035,1125032,$1000-$10K
6YMt3VYCMw3yA8vvnmXMZc5pY9djPcgfMkCFmuN5s54G,9470.848054058726,1125033,$1000-$10K
6zP2dKDdGfTN48BbyonSV2g92siTVwk1UAJm1gFdVjWJ,9470.83856699154,1125034,$1000-$10K
6qQziX2rs8mHRGgtdVae6nUhiKRBR2iWFxqYE7KpnmM4,9470.822979631628,1125035,$1000-$10K
E5NSUiQXqpqBRirWdQqHQGUzNoz9oxEc15aroGHsmq2p,9470.80637136792,1125036,$1000-$10K
9BQgF6pqYp85TppVUTJgt83qRJtMAaDCkyR2wQx77jA5,9470.800535840268,1125037,$1000-$10K
Gpqx7PJNuJDhN4SVuyb65zejSZwGRb3SGacpoQNwLvae,9470.75,1125038,$1000-$10K
3BdK8PnWR1UvA5wWoVmM8P6ggGJZQB3dhrjjNju9BM2b,9470.744586805697,1125039,$1000-$10K
DrtYwrZjKMyaJxJrNY11oAd1kEhZkEgFGKU4ohjzK27d,9470.725450803739,1125040,$1000-$10K
J6GRFi6i2gLZDWoXqpCv7YXRZpMqXeJ8FWDyf3LFCPhB,9470.717889043075,1125041,$1000-$10K
6iHvY78HecPc82q6PWA61UiDBHCxkMzuTCkFVzyeuZbZ,9470.705313465774,1125042,$1000-$10K
FiLVbm7JuN5tYYRzjcZNvur5cnDuJKJGZjT1G5eoymst,9470.704740299507,1125043,$1000-$10K
GDcFKzESFttVqEAh1e9bzgBdQsejvg9cCs3HHiSqishg,9470.690184457355,1125044,$1000-$10K
6sR7NKQgnnEK6vVfa6Ur7ax3jtEVvUUy9rX5a2kxnXAA,9470.685545662955,1125045,$1000-$10K
DgCwmf6eq6CaqxnUK1pjx51Y8QX5mm8Mznan5Xh5yUix,9470.680810789456,1125046,$1000-$10K
13zRvJua1mUYvv9iu3SekjrmfVHMaxoUwZHDpaVDz3Gi,9470.672373897223,1125047,$1000-$10K
B3USht2mZUmDQ1AsmUqFNKcF7eRnynxgJYp8orSvdB2v,9470.665822700192,1125048,$1000-$10K
25VXwh3hXqQC6kCaXfSZQtB2SmhEyhR6D1vLkefNgmRc,9470.655281797164,1125049,$1000-$10K
HcSwhPYvaEpDX5HaaUDdZVFWBm8J4LCGHiuYhqWjZh5B,9470.62172402887,1125050,$1000-$10K
95vSfMPw7DcERjvArH2RA1dMqczmanxSXuCCA3ucE22n,9470.609434374886,1125051,$1000-$10K
6Wji3N1sxD7zVkXeQJiDpYeb956ukk18WSyeWfC32WyC,9470.57763486674,1125052,$1000-$10K
CVWs5fKpqMkfQQnV8dQjpqJ1MVE4giy5tFCwCLgUYRt3,9470.506903907468,1125053,$1000-$10K
EgW44P1JqQb3HHAtTTNRyDkt73bvcTmj587R92gwy2SL,9470.491575649865,1125054,$1000-$10K
GKr8QMANuB3nRTsyeWNcfKd8uSC9o3JCzg6UDUVgLXE1,9470.481547472222,1125055,$1000-$10K
4QzN23hrkm6U41HNcwvS3tVQXfX2NphAcvu5C6chrsN1,9470.475105915904,1125056,$1000-$10K
CoBzyjyZP7EBReSRNwvMoYsTVzChhqfdej5t7nHkp1Pm,9470.475002135961,1125057,$1000-$10K
Co2TCRcYV7JWH1mtEbuqcJQxjAXP3iZKvHRFg6jtB5uf,9470.452241455645,1125058,$1000-$10K
4oUEZdXH9zgfof1WKbTq5FQtfyqwrD3KmyA3D2yN6Gqd,9470.449486843456,1125059,$1000-$10K
E6ZH5FQUtrhukP6Uqqj7fmAVhdPyfVkiN3wvJha6nNVR,9470.433952961139,1125060,$1000-$10K
Hh6cQosD7b1kf72mPvGjXcuKo7pgpQF7TZazqENMCerF,9470.4285104918,1125061,$1000-$10K
6umW5y78zKekpeWmDwq1VU5GpqH9thfay1q8VwzV3J7D,9470.398723084145,1125062,$1000-$10K
DWyV6Ezwe2S6FHQJsKAZzZMuCXbCDmKXPeKTdAyxpVhH,9470.394594341164,1125063,$1000-$10K
jcWmRbcgJmrPmqNtdL6s8Yj2KhGFybduhSsBV8t2Emo,9470.389889539114,1125064,$1000-$10K
BCTNFSUXkdo1BSgjqGv4fxpeFWvrSAfotE2ebypty5B8,9470.389338905195,1125065,$1000-$10K
37oi714R72HW1WDx7vR8TZgwVbPbihvyeEauhLNy8rL8,9470.36785567769,1125066,$1000-$10K
9yMSLUjQoUjgWx8thppjsP3SMeNfrBsq7nexLRh4YU6W,9470.33964783587,1125067,$1000-$10K
BMJHVsyeco5DZuJrhNeLyG34R7jHUT89GdRv1wpnM9tp,9470.339478567224,1125068,$1000-$10K
6mP3GtGf9epoHzwbqZNxfChWVt3oKtSVZmyrHoKE1YFY,9470.3227754632,1125069,$1000-$10K
ntjDoP4rggfkcnFSmM88vQuT7qXHyGhQoL6nd3QKPeL,9470.318143923601,1125070,$1000-$10K
7CNko5wLsCUxMtqXnZcFMzLGqNmBaYQWCqSSB3NQoWwh,9470.316711739391,1125071,$1000-$10K
93bdJtyd9ezcSYAvTLhftYsU3TB7gaQsLwpBPzxf1kWa,9470.311357811139,1125072,$1000-$10K
6MBJ2UwWj2vMURM2MTBbbzTpXKes4pGuFWCe9kFLHRgJ,9470.262922722108,1125073,$1000-$10K
8n4TissmxtagYTFQEgjTizohqpUKGCCchD8e2p4hzKyq,9470.249235859692,1125074,$1000-$10K
BSmgYgid3cb1Ryqei9bX3pP3bmcx6jCxCFfYvzppZx6c,9470.246816086168,1125075,$1000-$10K
9VjfmnCFv1UCokq3jpRqzzPkCkWg9LsZ3PtxWcLj1R2B,9470.245783938426,1125076,$1000-$10K
89MSSRSRrjLKqvPdLa5kbCGHRg49ubGmgcz7RKUUHcA5,9470.21844529825,1125077,$1000-$10K
8iUsasTGPev4xVJvnikiYVthEurXVSJGs3tnygt1vq8j,9470.190834601772,1125078,$1000-$10K
9jWnmjzRsR88KmHEvb4Ft7A8pgRkrwDoju9hBRGHmiXU,9470.183380736837,1125079,$1000-$10K
3n7P5zjMez8HRNVTsfejUwdfNZEE6gSdV6ETm2PFJXUm,9470.175759376478,1125080,$1000-$10K
EnSq9Fg18zywhnPdYQ3qFCnpsuD6JYxkwwy2V4nbgSd8,9470.174264908781,1125081,$1000-$10K
3nedgdenkuLoE42MagCKKZrFK52FPgHXVCEPxrMVpMrQ,9470.167933501432,1125082,$1000-$10K
5YbB4WoarwNBYn78zskBTAUYmfggf2CuzeYcKtXtDJ74,9470.162645238857,1125083,$1000-$10K
8KdunQKXpbBzSnpxAjQeuAs6i9Jo28kRUD9JhL2J5KjG,9470.158734591027,1125084,$1000-$10K
5XmoHhQQhe35F3GXo6CL7GfgNBCmQ5VHcRM3yNbYdFT6,9470.146080621491,1125085,$1000-$10K
3TjdUx4mybG6CzSqsxw4fGTcaVqr4DbMGztPEcQ1M825,9470.11515514541,1125086,$1000-$10K
7b62PptNRrKA9idngqhzGjFXFPwe3xdJ1padHq4ar4XB,9470.10214542495,1125087,$1000-$10K
HgknxuLMyLvVQkRXPoCdq76Gruvwva2YU5uJa6krYAiE,9470.084248377472,1125088,$1000-$10K
6ZPrPXRBQBNmAoKooQmq6WAYpmRevP7GkynSZ1uf9JoP,9470.080684628716,1125089,$1000-$10K
AUqtV5xpcDfYWzkbEjyaGrMZrUvA9hyspLLyMrebyCAg,9470.080505602016,1125090,$1000-$10K
7idroU1NrUZyYTjuqYEfy9AyXiW2dbs1Rwd9rZKVG2SR,9470.064231440103,1125091,$1000-$10K
BQU6bctKci8i5Lfbqm1sZ7GazrET6ga5ovSDzc5mDGwt,9470.063536741702,1125092,$1000-$10K
HtPFvDcvd8bkpbBGHmJgfSb31cd1Pn9ActHkmUYo8abx,9470.057108348372,1125093,$1000-$10K
8vPRP7KnCNsPuT6NPaStz1hVsN59H53Fqqaffi7Qe16o,9470.052543226573,1125094,$1000-$10K
D5oC8jATTX44HQUJeF9nsapcJhcvyvdb4S335Td1ZkEs,9470.01510740159,1125095,$1000-$10K
C4hMLh5mSvVHGmb6iCZj4wrZ7D4hUVow2A6futo6YxLk,9469.988023525839,1125096,$1000-$10K
B8V3x4ik4EEv3kWRhxK9q7znjksiTk3zF2minDJYiLDh,9469.98444932578,1125097,$1000-$10K
J3ZkckE5XkzVknEEWsioUSf9E3fUZ12VBpDyKxdHeHi7,9469.967038277215,1125098,$1000-$10K
Bij5jHDXLpMaFtThvZaxwFUizCxovKV86fvvaqE31dMy,9469.951414024747,1125099,$1000-$10K
5swc7y9JJDXJUrNkYzuQmVRdt6oSRrJqXRRJAtK1LVSr,9469.90953036345,1125100,$1000-$10K
29xMCm6wzYvgNNMZG77cQZHUtp3yyNbhKLPoSKuqoPka,9469.89636628516,1125101,$1000-$10K
AM5rrRjx6FhWL8SH7fGDphj8pvaBioPFU6YfGuYkNKdZ,9469.889818618809,1125102,$1000-$10K
6DxuqZtXr1H1aVuTFCPaYNdmc7Vywkxh1mAXLuVAACvw,9469.889551934319,1125103,$1000-$10K
6PfCUfjwWNsKkbsEkECYdktWHmrr18zVU2pM2tcbbFdG,9469.887775138512,1125104,$1000-$10K
3GKxisPcZ1KeBLcKHDPrsZFqTHb5zDoC8QUrCAWLvBCt,9469.869701495574,1125105,$1000-$10K
GPvwF6VmrT9P4kJfD62N1H9vMnbJMNa1am2JRmXcrHzv,9469.867941669178,1125106,$1000-$10K
4YsM22Xu2R5nnH34RbNJ4SeCos8yrTcHce4zF1e35aRk,9469.853142510752,1125107,$1000-$10K
5V7UT66byKk65xvj2NjYdid7UkUWxGEWMbK5ChMAoYag,9469.846505157406,1125108,$1000-$10K
DnuSxTvssGa1mX523pRGyHT77rtNEYEJea1sowihQuhy,9469.81446424945,1125109,$1000-$10K
9sTPamoRm1FVRpasLDB3hvQd9MAPZZCnkLHT4QpQREjV,9469.813855334161,1125110,$1000-$10K
7KF734o5dwAhGn9yTj8iiokvWsmiPyqGG9y2zkJ87gW,9469.724817206989,1125111,$1000-$10K
HpQW4NCbWiniy2NRuUfkRMQDEBwB8KAv2itt3rvBfPDZ,9469.71894549271,1125112,$1000-$10K
7qMNXZ9VSmUCFqFE2WtkxkB2BWMHSfhjZxWbpMqrmAmn,9469.689066788042,1125113,$1000-$10K
D4uHHbDabjBx1ErPy5nwnCnwDnehsERQcJ8fjSwypV6R,9469.670360905591,1125114,$1000-$10K
Htj5wyjJKnHC21ZghckQZWZrqbSdAWUCVCZc9bQNfSR3,9469.66952326497,1125115,$1000-$10K
YUHAj587UYvqXQhEX3yz8jvDUqJyfHBkUkJS8XnmyGv,9469.648200071073,1125116,$1000-$10K
3fCSbW9fPNbeXJsevsYoxaVUjHN6t4neZQqkQjTgBz3N,9469.63092863847,1125117,$1000-$10K
EuuRoev5z5uFuRhjbpTTHvJeX65MVFkTatNK88VQijko,9469.600191380232,1125118,$1000-$10K
H1z462vimLuGANWSKigWoHwjzgJSfriujYrYpjk6V8A8,9469.599779176166,1125119,$1000-$10K
4yDxBuaaEwRJucsFx5wAnYdUmUd7VyTtNCqTPQRji6ku,9469.589779947995,1125120,$1000-$10K
2HMfR3ePL3g2i6p3SPeyteiN2YRbVatqxwreJmjAaYsB,9469.584541818276,1125121,$1000-$10K
25LLqfW1qARygbvu3X3nidkPBeBL5AyVvNjDKDevw5PP,9469.554591714495,1125122,$1000-$10K
9uYPxtoevsMEZwtKFSNW4abxnYxfEUocM11CYZEeR4h9,9469.536615070367,1125123,$1000-$10K
CteA5oxRGPDAUgq7VE98Lc6xHR2vgEn6NAhVBTF6mqNv,9469.518645197128,1125124,$1000-$10K
76ZVa9Dgj6M2kviDkaSYyDoPPhbAaWTPnkyvfbKZU3yi,9469.49627130067,1125125,$1000-$10K
8aLBLudDBJr1aebfUgpwbwus4qfUwgLQCTyGsrWDeju3,9469.493687750912,1125126,$1000-$10K
94ed56VqJvqvPAEYRzNETvEW7xZpVmMsuD9yrjSTqWYm,9469.459692299586,1125127,$1000-$10K
CNbsfVAFqaCE8eVLiGq8BNzfY9iZeqBfVKnAkfHoR3m2,9469.430554000313,1125128,$1000-$10K
EHCSanpmKZ9XxWmX3PZR1zz2FQHM1JUvTadKGPbhMqpu,9469.382875490312,1125129,$1000-$10K
4BKhtZuNLohSnKxjNDzF9r22PBF3VnZDzZxvmFHGp7oD,9469.3638275009,1125130,$1000-$10K
ASSb3SFK7wFwWnapRLcsu5zzh2XtK4cmsekpbsWwLc66,9469.352663354595,1125131,$1000-$10K
Ejxs99rB7cgTsbLCewrW86jEKaAqTvRepeDm5mH8jH9r,9469.338853716448,1125132,$1000-$10K
7Gpf53aM9WuWujfJT3fodVaeTHiCU8wAbeg5QewvBXyw,9469.310965879924,1125133,$1000-$10K
6E1gy3RDLqEVJJuMbKGtbWnVk5ynFaVBkhraV7UpZd39,9469.302496806406,1125134,$1000-$10K
Gw8vks6ughm5cJNaQoL6eduqREDBUdrVf3p6MLATT6EF,9469.284807640855,1125135,$1000-$10K
D5p67BYdv3Z9JjU7wPUNcCimraAWY2BWdmKBEgrJBf59,9469.269391069794,1125136,$1000-$10K
6Bhy6ZrYqTR2XEp48PPGhTrKqkPJK9LzR2vBuKyqqCPF,9469.262091942934,1125137,$1000-$10K
3bN8XdTsoYgdc3TA3FjtdCwyU37v3yPMSNPYgQcg93QM,9469.247784318672,1125138,$1000-$10K
6TYGrNvi3Wo7Yy4NHt6yLynDWDS3zhuHo7FNSRmDDnUB,9469.246891730338,1125139,$1000-$10K
8ZZFMVX4LgXsH5ZZqVbHzVLvJ2iZRKUzef56cpYgwXeM,9469.231443233204,1125140,$1000-$10K
FAFirBsi5FwHgoffYpM1DrxCyfrcm9Hxo1Mtsejs4nuu,9469.2131875953,1125141,$1000-$10K
6JWoqcg3AiSeHy3E3V74qqxmUBLh2FY1xf84ZFGruNb9,9469.211882461777,1125142,$1000-$10K
4cnuA6zJzWa4CZStPPcCTLMT3hV6X1GtFq6yChU7oQac,9469.189521451508,1125143,$1000-$10K
8w1eST9ERmsawBkuvKbRqoRv61RUqzGKj9ZbTV8pw9dE,9469.182260118234,1125144,$1000-$10K
Fba5zSPTNcFxZPfKxmkvV1A493VjRYNQU912hdf65swA,9469.162372435496,1125145,$1000-$10K
BkBPbSQcLvqBYEs2FGBwL2qAZjmHM8fNBU2E9J7DnCPN,9469.146210474997,1125146,$1000-$10K
9BGD96JnXfBbqa17tmnUyhbFsHmvBKPDw1MJHjLLRjF,9469.141670365647,1125147,$1000-$10K
6rSTjganRA3kDPUb4Jagq1iFN6hG4H62vrMyWQyiLQ87,9469.094073165794,1125148,$1000-$10K
52A6E1rMp9Vaxv1CBkUvmQQFaAktZnxcHFkiexsTkCC3,9469.076928395842,1125149,$1000-$10K
FdY1Jz8tSd263pENmhpfkKxY34iCvBpjW52oksFqU6aF,9469.06180208878,1125150,$1000-$10K
6HAtvErP8mVXrGKfSit4ERoVV9Wtc7BzsxB21hZmmu5p,9469.05742037717,1125151,$1000-$10K
J5aQwGiemSA5B3vp6JyYVG7AqTEmynTvHgNYR8WDPyBD,9469.057381248767,1125152,$1000-$10K
57ivHuN4enHUY4mx9zTBDFQZtWa5pxm1rL2VVKtM1Zgw,9469.053273441543,1125153,$1000-$10K
4LRvk9tqFqcpd15xwyXFdZxiRTetHsE8cDw3QJFLcqTU,9469.046607308559,1125154,$1000-$10K
DhySsxT3Jv8JgGEhPH7Rj711mod4L7X9eXgD7wGxA1Wc,9469.045085118072,1125155,$1000-$10K
EKik2YXG1o9xruiXWsMVjDjbiEdpe2kRuatqHLXKbumP,9468.99998639446,1125156,$1000-$10K
GeAi7vuhXkjFdfiEYVTFC2Sen1qPtZGvZGJdDfYz7uda,9468.998842809431,1125157,$1000-$10K
zKM3L3oo2SVp32yQ9ACZEKgKueAfYYVG3AJ47mD6Zkn,9468.990231421772,1125158,$1000-$10K
BDkEi2xiBicbTxzPdVRayNrZs56LzinwYEEckbqdEGQC,9468.958437114788,1125159,$1000-$10K
G3ZCydZe7EHDw9McdNH1BQs5bfx18r3udAhmdyv691Ry,9468.947075120997,1125160,$1000-$10K
8Fy7pbRAzibu7jezgVCcBgGnN3HrARr3JW3CFLmprzkj,9468.915476184966,1125161,$1000-$10K
Afq5UMrZ668igQQCdbwRhvoaWgTrDJf7t7jpHXFiBCDc,9468.911940445563,1125162,$1000-$10K
G3woxPtL5Uh5MVVa8ZGYxZThRMsv2FV6gqtEbfHWbaGf,9468.892175002773,1125163,$1000-$10K
H4umGYgA6mPUaAAYLnVD8r59Q8LBMaAua2MM1fpXT7we,9468.81934170354,1125164,$1000-$10K
AyHtq6ZFMGDgDgjAsVke8gDnfGKwKSe2qFGGG2C3Qfa2,9468.748344334386,1125165,$1000-$10K
7BsUYpxNQ1om1sBhBdkHJ585CbYtxB7n5MGaRQJhX4RN,9468.743839666606,1125166,$1000-$10K
Dg5NXUx1P13mxtVuyYK1HBw9V3HuVqnRK38gB3sPw6fX,9468.732,1125167,$1000-$10K
9aq3hQnSjjzYDTtS6mogCeDXcKVFQbbabzQWyVctX68h,9468.704766631658,1125168,$1000-$10K
8V1RVr3FNs28jrttU6qk91ypdH5kyL1nU5hd2aaFMGfe,9468.675762791734,1125169,$1000-$10K
9tySaXuFzQfSnLbCxeHcXZcsH3o83Kxr5rVRpK2bgteu,9468.664142077097,1125170,$1000-$10K
9K8uwYPapv4VcgwsGiAxgaQBGyAwmfTT5LH264WSqSov,9468.653013981566,1125171,$1000-$10K
BtZNEsuC8diUQQa94XGEwHBGrHxuXZKqpHE3r3KdqeuR,9468.63497477079,1125172,$1000-$10K
9t6MSYpaJkCUBv4FDVQXS9wp9JBzfgU8THziQ72Hd4gW,9468.614830369957,1125173,$1000-$10K
4jjF1VoMwM3YV1JinhzaPKSLRpZG6royipNwZG6BBsb6,9468.59982049482,1125174,$1000-$10K
9sxywwwBrgHTKeoQaYSkHwTJUVCK8GrzHMNAoaRbuRfF,9468.55477330637,1125175,$1000-$10K
9JM35WsS86aWaiwy7HX1rK8oKUvko6VmcficS4aatk2w,9468.517003111561,1125176,$1000-$10K
yWnajXWvujqGcfsjxkz3skr8PC7BHRjsg3NmPUBPGA4,9468.51658173174,1125177,$1000-$10K
EytRefbDd8XN5eYWzxkAEiSGbX5rsdXZnNP2heVEQsS7,9468.515471563736,1125178,$1000-$10K
GSMPw2yZkkyUxisWYW8pTUahgAog9d1XmXgSxZgtDQsK,9468.51010124461,1125179,$1000-$10K
6Z76qMetdrrnoz9YMxAwJCkLNyeCPHHwvH59U2nigehh,9468.472450228366,1125180,$1000-$10K
HFt7HjH8WFks4eTwP9AgTCkxtpDNEeTp7ni5EamuP15z,9468.456676251872,1125181,$1000-$10K
B11i1b1LfuSGuRH6XjBLjobbfFNS8sjwLvF1zgTxHG6A,9468.455075488615,1125182,$1000-$10K
DGx44V96vkxK5aMQdFoHNbgWcsRVWgTVDzWtfvFzQuXb,9468.415613139128,1125183,$1000-$10K
9teBEsSGpShTQzTKXR4GESkhCvZv8MCUzCggYd2Nvfd5,9468.399079476256,1125184,$1000-$10K
4xv8Pc5sVf6q83tNp7B1e65prbpPp1D8sTQkkieiEpvk,9468.385000055443,1125185,$1000-$10K
4VzkhKd7RjubNNNbRr9dbaa9esCVaf4deT6Fb18ApgQy,9468.352570252813,1125186,$1000-$10K
HgPtgVyArRM4Wz3ZN5yodCbYddjPhYx2uX2aNFffQHBk,9468.35226112833,1125187,$1000-$10K
GZn3536NxaCmyJHxXjpVmmxfMf5ssrWJoXXW9zhbDmm2,9468.340508966912,1125188,$1000-$10K
E1gNajXE81cn2UPpbeVudzuQDJq8NFy8FTWEHVbDcFz2,9468.33489527625,1125189,$1000-$10K
3vZDQfG3ccmvnHRQcmbyeFiTme2jYqcp9Qwf2dLc574C,9468.319611406881,1125190,$1000-$10K
4ydf86FtezQam5XLCGj1NcdpepjUWrfE6RNnsDh4Mv3L,9468.315902477883,1125191,$1000-$10K
HnnxCno5SZthYfYCmkq5hu5f1cdAf35hGi3m6mHusV5g,9468.30988612994,1125192,$1000-$10K
8HZLKzjt2Q9A7xuhDebaP8cjqRWpM7RiX4mb7kDs97Yf,9468.289577962516,1125193,$1000-$10K
BcwBugKHfFNLnS145gi861nK6stzzsPpv4e7PYZhf5sb,9468.256871562076,1125194,$1000-$10K
6DV4FBqsfzeCHn37nuCdXghBM2froR3iJAfYWyFx8yWW,9468.256148519305,1125195,$1000-$10K
EFZnJYkiLctURtt8KNqBoc1xVD7wPwM8LTb1z1WcUrV,9468.242898958797,1125196,$1000-$10K
3X27YxGptsDTUS3Nao6NdEz7A2UM5JJdPQHkJgTTXwbW,9468.217029664058,1125197,$1000-$10K
CuccCKhr4TSGSBUZdZDqNBFPofNm2FoTbcDTw3xyE51V,9468.214327947562,1125198,$1000-$10K
DTUBZPvMchi8PJ84gLRinnHX8c3X793Evt1KqJGgUNWa,9468.202225223698,1125199,$1000-$10K
F9qA4tCMmhjp364jyxX9JkpDv2rDydiT2332D2K596g,9468.197974380397,1125200,$1000-$10K
Hm57MyVSRX4kRYYvm3tVfhiQ6aYcsKi1nbQuy9nTJivP,9468.191481669677,1125201,$1000-$10K
8dyt5TTQj6yAes9TZNn8ZLDtq4k3rXb4ZhJsRrQH2nP,9468.183177311696,1125202,$1000-$10K
Gm9tWh4GSJ57kKQUeAseagEUwXyC3GyYbUYvBLxMeX27,9468.149283340728,1125203,$1000-$10K
6i4A3SrREuq8FjjSEUPVrdqHeWCE1rhKRoPgVyxR5vEd,9468.08356150515,1125204,$1000-$10K
AZ5iAnNtjmnE1W4DwDbGQbPofBiQ9SmGFx3qXShMnbhH,9468.080270299326,1125205,$1000-$10K
VB8v81h66KdzP6MhunReMjDXeKpphiGMi1YYT2xZzRn,9468.07775572321,1125206,$1000-$10K
BKmP5fLLtzx63E93ujfFSTsxm8fT7Ju21oXxAjeBPsm1,9468.076597494102,1125207,$1000-$10K
EoZSumNSErZirZEUJzhXUMkud2kVbzT81m87E7zxfAJe,9468.044618611912,1125208,$1000-$10K
BjiXnw5D4DtxmUTeqWkmvfZMTvUXkVK9GbSD87GCoLMX,9468.040906807879,1125209,$1000-$10K
3GUSTmjFn6psp453mP89hq5g3i1xS7P8RCK6MksDtbFN,9468.039112636181,1125210,$1000-$10K
D8kRQo4G6PEirApdRJg2jcK4RfhCtPtZDBR1PmVqhnyf,9468.03073870417,1125211,$1000-$10K
8FE2cdnBqqPHWjcHFecCimwZcwBHZiZmWo1njrwfUV4w,9467.980071855476,1125212,$1000-$10K
EFgA5Y17Fu81srX5Bj8hxAGYGLh9JwrLazE4JFQma1tv,9467.962378887223,1125213,$1000-$10K
5Ah2QgRRq5wyCo9aF8PrZTro3mB3DSVZAKaBAwStGJwm,9467.956971793768,1125214,$1000-$10K
8R5vCsXemVnddfCKPYDYV5rcUZemfd4mhPdoNkBAwzPK,9467.922344941862,1125215,$1000-$10K
7Q3XvguhZw3bx5RXbMU7NZuumg22jD3npNjaWhBUEhdG,9467.915270134441,1125216,$1000-$10K
JBtWAra6A5AVWUsXH2TcjvuBhpSJJMZ9n6qRJkbiNNPN,9467.893530771538,1125217,$1000-$10K
C1w8bNMZe5yHqPHKFG6eJqjaanwJaR799fccbUpEwjdQ,9467.852130365281,1125218,$1000-$10K
HkxH1krEaAvaqzggm3sP4GpJAiGczsKNXsjwGv5YTToM,9467.8516664233,1125219,$1000-$10K
AukipZMwHWr3Fj492FYaTfWNWuKhoQXmffZh3JMaGPNv,9467.82991664418,1125220,$1000-$10K
FvaG2FihRUUBGw8Uj3wDvkGkUisj3a2uumTq5o5545ux,9467.827057051596,1125221,$1000-$10K
8cruy471n2MCD51g3nynkB1Xgpoq9Jgs5TSf59Ruit5z,9467.803018678867,1125222,$1000-$10K
J895wkB6LCynm5wbTizsgJR5naKdHaLs17Vz8izCsgGH,9467.792962994517,1125223,$1000-$10K
4QvJ9917noeav5uJHXdynr386G4K7w8wvUxxkrZmYa2z,9467.792728348906,1125224,$1000-$10K
F4vX1yZYjscxw48xtBHz7kc8vFv5B9WiVQGfdzqww8t8,9467.77974034754,1125225,$1000-$10K
4rUKCKisTwYVYkKxbd4kDgc6AiD7KseABhv9jWBSwRaF,9467.770940091372,1125226,$1000-$10K
FUWN7PbsbBFAkCCJ3D8gZBudwXohnhRkHWWcvNDvUWuF,9467.770607103274,1125227,$1000-$10K
4bBp1ikFbTrGvF8vqGtruSHxWLyabdUTPry1C9eb9i9Z,9467.706209973081,1125228,$1000-$10K
8yFDZBxzarxgDFT6M4B6ggZe11vHxXTvK3dg4XUxCh9z,9467.69045570956,1125229,$1000-$10K
CRzojyJyzNfGTqf2AbeL6g1UhDPQ6NurLpJxiS6XPoRc,9467.68833962451,1125230,$1000-$10K
4h7EKojAmYMJ7uJNuznEaKKtfUVfYfRbZmsRsEpbw1ti,9467.654511943472,1125231,$1000-$10K
CCVpeExpy8V3hsN2TyEewK8Rvv3JiNHqG2rp3kwcEj8A,9467.6446917822,1125232,$1000-$10K
6EZXYo7WM1jjwP5zXTJ21w9mmnJYKhsM3iqCfmNjV9oT,9467.620971790384,1125233,$1000-$10K
5WcPwU6fBLDrrVfMNESvYUCWdqhsKokMfAHwxXUghm5A,9467.616125442371,1125234,$1000-$10K
3wb9NHJu2UKnmBTbTUvV1EWMWRtCP5uTHVYDP4GUCeFy,9467.600028235462,1125235,$1000-$10K
B1n9mbe1nohmXNxfTJM4Eu7iSXBSE8m8gzJ75Soitf5U,9467.581957065364,1125236,$1000-$10K
6Zj9atvzh4RWWHpfmnqFWdYhFQeMEnaRZN8DL6a4mtDX,9467.550333512632,1125237,$1000-$10K
DP3abP48Eq6QyHWFja8kf79zbXsdBJPLds67S1g9gqgg,9467.545521191774,1125238,$1000-$10K
H1PokjEUNdBxyYtRrfTCZsGPdzcKLMNJgbkr9etBYoup,9467.528413439162,1125239,$1000-$10K
DJ3WE5WAgsip1RKDjS7VGJ9AFc56dDLd2erv8Ky7bmv6,9467.469898789348,1125240,$1000-$10K
6R9Y44maqB2oqdQmKq3N2oggLBibFCig4sFyqBrqvHj1,9467.451615546039,1125241,$1000-$10K
5KMbTUVjWeDTHDsRCWinsZkEL7HMQkszEwUumw48srdG,9467.404333414002,1125242,$1000-$10K
9BjRh6yGFAHSKB5KgZxMiDbYuw8jXWrvg2cK9an6v6i1,9467.38669777587,1125243,$1000-$10K
emmtGK81HaTJnvsAchhtM6EijVYAXya8fQYAX5YjXLo,9467.384318116434,1125244,$1000-$10K
5ya2fDgj1qtde1Fhpa1ubyEpsZkVZZRy8siZzTJxikBY,9467.294995809956,1125245,$1000-$10K
F9BcU2yMqxmeYYUbqYMTGWrEwmAHjLQLbRrPbog6dhGQ,9467.29487064932,1125246,$1000-$10K
GYxcCFYtR3CR6mEtN3YU5abdfswnFAM9Q6LcqG1cNFx4,9467.285087623692,1125247,$1000-$10K
DdLpeScXAm8UW7r1cv7JKB8MmKh9uj4vmPsQ7rp9e22b,9467.259590900088,1125248,$1000-$10K
8ihqy59f35mKpk1tB8jEvcGWn9xXPujY7jfTP2TGxRZy,9467.258646426242,1125249,$1000-$10K
FZqwbRk9oCZXVq8g2nUFgwXvyjrgBBpEheR9n26hjso7,9467.248268253152,1125250,$1000-$10K
BuL6sXcxaEBoWQsgz7fddVMZwVhJ9sV1x5WKYDSRcLrZ,9467.22861300228,1125251,$1000-$10K
FuAYwkxsUA3Wfwx6rm1MzCu1e8FeE1UnYoStkioWCYjz,9467.222583211287,1125252,$1000-$10K
6WX4sGRmTHc3isGLRZVhhMRxMVZstq1JKZXsK5UVWuAk,9467.214735910791,1125253,$1000-$10K
798vwDPqy7VdPR62GprigfaBbu6AVmKcYtRpjG8A7seR,9467.201266635238,1125254,$1000-$10K
AUdApLhizpRKJpf5NPkmcbsjG9wCLBhXqpVwY6YEbEu9,9467.191557857232,1125255,$1000-$10K
BXJSAiy56DCYPuuyuuHsdu1RUeQsJCCAa3VQcKnGm69R,9467.18722223225,1125256,$1000-$10K
j9DNwgvpQRfdxPMS3RaWizyquaUfkQ4ezFeQpiUi7zN,9467.185372317734,1125257,$1000-$10K
D6GDfMZVjbLVziso2cdEveG7t3GfVxGSDaxv3Mtmy8uy,9467.161528708804,1125258,$1000-$10K
FJLgXXbd9Y2EAyuunHvZCEvgJmrYPzmrv1zztZreQeEu,9467.109582698602,1125259,$1000-$10K
ARENFLgvjMnuiKpjRYpeJmspMAan78bYs3PKdpkeArCx,9467.10443852948,1125260,$1000-$10K
57Td4nUnNA3W5K8mwBsD8Bncdd47GZKqWA3m5JAqEFHy,9467.081226656444,1125261,$1000-$10K
3QRqaYze8g4LCyM1cNSH1vSHGERdpJzHkhGo8MnFGnRX,9467.0681192117,1125262,$1000-$10K
3mULr8K6HE5K4uGwXgC7ntb8reEfTJMgEp4ZVWB34L32,9467.06370795122,1125263,$1000-$10K
GQYuhB4hfBbT44W1eMfjixiJp5ZFRKQDsbEWrg8tZQWv,9467.02258894739,1125264,$1000-$10K
ENBiKNcsyEuof8DJma8HziACWYQPDJNqrT14T1ayzWSX,9466.993254019611,1125265,$1000-$10K
EwwGWZFjeinTcj9bBW67EuihRqekUaASXbLmfHzk2Lkr,9466.992907186212,1125266,$1000-$10K
BFYuL4CULqCDo1mA2EDGki5iBatej6W9askNeUCUbLwZ,9466.97417734414,1125267,$1000-$10K
3uLbcoraPdfFRX6SLoSsBkam9zENKVBHHnT2VrSTtjHh,9466.942376647716,1125268,$1000-$10K
91eDMvxaFQ8g4Y5FbWkQk8UU6KxpscW7pRnb1Phw8par,9466.930284921831,1125269,$1000-$10K
CCzk5gL1Whd9yo6QLqNaCzMzuzRhNPc4zH4gTs4hgQn2,9466.919813491668,1125270,$1000-$10K
BUyViqu6bjaks8YeotnuRpP2kZWM4Nci8KaWe4J1jZXp,9466.86443476493,1125271,$1000-$10K
23chhBkLwHotvhVJtdahcYugrYHRccEnhUYnAPVup9iN,9466.83796473176,1125272,$1000-$10K
D1NGxvEa6qqpt8a6sNk2bmetK7GA76RQK2dvXZf4WkBn,9466.828204493488,1125273,$1000-$10K
E7fsZgk3UEGZuNzHwQ1t1HCZrqreh1UdtvUatKb6FTjz,9466.812521446103,1125274,$1000-$10K
51aw1B9f4ksWCxPS8kcqLUSiF4VhpbaRvSBZ2YBf24Ze,9466.81219744224,1125275,$1000-$10K
3oD1U51XTu7YkxWgTvA9wUoVrusjCCxtGiCzc6MvuVQU,9466.780961381835,1125276,$1000-$10K
6garwarG4i2CYJwLmLzcFcjHXQrwcDjPrXjRbBsSwgSn,9466.780832329398,1125277,$1000-$10K
EAczpP346pM2iuj3BcFT9EVki9LmRwonjwbmZMgUrX24,9466.760824554563,1125278,$1000-$10K
9oYYV5XC1Ya8YdWekTd9S8qKYQxh6Cg3ohvu3PbFsUpY,9466.75941442053,1125279,$1000-$10K
7pYU4SxspmvYzsyauaFXquKf2cQQ73ozDjECWuanLzVD,9466.759171555608,1125280,$1000-$10K
9imD7QRfZBHGUWjbU19K6TxgVPYAEhD177gSGA9YBFp9,9466.754945929377,1125281,$1000-$10K
7GRxSzqhTb1KNncXgq7ADehThvAbC5Ltk1RJdwxemXGw,9466.739896811187,1125282,$1000-$10K
BDgNqqUTZmBxxxkSebeLLTKVzu7ZFthrj4f9Pzo1GGoM,9466.738010873743,1125283,$1000-$10K
E4tAPrrwmZQgs6XNK96aaQFgmiXLCNRJCmTCRAGNaPt3,9466.736227150343,1125284,$1000-$10K
9GtPG5mEQEoUWEcoUt44QJT7mnGJuPkk4prembThFL2,9466.735739798949,1125285,$1000-$10K
38SjrfRHK81MCb5spFewkcGmdaXskZYjvDKTDbncXJ7V,9466.728654480941,1125286,$1000-$10K
9bxHsD8LRDsUERC9qbwSH9XAKFnLQvUpQf1dznsZefrj,9466.71958029165,1125287,$1000-$10K
65qawb51P8sooAHLDsihPiBLcBP3CR21BVUFpYynsA6y,9466.691597976396,1125288,$1000-$10K
BS46CUQoQDupQdjYNnHWWaMvafLTcYJJQYGwL1se6bgY,9466.688839265411,1125289,$1000-$10K
BBydJJuGiAsSEWepAnRWcJkiQT1dxxFhGgBENMbiUFxo,9466.68616614173,1125290,$1000-$10K
GJPwUoxafkb21sHTJ2bRZhGghViiHmJgJtoTjNBBhts3,9466.685694316102,1125291,$1000-$10K
2LXZggdBTVEci5vipFPz7rLLR3JnKKxn1gnN2pmg8jeb,9466.668508880543,1125292,$1000-$10K
Cdi7CaXphYRMY46yr1NQm9vvbSQaQJkMLWSvxMu3mPHF,9466.636858346195,1125293,$1000-$10K
CHzNDJuxMbwk1kSxKpWStcgPVFDf7oCWe63yejT2buZc,9466.636371661267,1125294,$1000-$10K
2DAJ2R5vJDRAKK7k1S8UoYLmkNiFtdkFRkG8CnjRDCpw,9466.635054544906,1125295,$1000-$10K
5x7kUHhDdFJ6oVULmBZ1Bk4V1oG81HozQDhvUkHBKZ1k,9466.634924413174,1125296,$1000-$10K
6oWubqyJU2J4vBkviFuMUXoM1Fs3iqJx3wBZnKGxQng8,9466.62646219087,1125297,$1000-$10K
8h5rjKM49bTztfwgbWG9dz5F5rV894Sy56z8QP1cSKPL,9466.60875842445,1125298,$1000-$10K
EheLftTRYrfGrqh86ETnU2EfNJ4cV2wttG229FNorknx,9466.606988451453,1125299,$1000-$10K
8L12qNXmfPoGhMZNKauYNaGRwzZ8nCrushMezYqkVSw2,9466.604498663683,1125300,$1000-$10K
D9edrriHGf9Fk3RPhZASZ7XT6dk8ipFG8eG2BUKepFo,9466.602717797381,1125301,$1000-$10K
B58DAfhgJ2Bheo281FEczQmb6KaCXfouGCcYtYDk2Dgu,9466.59953899966,1125302,$1000-$10K
5e7PN3izFgXJ26gaYsSgvdRDtu5Z7YFLukACbfQNBahM,9466.599290081762,1125303,$1000-$10K
H3ipVg4hKmbqCnofdgcZgKdk5WLh5ZeBwSwTqRqSZHFb,9466.57696322359,1125304,$1000-$10K
CYP1nDZFFq5x5QYAwuX6kst286Xx4FjVK5U9dBokdnSW,9466.56426528948,1125305,$1000-$10K
HTbe7DVG3YU2p3ox4Kiga6eGimPrcHoigFzWKKfK77Rm,9466.519811593784,1125306,$1000-$10K
8BhVxR7YECFDnAWxc8VahZwJaWE65gBuSumQmSuS4TBG,9466.490248225988,1125307,$1000-$10K
3MKEjvJcv86aLGoXKJW4ySjbbEcuEkE8Jxg74U77KfeR,9466.483776634514,1125308,$1000-$10K
5UqZmPC1MyAsEUMHnMEFZYSCRo6efz1xuSm5WcxKitfN,9466.473978384303,1125309,$1000-$10K
3HWHuThbfVnqTKo2crEtvKduPpQLHHPzcHz5KYEjAZie,9466.46442777639,1125310,$1000-$10K
8VgbyZ7qP2tawBhfMaje4Fkyc22uxohK77XPKNeVvcYF,9466.449677657441,1125311,$1000-$10K
Hb6f1DKMusp1rySdymmpuVxn28V5crDiMCQG1Tvt77ZJ,9466.441216489915,1125312,$1000-$10K
GR5Qs73DMWUKpJWgqxty8QzdyNpJxCbHa8BCakVcvSBq,9466.437023019076,1125313,$1000-$10K
95jGYP61FYhMrgneV78k95ck9sqFJrp6nUfdn6253wBK,9466.36615500424,1125314,$1000-$10K
9mCeH7rjXhR1qWDvb3xFFokftoG4jtc6H9XJ56eeMfmS,9466.337380334822,1125315,$1000-$10K
5ADKxcgQfSJRjHNunzbgXmSDejaduD6JoFTcpv266pBg,9466.264385216897,1125316,$1000-$10K
5cJHfP7WDY1dFgyvAB22dyM95cm3kE1DrcpxQrspHSa3,9466.253408444863,1125317,$1000-$10K
HDtoudeVkJppnAZionUfNuupR7C3zP53QqmuVAKhm5BE,9466.19199544131,1125318,$1000-$10K
CYxXncn8Ed3Dom2pRR4em1nLFy3jHE4pje32wupb87Yy,9466.165270291103,1125319,$1000-$10K
BByQGMHBYine3SqZZ4JNTX9JPZKrWqmv99CAXbQP2kLt,9466.13447097124,1125320,$1000-$10K
FBuQLzk41Bkp6TzdvJXki6hTYas6aNwzpvu8U2xaJAkK,9466.111286314432,1125321,$1000-$10K
n52acYp4QKsnqwfYNxW12kVg3XUVvuQA5XQafZjwa6B,9466.105395584218,1125322,$1000-$10K
7XMzbvdCuBSazN6wy4KbBn8qYNuxBAHaQFUVHtrhNLb8,9466.095975087988,1125323,$1000-$10K
8hdfTxXkd7WSUTzroTWhKyocMkWPQoipH1YbNS8hRUzG,9466.07970257066,1125324,$1000-$10K
Ft5ViyWdBmAT7hTJaK5JtuGCNecTStPoa3nC3EPQPHRH,9466.071053721627,1125325,$1000-$10K
71d3Lr6UQeM1n6JA22XK3mmgwHAJdHRi5csG5dT1A76d,9466.06769296775,1125326,$1000-$10K
AbWMXXS2euFC8hEJZb9vYXNkztmhRhcRd8DNZG1euJS7,9466.05752398815,1125327,$1000-$10K
8Zmf8Zo57Eukx3J1hhexTzc8hgvdwkQkBLm22GdP7HNM,9466.043361809892,1125328,$1000-$10K
3KG1h7piB4hYqSKBPxnnKMoVFL1A7u9b85i4Cn34ycLL,9466.036853453441,1125329,$1000-$10K
AoZZjrEmMKrW9bW7KMpxMWYJB8nqpBqTuRMJ2mAWgncD,9466.0217004937,1125330,$1000-$10K
6qdcLmNTo7eBmHBSwWtYK5AQ5SqXCHMhfhT4AFTFD6X6,9466.020784516944,1125331,$1000-$10K
61StMDgdT74qdaT3cEHwznPHF3WtHRAGxNvpGQm1GFgo,9466.0129326883,1125332,$1000-$10K
CewRz4MZqtwaAPUoCGJLW3WHAtHkCcFxx5WWphee8HNM,9466.00967073456,1125333,$1000-$10K
F8oGR3aZwYsBE4v3CccvRcvHWyJLX76iqawdcwVXaWH4,9466.001374072432,1125334,$1000-$10K
AfjUpiXpUdJx7Vjqgsyk556LHCK5g85FBZo5DmuYFuMZ,9465.991051822926,1125335,$1000-$10K
EooFdHNpbDJkPjv3YW3Z3pEcapYFdhiXiemeqRGyz7jk,9465.98732785228,1125336,$1000-$10K
BprBSWYWtb8GedBC914Q85dG9HEMmcF2tfFQ3SToKxfy,9465.983566377694,1125337,$1000-$10K
7zg89edwds9wzmDGqJGH9zWAQJbsLywSZpv1fan2yDF3,9465.974359846461,1125338,$1000-$10K
379qMZocU8hX2FzMVhFkgSmMRvhSuLa7UHi57scDmWUu,9465.929097482904,1125339,$1000-$10K
73LGP8QKyMUzwyeSfab8eUiNer8yr2mUQNPVZ2irfSwH,9465.915156105282,1125340,$1000-$10K
GhCMdrfg16SWGAPz8U67R3gFXNQDsxmufeTU3Q9qSMJx,9465.911685223275,1125341,$1000-$10K
CL2e9BooKVYfpDFdSZUJQ7qsRnRYzyu5xL779juPXRnA,9465.907506257303,1125342,$1000-$10K
FEwCvXeLvnupSfLnT2w6R6TcV28F4WgDmE8ahSqsr2n1,9465.897454821077,1125343,$1000-$10K
J9KQA7UvZpb9cwSid8EXVB4ozKzwNgxLmk3UvEjvj5nS,9465.879085788722,1125344,$1000-$10K
FXUs6uenF8SKtXTt5o2Gt7MQhZ1uqHtgQGsTFpVVVLp1,9465.872322051979,1125345,$1000-$10K
GUcLUM27hncgV8UTzWStLnGWjERdGhg8bwFymM2gnHV5,9465.83252270912,1125346,$1000-$10K
7ATL5DQkmxFGJvjf2iYQxLw5iqcXmt88rj1SEqxHh4Wo,9465.771587360006,1125347,$1000-$10K
HUNXWjw47awCmZt3dmCzDevx7QEyNVrWW6174hM5TMCL,9465.75016205592,1125348,$1000-$10K
GcmSJYBuu7yw9jZySSrQDP2ujMFaGxUsrGnshTNzdBas,9465.740570327895,1125349,$1000-$10K
98vs6dj62ERiyfTnH2819qjUEn9hVTnTNXnJuUTnXeLx,9465.716867027984,1125350,$1000-$10K
9ecMW6hs71JmugKkawVeTv9kS82hDk5F4Hwu91r1y68f,9465.714605219739,1125351,$1000-$10K
Cca4k8RFGv5jCJTJcCsmpzhYq17DJDadoSZbqVkhYV1C,9465.701294869894,1125352,$1000-$10K
5dBUeGZcoAbKkcVSwnAKUPY2hAohjT65ZZRGxdstqt9Q,9465.683045164787,1125353,$1000-$10K
AMGx6RKuib15qSkZrKsKN4aesRPuSm8wng8Kpkpcahs3,9465.661413978763,1125354,$1000-$10K
8hUNGy315vrMJg45acQu2SGoepy7CRdZ37AJMdXY3GUP,9465.653613043589,1125355,$1000-$10K
EXSHFigF1aW2vBqnCafAFuhpDcb2a4H6YGduaC5h5KYX,9465.638154966082,1125356,$1000-$10K
C3tKVesZ4yycU2dQ8HQ53ZR1EFsxUx47LAHP7ZcJukDN,9465.63582862526,1125357,$1000-$10K
4PA2MYYU9yBfDRCF5Dky7UrkER3axepgYL22VfVtpYWk,9465.628268999051,1125358,$1000-$10K
4yENKPf7EZchp4WK2weU8BxCB9nyiK4kqwWPVqgqFt17,9465.613099306514,1125359,$1000-$10K
HgdQZ5brcR2ejyETpEnyhcH6LZ7Q1AF7scNJ7pnkxsCT,9465.591259619916,1125360,$1000-$10K
5cx5efZet6csr6mnN5yKmwh3EywAgqfNkKfT7n7YNSJt,9465.588938294444,1125361,$1000-$10K
eDXoPW9VpKDAGYgQWJNEjgceCc6B7hAZYrduRrTnU5d,9465.578518110786,1125362,$1000-$10K
HjGsnZZBskVbFNQxh1xZZcMStpFbv4fpQaYYUD8SrWWE,9465.57424616895,1125363,$1000-$10K
7FWQdxkuE7Dm4F6XQXSBuEHFTDAFxNreD1QzumpzvvBC,9465.555343830178,1125364,$1000-$10K
CFzytUt8bWZwf9HZJ7KH469utjcgq1jML5QzLRQtVL4J,9465.553646077688,1125365,$1000-$10K
4pfDpD24ufG8aowyTT2o7TcY1DY2V79VCWtUg5nxDKuK,9465.548770741796,1125366,$1000-$10K
CZtcUWhhrCjG46Cb3wq7fzKKkMtRgbN9HowqSwENcfWM,9465.466859529259,1125367,$1000-$10K
aAdJCZ9uqbq3wbVp4xPypcSyRuqHARX3tq6UvJEc13m,9465.465226260203,1125368,$1000-$10K
6DaNB1oekFWsdkkVVW4UT9FrxN5QJ12XyhrCvc21k3zQ,9465.44096048232,1125369,$1000-$10K
6AXJbNBvy1tU31m61mJdL5bXCqtPnCKGiaqy4hiyS9mc,9465.436399765655,1125370,$1000-$10K
6kJXUyeWHdiJHChC2bEVe7fBU6xb5E9qfjP3PgB2fJCo,9465.43618359813,1125371,$1000-$10K
7C2t7MKMS3R6ZhLxSrWZJsgYvbUjNRa4UGhYhE7MdWW,9465.428302293169,1125372,$1000-$10K
Fp1GzYMM8EjdW1P3EJSSmBHUbobfK5czyjaZ5QfVADxC,9465.40222058006,1125373,$1000-$10K
8vtggw5RevC2MPXhYqEouAX45bban4riNfZFpkdL2WBa,9465.350681189368,1125374,$1000-$10K
58ycajy32EqNCoPdn5PLhiA2et4rPfucYtiphQY925o8,9465.33122962302,1125375,$1000-$10K
CW5YE2BRTZSHGDzvhG2o5B7Vyy48nhQkZn8kTJeP85RE,9465.324726672095,1125376,$1000-$10K
HpYg1qJzFMycR4qsSPHhH5Lwr6myjuccUDPC5wZWGvju,9465.30671751044,1125377,$1000-$10K
J9CQJMQati17cwSAVzJVWm39PKJk9eqZHRQKquEkUEfL,9465.289081968778,1125378,$1000-$10K
AZjayHPPYAJa8j8d4tf162Sw4GSFy4y8jFQyF4JR5QPZ,9465.254763560248,1125379,$1000-$10K
5aSfU4jirv9oyvjKj8Lt3V7jkXFPJfJ4tzYYpssnaT5M,9465.250181694091,1125380,$1000-$10K
2awYFnZJq8GCH6UHbAJNybJxBZ1mMaWTg2QYNRKrhusm,9465.24356168222,1125381,$1000-$10K
9CHv5JNHsrqLsdA66pt8UsdMyRdnVTRrN4mnSvTfzgbx,9465.228739912889,1125382,$1000-$10K
BHuXtV9kjSvL7yS6MXDAoH5XsCWdGmkNwkCEXnuvNEwG,9465.210487396671,1125383,$1000-$10K
GEvpPqJ66eVRvqzxHw36NhZWKjPiA4gCtJ5teP9z8GFL,9465.208971872995,1125384,$1000-$10K
AC1x47sVqZwe2tmrrttTL5yP3QJQqk7oMFx3D4gkux5Z,9465.085513755877,1125385,$1000-$10K
5FaWagZnR6nfkN68DLJwk5fK1kLfYtBVyWaAScPBfwGi,9465.060631109824,1125386,$1000-$10K
2CAa2kmsAmqa7B6nPfxx6rqHQ8ujCvMPUxsgQRCfrKLr,9464.98196708035,1125387,$1000-$10K
GTudTyW4A6hN6zU441Fu7UXQS9PpidCSceqogBZ5YPmf,9464.975241063737,1125388,$1000-$10K
5vP9ag2sUfwtFTFCJfcsYqTb46WDjD6arT3X5N2wTDa1,9464.96202455834,1125389,$1000-$10K
3utWM46Hr44xiZQLEzgQTkapFN1ahxAx7P42f6Y34vMz,9464.91565526548,1125390,$1000-$10K
6MQw1YTxaBzGAK1XDGg1YxCieXKHUFmt2YQFDuYYcV1o,9464.912136557501,1125391,$1000-$10K
BYvmyocmsL5AmyfmnD5XFwtJTNQQpKFA1Ewphfk4SBwp,9464.910844760541,1125392,$1000-$10K
DHNBsGrK8MszgapcR5oS2ZZwApv3vHJeaK3MSBo3yxFb,9464.900150305844,1125393,$1000-$10K
DXK539Mzt1o71Wo96qtrbRzyaJzxC7eL1zSjX6p2H4JB,9464.895548139477,1125394,$1000-$10K
ERE2vt1DkjkU1TfuP4aLTgbuSxuLFZH5uD6rZvHPevdK,9464.879091615707,1125395,$1000-$10K
HReCbYCHbHn8ktwuFKg5vZcpdx7FqhTj9rwnEGTURjwi,9464.869020634818,1125396,$1000-$10K
7NGA6v5mPSiaiFSLgD7DQae6MoNsPvhKzn13bJwUiSHF,9464.861623051751,1125397,$1000-$10K
AYPdhBbudYVVu45jxertvScnh3XzD2ZDSjhj42sLggod,9464.861072787258,1125398,$1000-$10K
2Tc6cQSy4dGypfW26BFQcqyi2JDUbWU6MeQ5sRxjhALf,9464.814850661061,1125399,$1000-$10K
D6nFE8pNpcbcsRD2B1xaJh91ioBym2fsPyWA1dL6t7r7,9464.798397010809,1125400,$1000-$10K
6ot3L2tSaeMH5kkFAjpryr8n3LPWGsH7JakiG11fXwyD,9464.790714412178,1125401,$1000-$10K
7mzPCyzvqhesCp3LcLmYb9ugi76McaqLWSBmc8QmcfX1,9464.787653782967,1125402,$1000-$10K
J6HSNQ9sR14W9pk2DcYf4W4wyTD95R35BpsVfbc6MYsT,9464.78738762939,1125403,$1000-$10K
2oemEaFP4P66aSKTr6mtRufPnJA96gE3W7F1vD5KG12W,9464.779287057463,1125404,$1000-$10K
FZN8vwiwnGK7G9cvzt6UpAHzuKT4aQBw9j25sFLtPxBR,9464.778106588303,1125405,$1000-$10K
At95JrfFU6W6kFZx7b2GbWyNsHWLYzMKfSzgz329F25J,9464.750790156537,1125406,$1000-$10K
HZD8gHhVbF4oWz8C4DY9bz15WZjtk2vP8KspzdzAPGjT,9464.750049676863,1125407,$1000-$10K
ENY3rajLmGjU6hTN2aSVkDqQ6Fxg4EFSfKNKaXvkbKg8,9464.748,1125408,$1000-$10K
9mXRpYwdUH8vhd7EFjEG4k1dnzkqgNtCc1ohZFtNvmx4,9464.722156635067,1125409,$1000-$10K
ANuYcLNF5BKBLDCDtSGHERBs8omWkwVhJzKTekNVTUot,9464.720752197556,1125410,$1000-$10K
FZMi6vFgFRSivuGN3gXqt2Pdn39bjAK8qqYpNHVRHodm,9464.718376157187,1125411,$1000-$10K
C1ugAdhEB9WPHJ6tzu7WqMpro9jnyVQ6LAWVmBz4QgAL,9464.71018718131,1125412,$1000-$10K
FfMVwR3ZdG5APzcnA3P8kCpyc3hkNuqekq1nFYFanPHG,9464.704548112011,1125413,$1000-$10K
5x3tpcq6Am9iNUN2YitJC1SWcUNytHiBytkVg9rzrxEu,9464.698493225065,1125414,$1000-$10K
8n9qsUCZtBfgkSYroPpDcXJfbL2gXV2RyARZ5Kcq7M4A,9464.66153245268,1125415,$1000-$10K
EcviUHYh3qanLtURrJwKRjQcDNtH7ArEzKKRbaRbHCme,9464.632551286806,1125416,$1000-$10K
9aLfnz3hDQgDCQaUMMPjDasLjMheCiVDG7wmkJVejhkc,9464.617027641465,1125417,$1000-$10K
BmuowNwqp7rGvg96WbxuFd3YH6hcaWAtXWnZG3vU4kLi,9464.616206817018,1125418,$1000-$10K
HbPWXMDBu5NajdpWR8PEU8vzfZCXTjekBp7rsfK9c7aH,9464.590521079415,1125419,$1000-$10K
9TWrz1nVjW2iFikyo5aifxhz3fyvuTyBmhzRdkHo25xL,9464.566107363908,1125420,$1000-$10K
FNds8WojRrFcens1PF4HeVt61C2hRe4XXZipdB6BgPxi,9464.54795640399,1125421,$1000-$10K
ktcaXtFByfEc8qG5BDSN6vUjuZWabonduWZT9jjNgBZ,9464.45371981698,1125422,$1000-$10K
JA7ViYon1gpiC6pn6Zvo8FZo9DvbFCfTb5ZmTnUVtz8v,9464.444590712763,1125423,$1000-$10K
HUwHEMhx6ePELZPnfqZznUPKUN17hqDBwJBLstW9NxKG,9464.43854688096,1125424,$1000-$10K
DgJKnKCpQ6eTNWXN4TTKMhPaDhrXoB8xQfKeUo6MTYE9,9464.409555060238,1125425,$1000-$10K
7fSARpZr7rGjkbrbrBhw42cZHBjv7dUkRKkz7W2NbBXz,9464.386826491442,1125426,$1000-$10K
9S5EnDRZYRRPp5zMsG7t8ySD2QF7tA1qNsQ1pcYJipXP,9464.38564742696,1125427,$1000-$10K
9vA6JX7ZWdWby4r6EakTKqXLKHVyXLsqbYgeH27k6SNo,9464.385485151877,1125428,$1000-$10K
HwAwQyPskCs8r6TigpRhbjioKfLwMzT32wq6yjGN5Whb,9464.356422014553,1125429,$1000-$10K
8NoVRaC4DJJ533LueA9xjkBeSdwJPtm7gVTgBzd25HaT,9464.336064286574,1125430,$1000-$10K
6wR5XPuxejgqWWMKAZP5DiPyGabk6jEjByoto8Y83txh,9464.325891759727,1125431,$1000-$10K
7cYtQFijpnkiA8tz6cKDtjeH4oCH4aq9Gq438uAVKKCe,9464.324349515773,1125432,$1000-$10K
E5FJKbfKYXE6W13HAHfPghFQcz7TY4gvJmo6o6r9zRnk,9464.316114548701,1125433,$1000-$10K
FLjYov9NhzLYmNQkFmTuSpLfJpaEkU2msV7J3j2XkxqF,9464.312454445753,1125434,$1000-$10K
FDCCfUo9eu3ifKEeS3VWRvydgBCWv1iNCdbDE3Qp3vBG,9464.25813823972,1125435,$1000-$10K
9DiNoMGR7ipvhqW6aC9UAUozViYXxdNnARLBRAa8xEoV,9464.251836393982,1125436,$1000-$10K
CwY9pYBEYfD1g2RWBTc4GcFurpwXhrNPCiDZDvvfZ149,9464.248529992934,1125437,$1000-$10K
653KtynvSnRLRWr3PtoabsvZfZfi2XuYTsBE5QPf5Bg5,9464.2438938506,1125438,$1000-$10K
HjZkZrhhffXPPH8vAm7ooj1qEtpPhLtUTdGPDMdUbgaw,9464.23126068613,1125439,$1000-$10K
H6f6A4s4YiskQZbLcipeaEVtufDYzx9e7uNDZtorZcnX,9464.19259433011,1125440,$1000-$10K
5Syr4yDsRrQALreZXWTw4s4tQKMn45W1MX3zYg4WGoj8,9464.185293517665,1125441,$1000-$10K
33s5fYZMHBZC8dafA8JtRULj2GppqncXruXvKemVpvbW,9464.168422074094,1125442,$1000-$10K
68pYm35YyV2UebGcHtSQUqBRAVDDyWhJZEV9VngVarwt,9464.151873488223,1125443,$1000-$10K
7r4jdR3GisZ3iSJEcSskHcabx6ne5bjHtagJspixofQY,9464.141892540867,1125444,$1000-$10K
FPbAvaLmaqLQzAk2TSuzCmeFzqPHDeXfHgcvzXmaGKe1,9464.140045788696,1125445,$1000-$10K
EMaVRoeBwjY2TkdcNbj1kGZ37Ytfu24gdFUAuha5bwDU,9464.125087373806,1125446,$1000-$10K
697RUG8CwF5ZVRvwRDNUNKPbbxr6V9PsdvWv9ZSTxGWc,9464.113086747631,1125447,$1000-$10K
2zyNRVTWcL4Vtv4KFUfyhWTuQpwo6eHXQ2fGVZMssecN,9464.109982384225,1125448,$1000-$10K
9RXSrfDviQYYEZSVBNwhb2kBgEh5CjYWkqhHnGw3mBJ,9464.109571974761,1125449,$1000-$10K
DYqBb8BhCFFQAjp5Nu6GRvYUrk5ETu2tc2uG8paUUUJT,9464.057893789164,1125450,$1000-$10K
3pAbjRaygZo72245VxgmWm6X3jVAViZrSVvDQQoL713V,9464.02870565183,1125451,$1000-$10K
2fhsW2gQTGtJKCWPdTgpRHCxX4p7KzFNUTNFAgjfP8Rf,9463.966849424662,1125452,$1000-$10K
4MfiT8WJThFcdYvVZ14pwDnvjjHot9rxVKA4MYJ6yGvo,9463.96226691861,1125453,$1000-$10K
BfGoqNmqjEsyJQx4koKGsQRy2UAW18CPpKa9NNgGiN4S,9463.956280000002,1125454,$1000-$10K
B3VSP3X3YYWuYWGtjanJpFbNgthtEpTDbUWKb1fNSmJM,9463.941747851737,1125455,$1000-$10K
3FU1GNkwmaKSfwkLpW3qKfFjiqHSMhKQdMYrADyk8yoD,9463.905630921116,1125456,$1000-$10K
2Vg2KMQs1BrQo41Ef2WRiaKd9pA9btGudz92235569mP,9463.8857709454,1125457,$1000-$10K
6CUeUcs5baZXqc5kLatqm5Z8p5avppkfpbZEjqvBky6j,9463.882047338446,1125458,$1000-$10K
8AmfkjYEwhwsCL4QUKTGPdE5SM39PMaL3efpwpPovPZs,9463.8333206381,1125459,$1000-$10K
6dstszpYgUTErDwoCSCHsKxCg9fGkqMqjGmNqoUFxoBY,9463.80593495884,1125460,$1000-$10K
EbVERdSXsixLZ7pHPhrrmVv2WPQiqfjrGNjAYoShXyPE,9463.802496818003,1125461,$1000-$10K
CnEMGor3b7mpdLcpkfq2SiWZD5WtNdnMgcjzDJSU8nwH,9463.785083944105,1125462,$1000-$10K
F3N88UWiNh2NdZCkZc7GqtjDsh66kUrCyEgM57BCktpA,9463.782255801789,1125463,$1000-$10K
GD1XqRMfkBzLq3pGg2auwU9YFTfz6eUxcaDuLyUKQMpg,9463.75308060533,1125464,$1000-$10K
2KVixCcyXPsywJtMnzdupsjaYA3WmbPZHYwHm72TeEvx,9463.727889968519,1125465,$1000-$10K
4DDm3Vhq7dF76zgRPwSgadsD81rq2dAjQ7RptpQMwQAy,9463.719128333643,1125466,$1000-$10K
FhvuvzawQs33az4nbZ1w1pPYCH6tPwNoxtFb8gnQEfDV,9463.698030798085,1125467,$1000-$10K
HAmWEijvf739TqXtWRxufXgriuZg97P1f4ocxrX2ymGh,9463.684336638547,1125468,$1000-$10K
GomdPGjHMZ6636VH5GgFXE6Jq4oRSjJck1wtKeBxcvnA,9463.68390566264,1125469,$1000-$10K
6hRGR4mKHwoViyREXtwi7uHN7aA16VFvGhxKykbRwFz8,9463.672545100088,1125470,$1000-$10K
3pHUvNKYBQe34SoP1VYWmZFgsFedRw7Gfnhbt5jTehcY,9463.667004335082,1125471,$1000-$10K
44FYhhfMksHGmXwcA3voDBB67vvZ1aTsRKSNGmyaHFYq,9463.646961765708,1125472,$1000-$10K
FRPd1mBKRSQDxfSoQjgpxd72wa4c87EZq9uR5qLKXY84,9463.644575902514,1125473,$1000-$10K
4GdFU5x5ke2HBUVaFjvNGxqJYwXjgCjbhRx61ZFeJnHr,9463.626332952868,1125474,$1000-$10K
4tBZ7sjoJ2Qteo4EyKXQ1jtighLvfxr5bqiTWVW9K9en,9463.624348715804,1125475,$1000-$10K
CjuJNDSJMbLfcHxXFk3996aSEGqLtzTWBn7EWdBWFBxj,9463.620659126458,1125476,$1000-$10K
7TGCTajXKfT3UmyVZQ62yr1HuckqH4nsmMjUEh55Uv3m,9463.608650617953,1125477,$1000-$10K
5GM7ZZi2tkwcWkGkwyzMjYVeYJHXu7LvDv8GRVTGUHuN,9463.60515906367,1125478,$1000-$10K
2gtAD3kPB7z27vwK5DA1PdzRUQnR54dgv5vvNYqZwDDs,9463.60177828154,1125479,$1000-$10K
BKTQk1LvYHMUv2aLvLXsGbf5QUMroG4ybQEjchASx1Ss,9463.60118624508,1125480,$1000-$10K
687EgoBh7Lxm5bc8kdHPHmj9TCz7dzY86LHmAGNJ3mpq,9463.566218514457,1125481,$1000-$10K
3t6x39obadbHQv4X2uwiyFdo97fPpawLzrquJKvNGZr9,9463.564500576378,1125482,$1000-$10K
2bCk55xpryagpS7i748GaSv4Xzi6b2qH4CbgL4dMyE5c,9463.537584009957,1125483,$1000-$10K
BNBhAxrXwTuppD2jD9dnmnDPRCCV1LDWrvqQTnnLktMh,9463.52210071902,1125484,$1000-$10K
Edaw3YpPkdUdbaPCwBfHEbnyKbHqErTPbJ4PSbCwaEum,9463.487345747917,1125485,$1000-$10K
AFP4kmpTtG9EiDyLDGfYMSaVxmMcmMXBstahLd2Vd7Vs,9463.469422940329,1125486,$1000-$10K
HXZfQuqaRZ87mhLRE5QZCdBPfPFrnbqH2vw6HNSQQC5j,9463.44183284504,1125487,$1000-$10K
AD65F5TYAvdrQxpiESkToPvw526cRPGZCgJ6z3DCUgch,9463.432700202879,1125488,$1000-$10K
EiqT3ygifLRwiZaZPzsBdKRqi1sJfkLJzXyH6FnLTYWj,9463.432674269261,1125489,$1000-$10K
7LsRVTomMWSfCAu41xfRtioQGRFqCZJgo91LraEV7GGS,9463.41374907682,1125490,$1000-$10K
24PPdqpHoLMpjsB4XUWXbk3Y4oYsAxuowJvNYTWBvX4m,9463.411019972851,1125491,$1000-$10K
51e2EAJHRaMkqNqZVXEix3ENPWx6wfMFwVHqm8HBgNVg,9463.398589110882,1125492,$1000-$10K
9iubVUkvsKmYjUg1MDQd89JqCgA2ePoJvnAxxcs6E8xE,9463.3800110794,1125493,$1000-$10K
3rPCyqhrchYAZxB5iW2xQUU2LzNGueLkEKSa2EN8rW5S,9463.379087320875,1125494,$1000-$10K
7cBGUqkxA365KPjeNJLJG8dyMeK7ouimyzHzVc5eGZBa,9463.368288429496,1125495,$1000-$10K
GZV4GFP1KE1Anbwdk5Hcw7s1zxUoS7J44xvCqY7SWv2D,9463.350750129774,1125496,$1000-$10K
5R383GtCAULau6T72gMJP6N9BdHFekBSCrd6RnLaoU4H,9463.347058883515,1125497,$1000-$10K
AHxrdcMVZxQE1hsdQk7sN9Zw2nRRsHLVSBFHgiXi9HJy,9463.333393897039,1125498,$1000-$10K
B7xs9p3VRERDQ7ywkxGmfTzKEgDaxHG57Z4p6pnHGDrC,9463.315972690722,1125499,$1000-$10K
FvS69TzjSB1AMgfWqbCQoyCgLtDs8PyZsqjoR2DmKks4,9463.30835848987,1125500,$1000-$10K
43wAkSupHpT64bycvWzUZgLBwN8w3g5hkaxCRiueiiSr,9463.304229883957,1125501,$1000-$10K
C33X9yBWNT7qhrVUm7VhjUxJHqwhpQJ8MNetC5QpMb9V,9463.302273624658,1125502,$1000-$10K
6TdWxax3NHrnCfsXxczukxAst4y9eYfmXuawSFU97btF,9463.233432670695,1125503,$1000-$10K
69fBMrEG8G3uShK3P1VRLvhh2rTsuw5GZ6DZm3afMEa8,9463.230461728637,1125504,$1000-$10K
3sSyr3eh9VL4KgFCBQKA5CMmJKmxUvMmYS1nsDqAkEp9,9463.227245998838,1125505,$1000-$10K
BDJ9vT4HPSW8zVR7b6pnwL8a4YEymPGyosVmvdxCqXGo,9463.20654084082,1125506,$1000-$10K
BcDdqi9jTV4shcEwrPJodVwh5T73hGFtD382YbxqFUur,9463.16915029323,1125507,$1000-$10K
B9Sj7aBv5fXcDLpv5xiD99K9cDC7jaeAAzqUNWYZ8L3M,9463.166632727094,1125508,$1000-$10K
AsEyiFUj6J932h7B51GFxReCvNmNotYVnoBuJPreNjrL,9463.135190072067,1125509,$1000-$10K
GH4aiqTxZ7wWJwBR6kT1FcHVSwMxWZ6x5ZnXquegfdgJ,9463.095180975877,1125510,$1000-$10K
5CahcXgq4naCS3pN9M3DxGDkbEvd48NMGiVNYVpyguUU,9463.094160967876,1125511,$1000-$10K
8BhesiFirym7FDLg8wpoGDPZ6YAttwEMfFeXSuE8PeXf,9463.079258420907,1125512,$1000-$10K
83fV83A1o6p3dBxuuHFoQuaSnTmQCoqTpg4xqA1GEzYo,9463.05488071133,1125513,$1000-$10K
DtxX7uwpRiPGwM8AuuUyFPabtUYH7HS4WDiQXpFJ2q71,9463.027116052903,1125514,$1000-$10K
GH6L1ByEHRaSnRw3d8xqpAuikdh3KRhEGbRenpLY6Wmt,9463.023234079612,1125515,$1000-$10K
2m48ewTapd22CPpj6v362zJKzCDWCarJkB1VzbXr8LUx,9463.00521776445,1125516,$1000-$10K
J6aPTCnrZ4bFM2svJMDP2KXjA94tBRMMyF1vCszQ1KKS,9462.983827987091,1125517,$1000-$10K
DevXQcokadHhq5jQnJrYxJj2qQF9hodpVzJMd6SXD7yT,9462.945483850273,1125518,$1000-$10K
GNhg3m5fj5yTjkBayWKZgvyVRP2isPBkJiDR1dkSoAAL,9462.9407753095,1125519,$1000-$10K
CfUZVCfG632M79tuQxiXRyRVtiG9ywLuEd5FnHy2Xv4u,9462.922450520491,1125520,$1000-$10K
DvQ7Qw5fdFcwm7w4ZKmtKg7iUaAf8ow3dchyuBaaAUuk,9462.914343681094,1125521,$1000-$10K
Cf7eTxJYPsNqXgCfnLRNkksM3KBTAD8ThsgUodmh1K9X,9462.894327713631,1125522,$1000-$10K
7WVKMEPNDW2xYRDLRgedsNRLyGE6LXqaukdAMPGRavVF,9462.87421277852,1125523,$1000-$10K
5UvXPUmxd26GJAf1iQmL6B6GtAbPJc1oNWLw8y28VAY7,9462.83626479927,1125524,$1000-$10K
CX9Fe8GLVSiuhAVjyB5X1YytVuWZhE9BfUut5JybY5ya,9462.822702553343,1125525,$1000-$10K
CCDWdfFZFx3ysMUme951CUUKPkUCVubp6SiakqW5RFoQ,9462.82147389641,1125526,$1000-$10K
4HbVBxteZZvnEg5fWDqMw7XRek2SVqapzFMkjRzd9ZB2,9462.79497927168,1125527,$1000-$10K
FC6TtKk8DZ5bLzBXxpiH1ZxrozmMoEqxefkD4gFjgM3h,9462.790143977865,1125528,$1000-$10K
BoT4CJrcewchGrt8XYJDQ1YGhc9cgXkJWTvA5T2wn2uC,9462.752113402667,1125529,$1000-$10K
EbSK1UTuhknSuEsuyVk3FAJfdZKgJBGCTACzvmRu3C1E,9462.741811070426,1125530,$1000-$10K
GA2XGbhg3BjLnDKAsCqz4CQjrGKDjHWjxQECKysZWmmb,9462.736580787721,1125531,$1000-$10K
5QVFVnZKh71uxuyGySUAMziBsJcWQGJUweAnyiQLxRgu,9462.731798405583,1125532,$1000-$10K
DLKsUJRQUfromcptRMBSQkVzGRQGmR83xEmPwFuSjYmS,9462.730838536965,1125533,$1000-$10K
Cen27RwG9Yx2f9p2AKrimYpwhpxgzg6YfQ8sKASicuLn,9462.720073356057,1125534,$1000-$10K
2z93veJFzMngzATxSGQErEGdwdK4KJoPh8Rpbw3sTsjz,9462.683169806991,1125535,$1000-$10K
B1F6tGTapxmnopb2J9NzEDGPXMhyBwANAXKetpGNTFv3,9462.68244597713,1125536,$1000-$10K
HNn2gE5q1oSPAHuLxNZE1vZCJahGq5Vyj2uuwQgcMggD,9462.665971380937,1125537,$1000-$10K
6bXEcCvk1H4rishd4tscVMgjczfNBSpWRn8gRRG5BqAh,9462.648323911988,1125538,$1000-$10K
63k1b9irgVqf9qFitJBNicrR7oBGdeSJrj5T775hDTms,9462.648314451115,1125539,$1000-$10K
E6y8a2uj8jw1tkSKeGRiLBwc7qnM9V7szkUrm97pYXwv,9462.642244296556,1125540,$1000-$10K
BbnU2V8cKuzGfTaYi6zq6ULraKrBUD9rktrQJEkLPXNZ,9462.636638814076,1125541,$1000-$10K
66P38bYh4acYMcahHjhJ86kvMPGF8jzYzUAwusKUgtc5,9462.628836065853,1125542,$1000-$10K
DW6qAoJK6kfu3viVmxGjKJJHCUM4n1WH6tyX712UyPAb,9462.585797405543,1125543,$1000-$10K
9ruNDCpo2zZuBSssq3Ya5DguJQK2xVAMRTA2Cn8cYZ1e,9462.583352858059,1125544,$1000-$10K
5iYz3r3a6nVVs9io4Qi42z5GoAgeXEcLiHF8kurGkBej,9462.547411341242,1125545,$1000-$10K
FmHWu5pZCVDFGzYe9nLS5xUczFvSuZcHF7BEPhCvzrda,9462.532989740634,1125546,$1000-$10K
DXFVzSSWxP3V4HuiNqmTVMZ5mdwwPxu11DL4rULK1CU7,9462.518569648008,1125547,$1000-$10K
Huzb3bYJBoFbue3S3EgTWnHxri3hQeXvTLuNSjj9pnNx,9462.508362825787,1125548,$1000-$10K
BwYGAytEGwpTNRkjknd2Gv8pdYPkw1cUi5jgNTxNvngR,9462.500327518983,1125549,$1000-$10K
8sRZPVoU2Vq29GYVYQntWiget5Qb7kqB99CUGkJjorTG,9462.491138551746,1125550,$1000-$10K
3MoBCMWutzroJKLNnRKHKyr7hhJoLSoXRGc14fXyjRHo,9462.481589073592,1125551,$1000-$10K
BZuVR6NEnxLSL9SyLJKVS4RqHjDqGr5cv1erK1TEHTET,9462.467532990906,1125552,$1000-$10K
G4rX8iAVVaz5DZbUtxKYFe11kAwSwHHem7RpYbTnTHEr,9462.441779363091,1125553,$1000-$10K
GbDuPF7CANjZS876TunC4bFZGcps4hddcTyjPGDA2URg,9462.397231423884,1125554,$1000-$10K
42op6ZZZ8VhBgQpgN34ETG6WFH6mMY7EdvP7eas4c4eY,9462.371175391847,1125555,$1000-$10K
F5xGEXy1ocjNQEb1sUGL4BMYVXs4yoytkVwZB6nJqnKJ,9462.37064656402,1125556,$1000-$10K
5J16cRoGWA4EcGL5s49XB3eYdtK346BbJjsszPf1LNiv,9462.356821777104,1125557,$1000-$10K
2uDCoTUb1bnQtAgXR4UMhiq6QAwHxZCtYYPMbptU78Vw,9462.354077382639,1125558,$1000-$10K
8sDY1Q5Y8Kts6RPcyPsP1MbcHucnXe52Wr7dF6Z3Ck6M,9462.340169479017,1125559,$1000-$10K
5w4T6qweiRwQhsoNtjFdSBAXWj7nNL7mQzNt57W47qir,9462.326634384954,1125560,$1000-$10K
AdQMX9EWVXPUn43eiRa15AqiLrvEnWXZFcTok5pih9zo,9462.300891985697,1125561,$1000-$10K
8Mvv6g2Xi688xWgEhM6r2x84cCuDyoF98G6VmJ21cFsG,9462.300703603261,1125562,$1000-$10K
JEDwLeprPxMBEanshrJkwePtboZEQVPxbWRcWrXoT2xV,9462.291497656266,1125563,$1000-$10K
3PWT8WEhV4kQqpnj9WSkoJcd4Rph4vVFdGKWJzRQm4gJ,9462.28803351752,1125564,$1000-$10K
5LT7csT3Awx6TFGeWLBNp9YVxqyuKaWwoK9N3cBTQuJF,9462.282856000918,1125565,$1000-$10K
BBGszyTFGSoA73phQegNg8EodoQBYCJazyHoh1sMXGnG,9462.271712867794,1125566,$1000-$10K
5n8aVzKUhoSd1vxyPETnTGJ3TM9VD99Xw3MhFH5DJwxT,9462.25446064152,1125567,$1000-$10K
DiR3wMSggPR5fWuP6WH9EnoQRJVdKyuu8mAr89wj714D,9462.242946940109,1125568,$1000-$10K
2sJzKhaJ8BiTF69G4HyiHTvuGe8VtK318e8LyZbYNFCC,9462.225674468835,1125569,$1000-$10K
FgvkcP97Rnk2482H7ijmDVLHjtt3xX9cEorD1pXSCuaH,9462.219848677394,1125570,$1000-$10K
GsTm79ffDmAnZxpgm4FPCn7xCwA1b1sURjQ3mcHtNY1k,9462.202577226071,1125571,$1000-$10K
A9CK4LzLGXCDfwiKEQXydUbbuTTkx6KdJo9VAAFb7euP,9462.194474955522,1125572,$1000-$10K
fRJseKV3rnfgjiBrb3nZHXY3gLut3W2AjNJwY1xQPDh,9462.152314665373,1125573,$1000-$10K
7u45cVcF5F5YZ7jQipajEPNzBquo1X4DwsNkyUDUgcJe,9462.150653272418,1125574,$1000-$10K
FB19mcair3nPT7ibkVQfF5DxivvxdLoPahEFy4ERZXwx,9462.110687648394,1125575,$1000-$10K
CatW7F1fos1PSTzM6k69SgYUMFcvUCKKikWKhTJgen8B,9462.091678469933,1125576,$1000-$10K
9U76NT9FEhMYLBZ5vTxvY65xAuJdVnDrCsfZxi72qYYD,9462.045548868533,1125577,$1000-$10K
zH1ikjeh9gPmzPPn4rsvuhSSyrWbU68DPX61vFu19yb,9462.042954101029,1125578,$1000-$10K
ogfmZBNyHetztKmYK7HSvLePYzCwo1XZaxmyuPzqAuk,9462.035614365323,1125579,$1000-$10K
E4anTCKNr72DtC3SPHtJaJ1Tmq5U3ZcY1iDfx6J6jeNk,9462.0345354375,1125580,$1000-$10K
968USc4GgXKiaSJFymNt4mcbWt25v74Rjj6HsbCRrk7t,9461.997321967545,1125581,$1000-$10K
evsw115amoDqvyfemXZHRbMQjT22CFbpMHozCLUef1G,9461.97529088962,1125582,$1000-$10K
2KjEf1BjP5Y1bDMzNsZipLMPp6NwEZUxVGvzswPuGZZc,9461.968247728273,1125583,$1000-$10K
4dkyWTuaVeyy7bpT5D5cmusM1dUeW6ALJKad9yZu1Dor,9461.955500507323,1125584,$1000-$10K
8HJCLwC3hAwG55dSkaPKvCsZqTkYPYD3b6EC73TjjGvc,9461.933088144378,1125585,$1000-$10K
EdPdjvAV3r13tf5JzmttiWY63hfn6fmFtUjxeZzjwpEC,9461.920324606663,1125586,$1000-$10K
Fjzg4e1ZP2yQmrKVfDYotJfWqrw1B5MuJC776S5hpFcy,9461.871060585216,1125587,$1000-$10K
Gmy6M5K5ENv2Y5jMVxYP1rvGksnFbNQM6Mpd85d1UtLY,9461.858086449132,1125588,$1000-$10K
GUWvR6FDd145d1usk1eyVj9M1cUG1ggsG683C8tGcQzu,9461.828339955315,1125589,$1000-$10K
7CNgqZkyKwMq7x9X4rhHYC56wzeA137Mp7FBkc3CLjJe,9461.795112750626,1125590,$1000-$10K
CyBkQ43X5ohZ74Aq4jHnmQ4YWu2za8PYffcLC69hrBTM,9461.776765720082,1125591,$1000-$10K
AyWqo51ukLqSqqnDrEM9bYsXvLVRiiMCrFv6fmkmSpoz,9461.768645512082,1125592,$1000-$10K
5L4cP7CYxDpd5fW9bNo3NyjLVfQhuRngj7sMSH1WkUUg,9461.761836530628,1125593,$1000-$10K
PhEwKvMduuoznny2gGEakHa71UMZWvaoTWEHx17BtEX,9461.72011287212,1125594,$1000-$10K
Grfvitxu9n5JEsSVS4wfq2MDBGayEqPsfw6GazCsdspt,9461.720084904468,1125595,$1000-$10K
AQ7DwGX5fcNfd9LJCojTXSNPBPYVrmx37B7fwzpfPpQv,9461.696439960027,1125596,$1000-$10K
31yxoC7Hqn6omrnbX9oudFwjaK5GcYYUYfvnPp82zNKC,9461.66606788869,1125597,$1000-$10K
7W3CvsUnPuYk469jbSvzgoDpFHcs4FPrkGytFAmvn9KL,9461.625892796725,1125598,$1000-$10K
5VmHwSj9sTsi4MZG1QowZ9gie7A4J2KTSeBtaQkdBQpM,9461.625524316803,1125599,$1000-$10K
2r35ABLh4d5C4j3CrDPcmdw1cuswzVm7jtktg79F4DR6,9461.619617571638,1125600,$1000-$10K
6MHisT2ZDFVheYEYmafyZKtaKnAvJNWkHoe1zixChjh2,9461.59074660114,1125601,$1000-$10K
5jDSUCvtykbvyjWQqZLm7TRLw7NmU7TJkomHMvTF2GpK,9461.585418980101,1125602,$1000-$10K
59GSkQUEyv7imAYZbpX2jjjg8W38B5v36ktvLnkH6na9,9461.570994673737,1125603,$1000-$10K
BaJpduvb5LbKU3vZFHr4rtaMLxrRNJWmWq3D9MLvStVy,9461.55015643963,1125604,$1000-$10K
6drGfYmSXh7pn5nj8iPSTJ1XTeEEu7F22VmazFJ1nmh6,9461.530866066092,1125605,$1000-$10K
DXPSX1yhBPmSMfpxZCRgkXBNWygWArXSf9zeeTUtx2L,9461.517796926297,1125606,$1000-$10K
8w8GfjUKLbfDmgsdWVyj1dd9B5kEV3iVJCZQHEJwrtVn,9461.510248586188,1125607,$1000-$10K
8zkzmSykXEAJYtHBrFskwNPQiEJuGfpQ3wPQBzVKYG3a,9461.494469437592,1125608,$1000-$10K
HEHikXr3yyPSwp5qaka1aJFSiLErNaguwLSJCcnvHi4Y,9461.488109924732,1125609,$1000-$10K
5pPi1SLAnDgA17u7FxicYqgq6GnZdMPL6N9sXvU8bAad,9461.457812724482,1125610,$1000-$10K
7xe3WgTURgKn261YsNChPLGRJsSiM6hGSq8HbNxd7gBJ,9461.449661477769,1125611,$1000-$10K
EkfCGQMzve3cz48VgH4iK9AxpV7qNFxs4NDnLeMdB1QF,9461.432360365996,1125612,$1000-$10K
4bXBEUHNavaJEq8p3PvaKEYU9NPQFcVuTMT7Mx9Q3DZc,9461.424708588569,1125613,$1000-$10K
3c4tafRcrcAWVEfCSqGvoCFZFd3xWdNtzRejFTqssM4X,9461.409813792157,1125614,$1000-$10K
H7qcW7WwmEoVnB2fpQ17qRJA3Tw1RJJ4nTL6gRtK11a2,9461.40771482323,1125615,$1000-$10K
H3yprB4XsAPY9KozRgvoT3gqcJ8AcVwoAHpuJdvdZF4i,9461.391524747021,1125616,$1000-$10K
7rezos6SvC13LLi98zuEz7zhGLdhLZ7wjsMz9AoWg5et,9461.359604929245,1125617,$1000-$10K
J4hE1YTLJvxJwFQcr2Behq651MjWqQUZxZCbfF8EoKWG,9461.350905887402,1125618,$1000-$10K
4FtYLUoQxBwJ5HBRog1CYg93yExjaYtp3CmmePS7VXb1,9461.338184571738,1125619,$1000-$10K
4kY7NjedjygiFKb9gUYirSinkiqytZ92Q1XYLpNFc48U,9461.29167826046,1125620,$1000-$10K
7118corC9k9BDsDkLM7bGTGWdEH3CbRZbTJvmogobGkj,9461.284242338104,1125621,$1000-$10K
EBVd2Aa33nvAR3JZAsqwAfcaYv2qP1eY6PPqq2hXjHX7,9461.261748486404,1125622,$1000-$10K
6FFTpjSzMbNVvSKz32xndnEArHZZeh73vkAhrjkh5nXY,9461.252415454606,1125623,$1000-$10K
ELMih2VuX5Pn1AFXJgodNerzfWEmNouGvnJK6yr12h7N,9461.248699609168,1125624,$1000-$10K
Fv8Hem24cwtDSsdhAdFNv17bNN9tuVKXdtG7jBeyrb8X,9461.229571338088,1125625,$1000-$10K
DHKHXaCbwKcJ2ViobfCjxSWZzSKVkfLJxTE2ayU8FnDb,9461.215278294083,1125626,$1000-$10K
941h6sD1vz65Jqgp8nMDuzo2MXoxuaxEE89pWQzrCvxm,9461.19943360001,1125627,$1000-$10K
EUeSq3heHcYSPhvgviJFCedSFPaXnTXtrq4UJx8ffYRh,9461.196020628839,1125628,$1000-$10K
C8nd3NN9D8BirJYYJESWk4Xb5HpHoxyemTcAkJp5GdrZ,9461.17673407873,1125629,$1000-$10K
Bh2fB2WWKgfCs2e2T3Tb4orkLAMQPai3rQAC6uY1DYUg,9461.160309804007,1125630,$1000-$10K
46hG2FdPeoKSs2km6jrctw3L4xxCcezgKfGtUxuwbqTr,9461.139858696042,1125631,$1000-$10K
HPUAoVDTf22kgPu6oD8oX6CeZVF43Fb5WLJ5fSPxwcRX,9461.138630609794,1125632,$1000-$10K
3tVxtSxuYntU1scCQw8anWEVDDG3aKAMWyQF9EHig3Gm,9461.134830776904,1125633,$1000-$10K
DhYzdrRPPnStfHBXhpR1SY8ouvrPA2a9XdiCVMwHn9Zj,9461.109405216033,1125634,$1000-$10K
5yVUEGpcmNpWE5wkp2vpwaj6hykbCL87FaLNzDmsPxFN,9461.08496195862,1125635,$1000-$10K
G3mz9qtDdAcGRxnbuVs9j1BwA42tDNmiSrQ8oTkjnFwr,9461.0830249988,1125636,$1000-$10K
35mg15B6JXGGGy73FK5HdngY7Xs2LEtgGAkbQS9fKmfd,9461.074309163183,1125637,$1000-$10K
HbesiJPqhNzfndnQ1p6itBzZtpn6oShB1SooVNtBZxXt,9461.032320997152,1125638,$1000-$10K
CDqfA92wHwmceP7HCPfYxcJA9Zsp2oTGieeNXrkxF3rM,9461.028422234418,1125639,$1000-$10K
A8nFyJgpSfKxfpLF4LXH2bWzc3gdKgrQNCCAMqrih9qZ,9461.0202269758,1125640,$1000-$10K
5rFyGVeZTFf9DskpDAVNfaN7G5189QVxnk8XuiXaZiET,9461.013914546673,1125641,$1000-$10K
HXoF1CeDbAqRtiMVF1fL86U1u3id7ABD6194RiBKvFVC,9460.990673551603,1125642,$1000-$10K
3jmNQhBbrq3g6qTADmZXsxhY5mvxqwjWdLrXUFoZVGzG,9460.974993331252,1125643,$1000-$10K
8HzcDJ9zJ5DMdHDg3htynZUT2SQSUyc7DFBkM7A7dWUQ,9460.970827098017,1125644,$1000-$10K
EM2vyADKL6jFdYDUZfcCvut2vqbJyykCfepiQGbJrD34,9460.958486315987,1125645,$1000-$10K
EBHT4astSFTwT8pduwcMkoYzuz81EiGtAaW9SPfgatWq,9460.950563468094,1125646,$1000-$10K
AmykNxxv6u8utkGH3BRutvnYRwPAB3pLP2qNzkrFeM7g,9460.938231824126,1125647,$1000-$10K
BVcDjjMyU3NW4N4MjkBCUsB5pfFXyPR3XzyMxQQveyZ5,9460.912779995222,1125648,$1000-$10K
9oBF12Xhpywfsh63QmMaVsncbK2CtQruiGM1MoGN4yG4,9460.911663619407,1125649,$1000-$10K
9YmsbmpxFz4PU7RcsQXALttMP6TpXj7xZ1NSGNsSqWu3,9460.887290537277,1125650,$1000-$10K
AMbvq1hf5EQy62ndWrdQM7sWwVqsGmCymExCYKRS7Z9E,9460.885486681747,1125651,$1000-$10K
85AYvARnRWkcNBFRYBBnkQ37Zrx8gLQPryh8oiKKf7zJ,9460.860873279755,1125652,$1000-$10K
3dxfPdB9g5B3Sua161GQsM2phUKNKq7ytsVTYUaUehBx,9460.84115005971,1125653,$1000-$10K
5XC9URqoqSp2fYHKbdGeY3ym4okpKfc19PUzJ8iEDpaL,9460.83614729544,1125654,$1000-$10K
BMK16ziQqKR8v8hXuudtTBKAyVS2PXEPy9DTEtayKj5R,9460.827918036915,1125655,$1000-$10K
GWK8oh4TPcS3gCND1Yg8sYmWmTS5h4YKFYnkpfpqvhUv,9460.823046910704,1125656,$1000-$10K
A3DfjamFSSqfZAE8gVo7f6GHbC4q8c4XXGyqRDpqUrH9,9460.819086476675,1125657,$1000-$10K
5adYCmBTb9W5BnbMHCz8uw1r7ZoJZzHuhWxXCcHnWz5o,9460.8041008849,1125658,$1000-$10K
8tVLPCThPWiAzdrJe65H2Xgoez9tpTqDKPsEs1yTXKJg,9460.79847298784,1125659,$1000-$10K
9zCgajLDZMjFEsLoKh6nUJLCk4PXyr7RvhMQQuiPrqCZ,9460.792109258173,1125660,$1000-$10K
HMuSo2V9HfA3NgZcJcKKyBoyMi31baCh3qz5fbx3nWEC,9460.726982831573,1125661,$1000-$10K
GDsBbSBDejZW9qYKw8ZSwvfMuJdtR6ANLLYteH9EcXwT,9460.724826779147,1125662,$1000-$10K
9816E5veMdtc8hVLmdwzSLhzLpahuezZka4TYCbBoVmf,9460.70441725839,1125663,$1000-$10K
3DNn2CNYH6XBjxWouYeiUMmLnE2BdNk8cz9vJCbEAs5K,9460.70215403774,1125664,$1000-$10K
FBLpSqt7g7az92EADv23vDC2r5zFcghPqG5yaeYDoqqk,9460.697712707391,1125665,$1000-$10K
Dhi7BHxYfGMcd8WnCGgyCr4PHvGshk5C3VfrVo7r2WGB,9460.643079808187,1125666,$1000-$10K
895bJWTDqqgpNPE6Bk8bB3X3RG1spbEnR5CpFPycRP4K,9460.624173716895,1125667,$1000-$10K
GFAtMeyYWCL1f4HbFQ9jb1vZ2B59TdSMc4vwQMNCrw1g,9460.620528737409,1125668,$1000-$10K
7EzyGmKX7wbR8kyXD4TiZ8A9BYbMw84KXHo9GRH1c5U1,9460.619447857807,1125669,$1000-$10K
Gsxfb6cCbG5LZCuvN65BLtEfrurMMQwZfHypE6mbsTCj,9460.615920923743,1125670,$1000-$10K
9bsaDhuCiBt1SebdGBCBp8aVcbRtrSbHCMsYueDJabEW,9460.611993198132,1125671,$1000-$10K
CrQQTf3DncXgaVmPWyM51K6mLoJyCwJ8V21vEtvh9Wj9,9460.607696023439,1125672,$1000-$10K
998ecy8cxMfPcQGZGGCScSbAso92PByhndAd2b59nTxP,9460.606443099065,1125673,$1000-$10K
BB6CKZNaaXW6jCR7cFZPD1Hve16qH6cNgKw8nYiYKua7,9460.54524434581,1125674,$1000-$10K
HvyLMyKH2DiREPc3ZTtrHEEZS9NB4SSaxSxCJ9L1NMbU,9460.530622074026,1125675,$1000-$10K
kE8fesGWgSLZyp4E5BRYS27YLmgHGS2BCxRCQqaK7DH,9460.525681479334,1125676,$1000-$10K
2pKsAiX6sEjVVopsFP2WnVfAu2xYHs11mAEiZC9RmJwi,9460.496212154032,1125677,$1000-$10K
8vKApLCEqBrd2KrGVHhwdmoyiKwmD2tRu9MhT1mWgRu6,9460.45682035468,1125678,$1000-$10K
1Y5DTsv9gbWxX8HmUHmDedXbU5aeeYm76RpfTLaTEbz,9460.439491560683,1125679,$1000-$10K
HpYuRed6i8anZa4ps1fmDDp3yxd3fXXykGbwiPFLDKtj,9460.43746278337,1125680,$1000-$10K
Fz9S2c4rrosFSbeS2nrRKUv3SJQi8DLvopaPYU6dAJVJ,9460.420101123374,1125681,$1000-$10K
CUQJJ496vWBh1U43DUye8kQQYbpJwJkF9YnHRMt9J7GK,9460.4058188701,1125682,$1000-$10K
8MZX94DsZvFaCZQWtL4Y1vUWKrWDNaaTE2dbQ4L4spSg,9460.399638598303,1125683,$1000-$10K
9gA8KRp5JKR25z5iZwWnVaijDqcrdJbrH7aggVJNZ5yQ,9460.386740872847,1125684,$1000-$10K
Fra36Ma242Tb2dQHZxHAraAPZTB9z66oYKsp1UyR1qte,9460.386487112397,1125685,$1000-$10K
Hs8RiHfXqKxF2SysrpNfg7hc912HE81J9hrhHa8rewiS,9460.380825953865,1125686,$1000-$10K
GcMC6oHRvhAiDtdHw46UykrQYSjv934rPWXGufEZBjGJ,9460.372611006125,1125687,$1000-$10K
6FcqWiR6xwyfkWTWzaDcybp6isT3yj6uYx5q18SLALqY,9460.37055728026,1125688,$1000-$10K
2D6anPd283So1NVmqJbnM9NA2E8bdWgQFq8LDFLE6sZ5,9460.36981871873,1125689,$1000-$10K
59NdrNB8Bor9ZUPCozS8wthBt2KvWFyHVwdwvA7mesTH,9460.32397225611,1125690,$1000-$10K
82dX99oZknpwv3nFUJSD7dEej3pcfjq16YH4UCkb4A34,9460.305144662887,1125691,$1000-$10K
13LMfovee6sRXWZKHCTTnAGwJ78bEdWzYnsoVMUXbtbN,9460.29743938672,1125692,$1000-$10K
7fV8CbyfCdj41WUi1Wumm3ibmdAz8VX4C424oAgbzhab,9460.265730637895,1125693,$1000-$10K
AFjxBrLBLagiu8DpBvCKRtBv2x3oWeRGR1HvyNNXnH1H,9460.262345225308,1125694,$1000-$10K
J2Rz4SKD9aVWSC2fUdszgW5tUpxaVsCZya3b3gYyVs4y,9460.259793212219,1125695,$1000-$10K
891SXHjxbpJBfPM1eCL66L9S8bdM16FQbbDKSMaogb6Z,9460.258079034471,1125696,$1000-$10K
9MTU6hFAMsgpRHzGPWAtGM6i8VmLpkoP1E4qThgwR564,9460.24481854135,1125697,$1000-$10K
2Qzvfwts1vogDCcwtGv3JQ6KWz86DCBPsL84T8FGFJQN,9460.2419047809,1125698,$1000-$10K
FMFnhpBnihTZXuHkFYdfs8fNgop2QRAQAgVQSxhdpDX7,9460.21845580234,1125699,$1000-$10K
FSfofjyZbKzv4RNDQAskNk6YpfEySP6xK5ZHFaFEUYA3,9460.18400939469,1125700,$1000-$10K
59ikL1zMF8qdgdBDJLJTMCrrhBMqsCs1JVzwxDPxY6gV,9460.17038395433,1125701,$1000-$10K
5io1jDP1DZ5Vk5X2G9Nv9aDnB4djvFzTk8egmFoJjD1g,9460.129844390416,1125702,$1000-$10K
DkPwdFrNNqXNtT6oh3Sta8BNpuHpRu4TF9stgyLnfBTJ,9460.121961427349,1125703,$1000-$10K
AfparKrTnUBTt5GgigAkW1mQAAYzdzbXKdhZobDsQDUx,9460.114100867582,1125704,$1000-$10K
G1Lb7BbTgb3Yu135kWvw8EDucKdjE1khUJ3tqPtpjkmK,9460.093280088066,1125705,$1000-$10K
4b8KoDLxBVYW9vUr65fb7MFDCfwzAvgtP61mGxkcxqBM,9460.073550086652,1125706,$1000-$10K
6jUVuZBboX2yeeAQLpSSqfC9PEB8cAM5GmwHHTZ2HJUF,9460.073294764363,1125707,$1000-$10K
BGDTwxgpXXpSp4UBbHBg6oLJfvpFTaRkCKAQQ7zf2NB5,9460.071680173329,1125708,$1000-$10K
2cq7zU2K9b13JTjtiXpBzumZAHLMy9TRchMAPQgxEEYc,9460.062234885865,1125709,$1000-$10K
CkBDcSGFoV8d6pCW27kyqd2dvAa2gq1bMLNGRotvCwyp,9460.05573551756,1125710,$1000-$10K
4iz6EuZjHC87EBkQcEQdTgFCDGP4FrXDxXgbmLiztFmC,9460.009637431749,1125711,$1000-$10K
6KFpGBoQnWopiUEuFCb7ZJpoZs4F2GUHqXmXGoaLN63G,9459.978961968276,1125712,$1000-$10K
DYUVUUJLdmuwrXq73AUL58wmq9tpwPmXnMS9H5Mf3J4Q,9459.978716970618,1125713,$1000-$10K
A178fdbWh8rRm8e8w7AXSKwAPHiNkeX2bMp99PvrAzUa,9459.866183488803,1125714,$1000-$10K
CwnhUB5fhMAsHEjRNj6FVJaW3uyynjgeqLcVkrDchkZT,9459.853907368752,1125715,$1000-$10K
CXL4AhaWJXwXVzxwaNqRrwdNguKjqSr1xzAjnDxPGmN1,9459.849889657487,1125716,$1000-$10K
7uFvjVq5nMLzn2YY4R3G7MECc32HW9jPdSGxH9UJUpuW,9459.840269402148,1125717,$1000-$10K
EFnifKYmmQJjQJeL1pbgnqVfh8EnvT1pT82DbWiauHKY,9459.837358476108,1125718,$1000-$10K
HctcpfRSaSjop62EF9oZtVLxQmevuW6eFRRmtwMM5yTS,9459.837346372082,1125719,$1000-$10K
7yFugepaKR79zxtaJGEnAuKQJH1W4uPXUs4jQgJatamP,9459.807757765726,1125720,$1000-$10K
9kmDE1A9Ji6prCXupy2WVHpJALQG5YrL2PYeQa5AreVQ,9459.798900491603,1125721,$1000-$10K
BoyXw9pVC5mbkQKLZEY87HquNkXFbXZPUMF1oRc5Xwyp,9459.788449476948,1125722,$1000-$10K
BoRKfYUigorxxMadSXHyuVBau2Yj3oSf3X4NXmjx78TK,9459.783823314221,1125723,$1000-$10K
FAeJ1Nm25yA9KXsuAFCRKeXiE6JyzKpTRX7fyEPzWfpM,9459.782566428828,1125724,$1000-$10K
9cSNH9GwQtFGKrCC2wnPV2meS5kytbThL7qCUKuHgJLv,9459.750515114252,1125725,$1000-$10K
8chxD58t1cHTrJZ7xXRGFbRjBLpvYpobuzDqCgc8VMU8,9459.723804332749,1125726,$1000-$10K
95MJmn4t9CXrdqCmz77cze8Gu4oXS6vwg22KHxUM5Mx9,9459.723604369203,1125727,$1000-$10K
J7N7J1UfXJsVmbDpc9KV5PtcWQin89T5XiQbe2fTkcUd,9459.700946754077,1125728,$1000-$10K
GiuttRoamvc1KNXgRfGw6GST4xHtcRM28AhFYRCUWDyA,9459.641506130602,1125729,$1000-$10K
FeKQhvNwjyiTkaNZZsHsHP4sT4RvcTqHL9mJyt6yjAG2,9459.615419032974,1125730,$1000-$10K
9fsRTFUunrtPduVuBV1dxgMBQ8WeqvKK4eikKe2Ai6Hr,9459.594123545576,1125731,$1000-$10K
7MGNqk6sV2EysPM3BUyDqmvQmacpRodWHTRjPRD8F8cu,9459.59367355717,1125732,$1000-$10K
GPj98vPicZtNToPRbiducwjP9Rs79hfGGskU7dyuA7yc,9459.5773466709,1125733,$1000-$10K
4BHCZ4DZUQsC3mPyCMCXPvWmzUrSfq6ScVXZrTG8TLsB,9459.5530655479,1125734,$1000-$10K
5bqGnfTkxS44vN4Ap2L2NLvrCBQbdSrq9s6byjbDPCWX,9459.535506727963,1125735,$1000-$10K
986Qi4aGpsMNLLkNynLoBYqrQS4qdT7kjBpzxa8RTuCR,9459.532964877853,1125736,$1000-$10K
FZQY8PTs8KXhd9nvCswjwsBb56BzheFwkuai15NfteYa,9459.52811733219,1125737,$1000-$10K
HKobmsEGbpqBDRB86a6aDNgiHPeQRNVr287xxXxfLn1o,9459.516087725557,1125738,$1000-$10K
FfUwQMYkEeQPkNXA2APaNEeq9jvs2p26xfFJVrdnUE68,9459.47122170344,1125739,$1000-$10K
hCJdHrp4m8qWFixpCDgUQKnzDomtM6gxxtJhy334V9q,9459.466599601597,1125740,$1000-$10K
9kFsDugA8yWjYcjoKgp9xTYetSN7G3e3tZyKwFfjUNLT,9459.458046971427,1125741,$1000-$10K
FEPyMgyosJr3uzE6ymjxqBVDGrkrQd2KSj9UWkobpiPC,9459.44646259081,1125742,$1000-$10K
8MJVjhbyPbBaHfgZp7L8HAay5GavTjCfLJaXSRYNTXGb,9459.40421293428,1125743,$1000-$10K
Fw85gfz5N44N1PjkzNJn6wVJfYtofnPGV6tpLs3reHBk,9459.38935787147,1125744,$1000-$10K
468aDZjfoABtmnNKJotgtHJPoE2Jj2YyHz3W9CZX23Y6,9459.364038917549,1125745,$1000-$10K
9Wd9RoBARLJ7uZDiHrq3RqisB3kHoUXj3pnTTHiY8jHE,9459.361978275992,1125746,$1000-$10K
2mcQCPZZNcS6nx1LU5AzpKEFK7t1wjdvquwQUSzbEMWp,9459.349920512332,1125747,$1000-$10K
HLCp4db5xBXwBaJB4aoQxjyErJW6k6MLrJMntNfu5Yhv,9459.332447558492,1125748,$1000-$10K
EMtpQZreyE9d98jiDfuaUqq6NsxC4gmgZgrjVDVLq9SD,9459.264664684828,1125749,$1000-$10K
5qwpSUb64USxWzNRxN4HB6xav1yZVe6BwtfV5We6kMjf,9459.263682837189,1125750,$1000-$10K
4gsmbfPALDzmMupw7RWQ3JgLgX1sxqJuTbYijr4Ts7b4,9459.261502979445,1125751,$1000-$10K
GiGSKQT7Kyx5eBWWF2VTKk1EPLrnnHjVvor23iubxNEX,9459.257715166634,1125752,$1000-$10K
Hdzv9fZSiBaiYTgqDDXDchVi9Y4xB6W23CqP39nR2Ndd,9459.24449062084,1125753,$1000-$10K
3KgQV74jUDcGr3D5bg9vEHDrxbjoCEcrUQGvcxdXVQEo,9459.23506231745,1125754,$1000-$10K
8YMFKEK6xuhJixXQMmNbwoztDRJGTdGUNjgq9Yqgzkw3,9459.232593738803,1125755,$1000-$10K
6uJBTcMcueWBvkSk7zVSkQGrUDC7BbLufsBPzHfToiYY,9459.225393821007,1125756,$1000-$10K
GUwnDcxk5f44jeKMh2weJjWdTysNGiCFwZrA4smtLm7d,9459.18807426643,1125757,$1000-$10K
8xKbuM6znnNwEFtGHcCWgKMAiNAcLq8Apysf6Fyvj8mE,9459.169254885735,1125758,$1000-$10K
ARTA41nVHxnqemRqMXi8Zy9bZrBhgSVpJqVLubbLXWL1,9459.127364502996,1125759,$1000-$10K
9VDdmzB4T7j7H98SATtt6qvr2WqAH6TcF4JZr52dZDK4,9459.08990535219,1125760,$1000-$10K
G1j4JEJ6xyymLeEGjrTW9rdnSGruYErmsyZVbLibPqVq,9459.088680046176,1125761,$1000-$10K
Drb8bcgGtamUpSN7e7GapD7ykygoSe66QACrb1crxAUH,9459.084536422399,1125762,$1000-$10K
GYtN9cYLbzDhfkchSpmwXAcFZ15EzgvLTUfmH8RUS9Gj,9459.075993666736,1125763,$1000-$10K
E7HxPSQ96LaH2ARRY8zdY9mq1pvm3zcRAymUu72X3trJ,9459.065874045784,1125764,$1000-$10K
J8aWieAycLDmTwwsnAADn2cmkgPfQQWVwgXTMNcoWtdW,9459.063799764916,1125765,$1000-$10K
Bu1SxJn8xS27cAAM9YoUEmRRRDxhNFqoJz2pHpuWnqD,9459.041365328503,1125766,$1000-$10K
95pdmn7bJA9H3VM7ZTyiT7ztZ9aDwMmDxi866EqM15AK,9459.012225924733,1125767,$1000-$10K
8rMKCtD6cApLvakJLXfT2zk2HLfxgU5tQQhk4v19ckSw,9459.009301705646,1125768,$1000-$10K
mtcW1Xt2qjwRQxqQDLHxowertfXqcuS4TPMEdFVikRZ,9458.967230746879,1125769,$1000-$10K
DZYy6qDv6W58UHYyXgt4UMEgY9wFPnLTw4TKNEwVhby1,9458.939416007692,1125770,$1000-$10K
CAEesg2ubTLMSzyvMJ5wGX6WK46L1ACvmMEqxCMuLnDm,9458.886334573113,1125771,$1000-$10K
BsFDvcqRxE48HQ6gDctJ9jCXNHrrCz6MAvka8SJDez9F,9458.828114712715,1125772,$1000-$10K
5q9pjL8wW9iXG9MXCSyRfuvjKyXk9LFxEgRqtcdkwnsH,9458.81434633574,1125773,$1000-$10K
88UiqrLNXM2VCb3MLCpUqYLUA9Ci2xZDV6xzxiwb8ApB,9458.78340051182,1125774,$1000-$10K
HLETa8d3CRKpDpmwjVesFS2JBCDFbxbNqeZhB7KmXCfS,9458.727686797301,1125775,$1000-$10K
4FvjTXwP2pEf9hvTjvnnHRvDbS9UAu6DSJJUVvv35eG7,9458.716010992493,1125776,$1000-$10K
B38a7Zrntg1Brw3TzXeo6JuG3Jy1X87pt3hzoAvdizU6,9458.690419612609,1125777,$1000-$10K
5NNRTLQi2aYNUwpiHVVbogT1v47zwLBbWK8iC3vUpo8W,9458.666458184718,1125778,$1000-$10K
GiwoG51pbm3UwUexfMUaLUt1qvQgrdRP6uLTPeKstZry,9458.663563496528,1125779,$1000-$10K
9XGCFuY51Sf9AhMXrHaH9zcYpsCUo3bcc6hSiiHvuU5b,9458.654187427426,1125780,$1000-$10K
9F9ycW63vjxcQ24DNHRGYKZYxdAdPK2SnpceXgzRuG8u,9458.612906263179,1125781,$1000-$10K
fwz7xHsrnXWATRbm3mSJJbiCsTEc9544z9gGiVkTN5G,9458.61240962405,1125782,$1000-$10K
AoUNns4XanNqQZi7SVHUntfdjyQ2G2w479Dv1T2DwNXr,9458.566852729778,1125783,$1000-$10K
8NGBi28iNXUeH7WdepMHPtoHMrXtgp3qm9q21htV8yWG,9458.562633282423,1125784,$1000-$10K
Gz2AcZDqryeDGe466RHdYMy7vbcV1j3WT7csLwTynVJ9,9458.55926212864,1125785,$1000-$10K
55ZV6jMuvQfs13BxobvM6Lj1gZ8GnhtdNDa2vkkF1hrx,9458.51997200366,1125786,$1000-$10K
4fQ6okxVLAF6pjtskp82y2LW53JWTV9C5PCbzkZnGe9Z,9458.512865166354,1125787,$1000-$10K
A5MzZjgGbg7guGCWWNpicCUuBgZ8biy6tdBVWnTactaw,9458.50939717849,1125788,$1000-$10K
6GqmdYRBZ4PZQUwFkeG4uYqJwFUHRDaGm8zhNptk9thF,9458.479304015724,1125789,$1000-$10K
3PdsD1VkdxqLJtC9BFRNkdqyoNrNt2ckUwEFRmQ523z6,9458.479296436952,1125790,$1000-$10K
4piqh4dkE8xyhJxvvs4k2XMnwtW7tzhHqLxS6aEtqem6,9458.4770935456,1125791,$1000-$10K
GMLVaLJ7sEpi8ywcJ2ftWCSX7Dxo6UtdtCdCF1CTF8ra,9458.47334263698,1125792,$1000-$10K
6EYe4cirNiJcyEPoz4GKDs22iBev9rdjT9LcHSSsJwkp,9458.46892512672,1125793,$1000-$10K
HwNtFkKW13rxadhf7xnwZ7daURPFx7fTG7V3khENpHb4,9458.456164175286,1125794,$1000-$10K
4yGCCYWUKwS8cVXV1cbRxH4bFPqdrGu5TLcUZHT5FW16,9458.451522430232,1125795,$1000-$10K
G62QY9mZ58jSgwBoJfv4uaGMCtZdCccxrA2sPesuH1cS,9458.438360353024,1125796,$1000-$10K
F8VHwvq6zgehBvWG9bqkNe4wwsRkCDsz71gyXHRG6Ffy,9458.419320410692,1125797,$1000-$10K
CHFN3NGCAPEpApFVFctBWduMT1FjGPRkgvrGKbYMaTa7,9458.410220533953,1125798,$1000-$10K
DxJawN3B7vRJ4u4CdGz3GtwkwmbAkutudkaBnUFF7DCW,9458.361161485775,1125799,$1000-$10K
4bffJhR8R6qNVLY8ALnpmQfA9mkyAdVA3od8vVu9Tps6,9458.329347378967,1125800,$1000-$10K
7aUjzAWB6xihwbbBvSNuFpF8LZEhuqvMeWc4NQnFus4L,9458.31994422507,1125801,$1000-$10K
ECTwyWcjCDzEgFQBwEZUajmwLAvij6suYuMZisYSJrzL,9458.295248724698,1125802,$1000-$10K
GX85mUtPVhQ3CX9KQBEqKhdcUM1DJUDZHMbHbchAJS4t,9458.291690200045,1125803,$1000-$10K
6ZTU2WehExvThZh6ybx9AddMtTDx9MWhN6DYE5xmhvLm,9458.29128753563,1125804,$1000-$10K
5Sn4khrkJA8HZ1vngmtkuvm8Wd5AxTz4uk4qcmTru95J,9458.28263722471,1125805,$1000-$10K
AjeHu8kar5Mwy7KD6j8SH6NKC7YrKiQkZxBtNa3BDE8v,9458.249576377442,1125806,$1000-$10K
HVtWdjYk5eepouFXK538wZw6QNDopX7sHwBkjBevot8L,9458.202979478345,1125807,$1000-$10K
2pobpWhvFknToSKANXN8jExL27KhidVt9MQovDJFKDG5,9458.185724459212,1125808,$1000-$10K
BysmJkqE6PsnTsGeCD4LXXRsedYziiKGiDGVa5TPshYG,9458.149510006162,1125809,$1000-$10K
HHMagzYfMjdRe6tDH1vPsmqDvztdWrCB5oRMZPD3EqYb,9458.142648639083,1125810,$1000-$10K
GoCLsDhLVB4LdgyzJ4xvP3HBwDzE1SQdq4TpXXrZWi9X,9458.125264103557,1125811,$1000-$10K
DYi8r5zqo1mFBDnq7ZZHBh9E8wc7rvqJfaDCTmvAZB8F,9458.115510714068,1125812,$1000-$10K
EP4nZDa8AWNmYfLjEXfVePupcjkLCF8YDQLZhEtYmq6d,9458.1127774297,1125813,$1000-$10K
24H6iznw8m5qUext1dYsXT72XvaaLqppvVP5hG8pmH2N,9458.06171092115,1125814,$1000-$10K
2WeJ7UvYNwVac4JLXp8TXJiWWMGDLaSc7WVNWQxz6vU2,9457.970691628801,1125815,$1000-$10K
ECeCi38n5ZTgXKiJGYyiRMy5FrDmG41SX4svY6MeT63y,9457.96739853895,1125816,$1000-$10K
AWmhpiyqzYv8FDyeNdXmcMWmMoSEbSUvbDNLRHCmUbWi,9457.94498576957,1125817,$1000-$10K
CEqRGrSkGQZd16LAfvuE5KdhwJmLeRwPr9kzY1qqL72V,9457.937327698855,1125818,$1000-$10K
EjvVZBKCHAjDrPgbS4qvNfWzhmy14Zq7WmxEXH6yRrKX,9457.926116609104,1125819,$1000-$10K
8ssDHf4Vw3yGh7mFVZb89YLdqh1gHtZX1r6rguLAp7nw,9457.905438324493,1125820,$1000-$10K
5AksiiGc1ZneiXd97gcWfrdy8nsF13HKEyjuCiDmER9M,9457.903204812743,1125821,$1000-$10K
FA3J1srVHXPaBmArm2PvTX6wWXaWPEM1C2P53HHKRsXW,9457.894300834529,1125822,$1000-$10K
yLgFFTEM6WubKizqXAMRrDfNZJ2U5SjgXwe5Y5VS8Cb,9457.888724681425,1125823,$1000-$10K
Amb69wkfRzdWR32PcphLrYHF9EBymuGN2yd7ZqZVjGcJ,9457.886615108653,1125824,$1000-$10K
7FUJ4YBpyMEZd3ZHU4PTvWjHzstuCDm8rk6g6XmgJsHV,9457.876587030698,1125825,$1000-$10K
CcTW4yj5Sw9LqqbvL6u9zWVQTnCUA1cjKAD2oQzHuTQq,9457.848581360819,1125826,$1000-$10K
H2kXxkvod3ynKjUFUbwavjDZkLcFuuHDmPRYxeBvDKrc,9457.847067898689,1125827,$1000-$10K
C8H9zw39XgRaWf3zxVhhT1xi6kPPgtXWaENECyBDWbif,9457.823119195647,1125828,$1000-$10K
7G1Zcwv8A3wkbRuSFuLuD2hgsfK979YbSLJLv8uVLuPp,9457.819933017883,1125829,$1000-$10K
5nU2GpUiBerDqKRxVatRYdsQNcTpp8iAKxDYPJfe2z8y,9457.819917517929,1125830,$1000-$10K
GULS8jLRtno47AJWo7ww42EbNwZWeKC7fxzYkVWWNwDX,9457.792864948618,1125831,$1000-$10K
3bFLeBT9b9MVCQjYLYmosdxHJMvpcb6UJDrHtz8DqMm8,9457.792676006027,1125832,$1000-$10K
ENkzah2jjwsgcszyuMrvz4Uf6f8FQvpoSUjS3JUiLGnt,9457.792522655447,1125833,$1000-$10K
4B4CvSVsyXgntWTqM6KBaYSiG5vvgeecCJLKgbmKPkBo,9457.778584142383,1125834,$1000-$10K
2zyboim9ejnLs9H7dFEFADAiomX556Tc3EGNwJ32jpNu,9457.74742633168,1125835,$1000-$10K
HvoAqefNLQTi2DExE8QAU1DxFvBzWB5BXU1DBEvFoAvw,9457.727590437893,1125836,$1000-$10K
6A4gju6h6PXkKcMWhZDUcqxq551JPtuwo97HZd2SEsv,9457.708414346947,1125837,$1000-$10K
FFYqXCD43bAjRZu64rfb81RJ55Nkb5MabtTxGzn3ttMT,9457.672289067159,1125838,$1000-$10K
58jNfC3p6JTxEj7wpfGTx4C4ZFoUKXn1LaTrpNYUoa18,9457.658534389278,1125839,$1000-$10K
9TcgLevDx3PqAbZnfUZntzdtVfKYMcdRWBSBMeY5NrqN,9457.64775922998,1125840,$1000-$10K
52pDMrDFfqyGp7YtUYCgmWM1xd3TR8UDcvkcmHqF9rs,9457.64339683356,1125841,$1000-$10K
2UQcPQMu1DQ4PRVrPUaE7Leu9D8Nd5JpFg3eSSy4XzDW,9457.64150788177,1125842,$1000-$10K
Eik9JZgGaanAm2sbGa6DxQPFajbaxARVVLkfg3jR4n9V,9457.62445443587,1125843,$1000-$10K
nR6ficzpmBbrKKGvS8SccpmcFea2ff3AomoMqxNgs78,9457.613181358469,1125844,$1000-$10K
9dU9nDSeQXSxPUDkKNTqPoC6aPAvZ6LeiMBy2dceJE6L,9457.534917961413,1125845,$1000-$10K
FaaVvXqreDwKzHVyDh5YZ4NnyURvgQMzbJ9SHgrL3F3o,9457.511050345143,1125846,$1000-$10K
2Ax7ichUwyrhhwRxTX1EDpeojHSN53LsAEe8kXRLW8ze,9457.504167406561,1125847,$1000-$10K
46m2qirhn9YGcNQSA5DePQNibjP9yLbaCzDsnzdTrfC2,9457.50147069936,1125848,$1000-$10K
7nuZRptWSVCsJ8iadTwmnZJBEtyULJGvLkBgYu3CA5Lp,9457.483275943796,1125849,$1000-$10K
EJivwgjsuA6HrHM5FMNqfem7xZsYvtY2S17eva75YGmS,9457.465136223122,1125850,$1000-$10K
2gwQSBVfguk8px5WvzaqNgpiRw8ciG97ddWZScurYKRW,9457.42262845828,1125851,$1000-$10K
DrB8JLfc7UBMKf4GsWg5d6bth26jsWxVccW3Aejt3zeJ,9457.390468044365,1125852,$1000-$10K
BWYb3m4gUKXcx3z6QstXtnW5qFwM6K6rUDpb2FZDVsZP,9457.389269580368,1125853,$1000-$10K
7Wpe8wPRoDq3d8noHtnAtLXkUFw2tReUyiGcXHJ8zAuH,9457.355765593602,1125854,$1000-$10K
T9fS3Xc2R36sxkQi3rfrvfdSHh8K5eguSPh3bEqPhAt,9457.335582493311,1125855,$1000-$10K
gXmaKvim2oZeBFhafbQKR5PfkkNZi3K6Su3bKSUWHqn,9457.318301739673,1125856,$1000-$10K
C8R4RUTapRRJoKtrC7u3rPVxP1GnfX7suCjEPSifrqaP,9457.318298039081,1125857,$1000-$10K
3MtsdmVqygVRicJi41TnFbjs2h8uhV1VFHmyzHtiTivE,9457.302648803321,1125858,$1000-$10K
EmR4zZwtsie21885qaTpVEU9FAGc7Yf4XGQnn2L1QdP3,9457.29860840582,1125859,$1000-$10K
BvVGnmdHkrzrVwM9PeBu6Y29YDgNgp2V9U6yGx2EsdGj,9457.289641577176,1125860,$1000-$10K
BupaWCZryTGEaCShLsnPb4zZHfysTZKqVMouHzV8rF11,9457.285051923347,1125861,$1000-$10K
4jPWSqcNBAw7VkboAs8Z123y4bZG7eTC9nh21eSeiKMx,9457.27853293014,1125862,$1000-$10K
7J8LhBP4GpBNUUWV3T9SZ81rpforQmKbkb48DRrrDkr7,9457.254276591446,1125863,$1000-$10K
qDiBPEutFJHxhW9qpYFgrJBjo18XhpXS5km9cFLupTC,9457.232575808192,1125864,$1000-$10K
2UB5Q4Z8uoXJ2Y8FhNBSDKrsn1wZK7Gj14LJmh5KybJC,9457.232213975001,1125865,$1000-$10K
Ch3x7cNGJ58pbRvLVjaELY6XUEt6WDAfgtTeVz9q1bgz,9457.221905583086,1125866,$1000-$10K
6DCQdDARswcx5AHwY8hEHADNjG18XWJKGeHzrMLbDLdc,9457.219639915571,1125867,$1000-$10K
DzY7kTUToredZZHsJ5Pfx1svG4aYhsKmqthxJf6BwXVa,9457.214056856257,1125868,$1000-$10K
AJLV7LsXLhvnPF9TQKMGETGQBLL2xbw2hn5pgz46JWP7,9457.198893591432,1125869,$1000-$10K
EyxtB3CvgduLduu1yrCNGcWA63RMyGphAvHXXUZJ5LLm,9457.181318193838,1125870,$1000-$10K
FYM77gNAAP5M3qcD5aq9u3uaVaVif5yzaFC8xBkqkhJP,9457.17344405471,1125871,$1000-$10K
CYCMJ5NMuF53Q7pLQpf12Sm8YLENuv4HSB4WjRhyoL9J,9457.163163592077,1125872,$1000-$10K
BHBGQdEbpZ4snSFTpcpw2mNnur9FWkuw5yqH35cXTrKm,9457.161112459982,1125873,$1000-$10K
FezwQBWxZcvmA9vPX2vKLgCLkdg6f3wnSDveL9nBf2JM,9457.154172454593,1125874,$1000-$10K
FJhdU8QCoFL4WAPtR968MuZgNFiPhvGqf5qMecjmUTMb,9457.150104157965,1125875,$1000-$10K
Fqt6DUJTfXybxcF4g51FxUMQpcAYJDyF9bavBnCpTsmG,9457.148499747582,1125876,$1000-$10K
9FAgbLdJm6PxrFerH8i5Ef3pwpdkGCbaAXisvAcTHdzt,9457.138786214133,1125877,$1000-$10K
7AynUjnRvRgg3vV177LumeT7y74Fzb5G1ZSSAXTSMFxC,9457.127148455289,1125878,$1000-$10K
4aEMLyeJWcHQXkWFbUNWRRwGtVx7GgFvnn8hU6ahx3JP,9457.110906154277,1125879,$1000-$10K
Fn8d7ZMWwByDH9ff1R4rxoorCJ7uoSsndcWuZvgECsjM,9457.095498325089,1125880,$1000-$10K
AuedqNtbzF8RLPraUrytWGcXd9tRezYhazqhuirpg5tm,9457.072106738162,1125881,$1000-$10K
7jQi2PsMvVxYsPgHSCBEw2ZpRXdBo65vzCPH6E7hmHnH,9457.067973220659,1125882,$1000-$10K
79izRG3YGe7ZoR1pkezeEtUQoBRXQ6ZVXxjBRqu7k79F,9457.067078324795,1125883,$1000-$10K
Dn6X1TtEyEF3BcRUcFk8newxUVvtsX5czV9hAv15yNxT,9457.054629181981,1125884,$1000-$10K
CLvdj6w8GmRDEuknBHVB2T2CBZw5gtjPm3289M1dcqur,9457.041986832504,1125885,$1000-$10K
DVAHBehcn2YyQsj92pyqyLcNJGj3TEo4CfqxMMYZDZXF,9456.983684134473,1125886,$1000-$10K
FiW8jjbGqTeDL3B9CWPGP79C5cvdeACT9Mb6z3XNWerC,9456.982656017164,1125887,$1000-$10K
82e6rCQnPj7jMdJuQKXCsdZZHMUWFtCEcRcmvSvfm2jJ,9456.961952224434,1125888,$1000-$10K
7UshrbLxX1vcrtG9btRasDEBXUzbf5ngkyGcFot6QcsC,9456.953266779343,1125889,$1000-$10K
GtaDm6LGZzYYFDecn4kEFHD46v9hErmwuQPevkab3Rai,9456.91924904469,1125890,$1000-$10K
ATZ1uoAQUdmBYRk6w47gypuTt8BWo2RCq69TkUP78u49,9456.90282406178,1125891,$1000-$10K
GQ7A5vs2NQB98wftFKgU4zVH6X2RhXoRUMyqqMJCj6bQ,9456.888667589628,1125892,$1000-$10K
5rRJHrMLaJUqcUHYZmNVDuamC2JCNDTJ6ZuGfQdnWSt5,9456.875238708502,1125893,$1000-$10K
DXJvYJp3SbJZfgrWYJXsSzQaPJdboKREQ5sDuok2dmfS,9456.823508066525,1125894,$1000-$10K
FsZcuB82NCHS5erZ3q4baNoS15GKhRmaRhb1gDGtbHYb,9456.822247232234,1125895,$1000-$10K
7CiWw3QK5UHVWvu5ovcArF5DNNnzyxScBwyj2YPbw42v,9456.82149390037,1125896,$1000-$10K
3V9agtKySTznH2mLp52xAamwVTx9vJErEynQX3DhGk5p,9456.797067740608,1125897,$1000-$10K
3cDvX26qgBGSQzuoorwLE1hQQYk7x1FNqceCnWuMzAuo,9456.794072197601,1125898,$1000-$10K
9CeW4qUUHenjdDagkekkbnKcsFiG3yojWapMwxukEAXe,9456.790602327561,1125899,$1000-$10K
FNagDD44rWeKEzbaozZ8yZBCMKqrRzS91UoYGbWa95Gs,9456.725951034521,1125900,$1000-$10K
HfuPPqcwrDAT7Zkq2VEb9EZxyGWW9dwXYVbroBaPRAhj,9456.710990970752,1125901,$1000-$10K
wi7D8PuvhAm5Vog7JKAHHea2p3drh42ZSm7TSQZjLE6,9456.644160608392,1125902,$1000-$10K
4zjvMJAsddycQLSvjEBSbvg7Xy2UZBbdqJJEVbd8ueuG,9456.631224134118,1125903,$1000-$10K
3YcqgefYn2ikSKJUsvTmcVB9DhsyGPKpkZgJMd2FRfuP,9456.62745163642,1125904,$1000-$10K
DBqLC9iYgeTmMkZf7DNYVzQnQJV86rCxyXWfEbbjKFyG,9456.58607278134,1125905,$1000-$10K
8LHPDur5BfJq3msxzkNxRitr8SrhwmckNfmsdgctALUB,9456.585461962006,1125906,$1000-$10K
CRAri1uMa6fRSQJ64UgvCfuWarpwJ5u6k1jvHri1DzjT,9456.583403653041,1125907,$1000-$10K
8R4jtcaLex7MUXNbD1Ni7ozEHdQqULgT29794kjwqUMW,9456.57437330397,1125908,$1000-$10K
9VYsergX7VgvvFe4bX415yRPfeVHPBcRzfuxWiz97FdS,9456.562678480734,1125909,$1000-$10K
HRM2vHXwq5DSUDq6yh6JcZd9R84aetwbJZDVg2NG8vRC,9456.547782499903,1125910,$1000-$10K
46gbnty3YDcv4bbnsP5LWVj9G8b9BeqwPx31tUZPYVt6,9456.547670881262,1125911,$1000-$10K
C9tesnhEw38a2WEuUT7oJGqBRzTK3LyPwdSqkwMHxF4Z,9456.526159314766,1125912,$1000-$10K
5NSZJwR4DcGGk5JDSzcPzTiwDxvoCCDCaCL5VjqdiBX,9456.51782538245,1125913,$1000-$10K
GS38NfzkiiUZz768ee33zVbJfRRcZyTeZ5hzJWaWxesR,9456.437052847661,1125914,$1000-$10K
9y8c2DknNo6xUs7Un2nsZxtJJtryrhJYSY5Xi3fTwGNw,9456.426571401027,1125915,$1000-$10K
78g2xD1zQgTjwQKuN6VNGpq9jtpPaCBxN64Y2nogojiG,9456.410537126469,1125916,$1000-$10K
Frbp8oAHTMrjbR2mgap2fAskHSJdXZFpfyN63PpKoKoE,9456.40683083806,1125917,$1000-$10K
FsKKsEjPQ6F94g19hngZ2WzBLwsYHd5FWTCiD5HGxmBk,9456.38285231691,1125918,$1000-$10K
9vkth4MfyfuTMwUMuT1a4uzZZP7NfzxHadSDaEMSHHw3,9456.379434505074,1125919,$1000-$10K
FxDDFgh2YMYa3RauXsTBWdKBonURu7PQyQrBrbqxivZ6,9456.37546023987,1125920,$1000-$10K
FfgPL7keUAAx6AjtTirkDZGnBpw5SeYyRkiwrzBEWoJC,9456.341810992895,1125921,$1000-$10K
yF2VZtvw1WTFX1vgLcvAUMfGM4AvyYAj23Ddc8j3dbg,9456.325789407476,1125922,$1000-$10K
CMGpTKL4XdabZfQBBpy22Jpbcz4VU4ZfGGcJhtTXL8Cd,9456.312126881328,1125923,$1000-$10K
CQ1QnUJD6BfDbGAKsYrmiiNbJRa2YGrzEzxTs5hH2tpw,9456.308859680554,1125924,$1000-$10K
BhnXcMypc1KUTykczcSZqUiCX29crWYaYo2ZwHns7iP2,9456.283741587426,1125925,$1000-$10K
BvPuWdLkQLtbSdRNuxurRY6ynzdaQjF8CdrrwcHBPhv2,9456.270287949443,1125926,$1000-$10K
2fn6eYvHJpUTFPUSL8oPhVhSUSXDWd3FRmSudsWnzSaB,9456.211502823846,1125927,$1000-$10K
FUdhDX2xhJLFuQuw9UGNBgNWeJJ8Pjri7H2F1SEnQgJL,9456.202468990668,1125928,$1000-$10K
Cc6DSPSyiVHFhLuj9zJnCXNMF53iRhdnWaYk2pvdrSK,9456.189153218278,1125929,$1000-$10K
8v9wAiLNEguKhXxNJzhwsBfR3krx9A8NhdX1RgRiGD1A,9456.18294005102,1125930,$1000-$10K
3Hmbh4gXLod3M5zjZUpgYGhZK4yG58op7RGUYEPhgig4,9456.179291343324,1125931,$1000-$10K
GT1SaHV9btrCkH59DqZZDZuK39edSzrA7D2jEbKtdT9H,9456.1726042556,1125932,$1000-$10K
B8iGKtL8NSawMD1MGFn18zDyarjMPtE1nC8gVUfG4asb,9456.118917257128,1125933,$1000-$10K
Fd7DCh4NkwR7NUMJBQ2Fs1QrhNEmc8WZCCCtdMtBRBKp,9456.1076347738,1125934,$1000-$10K
Dgxjwq3Jny9MofvgWgV7ZnsGXas2bKi3M2wrWsToZ9p,9456.10527787352,1125935,$1000-$10K
2fCc3znAiKCwmvj6GzLy4ReUq1xx5rsbDnNJASqMGYj5,9456.100079866099,1125936,$1000-$10K
E5xzzwXWugfpdtDKiR82B3xEMK82MsLwPXxfsh3Ttwrr,9456.095414526035,1125937,$1000-$10K
HNAPj28aXjsyvnVV9LoXfkQDYTerz6eKyr7h1TNpeDBG,9456.095288427521,1125938,$1000-$10K
4JGwaorgcvigH1pqBQEj7kUGN1NK8q18LDUYRUY1JJUq,9456.085595501834,1125939,$1000-$10K
2HBoitcJ6y5P5kbzvF9bMDMEdzoATvxdwQSHgisCsqyv,9456.052476740582,1125940,$1000-$10K
2mRtF7mmSBmsZ5qmP9rbZYnhpRjdhvVcae7u7LXmyfFQ,9456.0235832271,1125941,$1000-$10K
CdGdEgYKU9gvxyru89rUeyMksj23z4tSKb8BofxzYauo,9456.018285288079,1125942,$1000-$10K
57q74veNVZDK1BhoU1JRHR759MwKC9VcRjmJ4McLFn1o,9456.014748193309,1125943,$1000-$10K
GGJhJnsGRchZLZXCccLjJ73Yu6Pcm2NKxXdvnDRVpcQB,9455.999626863535,1125944,$1000-$10K
CCRZDVa6pASCxtdc3yWjraerYqm26jXCcesPKz7mGA4m,9455.978341032747,1125945,$1000-$10K
C62BZFNx3LXHfXAvwPAZEUSvaonoZdwyJRvTq4MCEMBB,9455.968579181861,1125946,$1000-$10K
7dovYRB4v3jxdXqs4yZesHgcL7R4apbogv3ZYGY2kVA1,9455.952580481659,1125947,$1000-$10K
2Kz5mAGwEjakncxYPV9HqufWKY8JzBnVeCkwqrggjamy,9455.947773545427,1125948,$1000-$10K
GwMj1UaEejYkvmPWM1Lt7cwzKL1uqbkYbAxTq9FGrHLb,9455.91893980806,1125949,$1000-$10K
Atdv2soW3P6qbgyhYAmbrsbxk1PQbC6ughy7XE5moDvx,9455.883133298172,1125950,$1000-$10K
41SvdaYa87inPqHu4YqyQdTgoWKzZpB1zSnmSCDgCzn3,9455.878745668331,1125951,$1000-$10K
GT7HXVtw5EaWYF5ES4Yp9WRg2uH2pTyJUMukhstx5afC,9455.834390174154,1125952,$1000-$10K
4AKpc474jvskBMDL1eo5BXpaCcrmztAsh8Qkz6JHJyYy,9455.82104441465,1125953,$1000-$10K
91uaAuKaKo25p11kEiGq7PYiT6vaF5ALgwF1bmY2jJ4a,9455.803863099294,1125954,$1000-$10K
EqosvDgdqaE1CLWUXYnAkuLJtekY743BV9otqDMwQhKr,9455.794569745223,1125955,$1000-$10K
AoKr9CYxt7FUJiJUutMtgwCV2H4Day7xteW1XCJhxxG9,9455.786770121986,1125956,$1000-$10K
FNT3mTCQFxZ5BiqumKXV4FeuUngH2sjatGEjqeY8XW2L,9455.757742236034,1125957,$1000-$10K
DtrPAZXmt1fEHt6gKvT97Di8LiRrDE3NGBH3cmLH2Tht,9455.745001195728,1125958,$1000-$10K
43DWuQan5tuRXtXgn3noRABA1SHF9k2S1RBofufagysm,9455.717872265699,1125959,$1000-$10K
CLEy6ZWLmWgv9mz3mPW22xfauuMfpPV9jkJWjx5LntMd,9455.66926522672,1125960,$1000-$10K
CaLRc86DCHTnExHFQUehMyhbtAhGUjYzceFEpBrzvQRb,9455.6681151483,1125961,$1000-$10K
2GWpYsifGR7cCcdmBu6cn6DE2woMV89Yo2qBsv3qZKsT,9455.63050466356,1125962,$1000-$10K
9DQf1aHaxJBJJWx7VRcMn6ydscu3u5aL5ZCpn63b4h1V,9455.612849357582,1125963,$1000-$10K
AHEWDrXdaNqmJmir6xBJVhhHCj9hyUsvfvNq5tnWKSmh,9455.611150103889,1125964,$1000-$10K
FLQUerXGLQPDgT5KcSyXABzsKEJo2i5vMcga3Qy5LSTQ,9455.60854609964,1125965,$1000-$10K
DwXHDZAccFh6sJr88966y8MMRFfJwcrbcGWuT775MJP8,9455.57528866834,1125966,$1000-$10K
9Gd14SnVyKc7qQZBRYSCVaPpfL7fzsmGXxw6c7vieMCR,9455.568947225784,1125967,$1000-$10K
4dkCWHJYSNm5dKxLsvZJLFTbYQPV251bdoRweTFsLyH3,9455.487962034542,1125968,$1000-$10K
BCJ1ffmuBHVbG599teAcZWjvGjYcLZBWAwvPghR23uFU,9455.484179538893,1125969,$1000-$10K
C49N1oV1zVdiz8QTXudjc8W5mDocPVG93sQX1izPrtvd,9455.473331246301,1125970,$1000-$10K
9ehxhmLFhnbp9HnyeTqiFBSwGr5kBRmAE8q8R8EWxbUR,9455.46119686707,1125971,$1000-$10K
9KpV5Za4heUeTDHVZQCQwsnqw4y41rBiBmzbEpHpq3EE,9455.46002891113,1125972,$1000-$10K
HuVQqwcxsKRMKHbYZxDhfnzrCkojbKB7BSka2eCQdnCx,9455.458371719626,1125973,$1000-$10K
EdZa56eVeBYrzNNvjSvnoGxiPme5ZDAiuWUbFGFTmN3H,9455.443074471421,1125974,$1000-$10K
9wzQSuRGxb23Zy73TUe81p83eV71UMut5EfvPYK7QrFq,9455.440138779524,1125975,$1000-$10K
72d6zFk7XFMsAUkRcDnSXyiUWmo18WrY9pHsQM1ZQJ2D,9455.36556343735,1125976,$1000-$10K
6cG5YHeYJZi7724Z74HP8TxRmXpvqYCjhEXF472Y2UMn,9455.31404620418,1125977,$1000-$10K
7uFKQs6vGYpuCLNuedum1itnyY7dyxNq7iQabQvMApDd,9455.304993187276,1125978,$1000-$10K
EfWe52DqE6A1Lqa63eW39egZPEW3WzZnRCkG81FBxu8R,9455.298735845849,1125979,$1000-$10K
46bhFgsCBx9T9b96iLeTWBBDVD2Y4Cw4MLB7TYRidKXp,9455.258045396633,1125980,$1000-$10K
AWtyhgdq87GFdLX9HnbQHnQ6QNTs4HUu18Vc3mK9xdeK,9455.239463125989,1125981,$1000-$10K
Hc8uYRq4NZMYvD3LPUfr4v1C6hsoHQCoTZco3kZ4dGkM,9455.233829443772,1125982,$1000-$10K
CwJUFsxiMoHcRjqpPPoAzsE4VieQeqygU14Umccaq3Ai,9455.222466729296,1125983,$1000-$10K
66kwVhjuHfwYWp92ifEQFixriMc9LefXK4pRwEvFh2wR,9455.214354879085,1125984,$1000-$10K
Hx83c5XrWgEudP9dnTAfPDzua2EgGMPn2nmeqpk9mSEh,9455.200896955434,1125985,$1000-$10K
27roHYBy5av4VzR8m1MCwM2zQLFAkYQsw9RWXYUFhzXL,9455.15495962173,1125986,$1000-$10K
AjpUyvgxipWThhafYy8cbKXaATCmLD3hxJSDBVRW9uKx,9455.1399558582,1125987,$1000-$10K
5WPZG35giUxdgTtqkz7ytNyo8RSAerW2C35DkhYubvKq,9455.139172737177,1125988,$1000-$10K
6v2R7N6hrbLt2C5W3X4vkr8b76wfTiALyqzQqsCs13yA,9455.137985079567,1125989,$1000-$10K
6QPWgGEmAgemVsVT36jGq3kWm2xGPaBKZQA1nU2pdCvj,9455.127193149665,1125990,$1000-$10K
4iARtmrYW5UjxojCk2bC6yQbp4FEjBXUJioRPiBBeHS6,9455.115245369912,1125991,$1000-$10K
84k3LM2ixLqwr4RsBrqmXu8ZdYiyU4X2iU6PF9UJHX8M,9455.092965749755,1125992,$1000-$10K
D9Zpns93HEAbfTe45qkL35bUgpYsj8xKUmgnxyFTgbjq,9455.090911139941,1125993,$1000-$10K
4vfvCRfRWj1Vi5moY3PFUvDCFaEqMyP4KvGDGWS3dNWh,9455.069311755131,1125994,$1000-$10K
3mjwQ3tvDgTibaLmGQQwHNYboSfProVZ9CbBekpSQAT5,9455.068092154921,1125995,$1000-$10K
87VYpYuWwbKECP8VYcnVbXyxkWy58Ma5EGtpnsTzjydY,9455.058386619503,1125996,$1000-$10K
5Hjbq7egzDWSTXBkkxFYtFQyif2eTNidqbicpiK2YuXa,9455.05745912195,1125997,$1000-$10K
HtKPnfWWTKhV63MACFfn5wNAJjeFAzALu7twWnrx6q6e,9455.03440261005,1125998,$1000-$10K
5EVBZSePgTv6hgrWcaVmuEN912nrx8vUy6wxLb6SwqLF,9455.024658896838,1125999,$1000-$10K
4wqc5omPJjueLodTRtQCwefb4uiJ2szYnzQ2KFecTaj5,9455.018224490144,1126000,$1000-$10K
9tE56ztKvX86qYvWLwN83xvhaYf5hx9errMLY3mKFjti,9454.993310618016,1126001,$1000-$10K
CSmHnBi9BCVN3nkJTo1nUkhuBHdBDRtNAqktWuSgp3Tv,9454.975333098133,1126002,$1000-$10K
7NrideFRaHM8YroxuYqVqvXPzLhB69hJUtPYGMCwbPTC,9454.963852518315,1126003,$1000-$10K
2PnT5t6UENZTV7xyVEp8JJoNiNfasaYFyK8YBNfXZZgb,9454.95577483458,1126004,$1000-$10K
FLLuCgETQJTQbuuR4o9FX7RvPakrmW4EXUa1uiXcLsYU,9454.955593258006,1126005,$1000-$10K
BvN8V67BzsCiTw9jyyjsEvMYCgczKwiDvPSvCZXVWf29,9454.95427127343,1126006,$1000-$10K
7oQVGHfcQ3AAmDGuGfk8xcbUQncSpJLsMWude3LDTszh,9454.91802587132,1126007,$1000-$10K
DwdHrWb5Nx4khZpRtRoTKCr6foUjHu5n3w6o7VCkayK,9454.914623498273,1126008,$1000-$10K
8H3xGAS7kzMyDn4rLkddwNWh81MivMHi8RMToERN27Rj,9454.909823720358,1126009,$1000-$10K
7sjfo7WdrNPFC6QSxrPdK6DyJYkjBhFADMVpcg5gWQ6t,9454.861161165829,1126010,$1000-$10K
DFxrTaxnyJuZdXrFCWx1mABoLaKJpPcruX7zSSAWJNUB,9454.83845087539,1126011,$1000-$10K
B9hPWfV5uG3NU72LCfRgsqkXUVTfqTHCjx8Grm8cbncT,9454.83052655023,1126012,$1000-$10K
8ZdoT4wvm9RhU6o4uabibcHMm23Vu39atXnhs1zuyreZ,9454.824795468332,1126013,$1000-$10K
7hDtMoWoe8J2qqn7ZCvpQAz3u6jhkvnTg1y5KWzmhZws,9454.823980864514,1126014,$1000-$10K
7BGVb7XUuBsTe6zfgBvKsLBXmmqBZt9BBR1SqqvtUUe8,9454.802870378215,1126015,$1000-$10K
HudDbTD1iMnobo23AvzUR8E83EyCjzt5k3guiCURUKGu,9454.78821487634,1126016,$1000-$10K
Cu4JFxRfj83X6jDfwpQtWCG7mUcbzZx7QGV7sVQz5o3E,9454.780715854266,1126017,$1000-$10K
BnzXpzThddRMpjtVzHkESkP8QdLZLCBiZJoZVwjWqjp1,9454.77891015372,1126018,$1000-$10K
9cWeiHVg5UgfucGGqWzsgAc4mU5q8TEHwG6zrPJPnrrC,9454.731319749491,1126019,$1000-$10K
3i1nBemdLkcNUxwmVws89ezo9JrD1WSjmKY2EWsEFQH9,9454.678234126879,1126020,$1000-$10K
DqmtLHJyTkAzxfcn48Nt1zGTAV4caBBrVQJFNGkFhBXL,9454.662535503832,1126021,$1000-$10K
DAR6grZ7AcCvrLXcCHqbsRkandZgd5Aea75Egk9bgtqx,9454.652361226134,1126022,$1000-$10K
GMZTj7L8gcY4LmQo8aJqSDzQcXwC9PZ7YCdcE9fgiFto,9454.59217233347,1126023,$1000-$10K
9iTurEzSrWMuEWdCJnUHs3oJdFvmZ44srEdA6jhn7cPE,9454.587575998063,1126024,$1000-$10K
8V4kvA8bya53aFkqupdNK5NS7uYoevyRsmvu8ko3F4G3,9454.563345361157,1126025,$1000-$10K
DBKnZ3NcsXiiCLfKydvFVmHbKEPhNiDe6CSuUFBNrAYE,9454.56015021115,1126026,$1000-$10K
3XNjZdwbu6zLGaHVVixhXb2ZrYxJcrNxnq5Cd6eoywK9,9454.550690300428,1126027,$1000-$10K
7s4rY6iMKPJyCfpHdC8jyF39Z2YcNVLkSP6VvGMQbJeW,9454.537389316978,1126028,$1000-$10K
A6RQQePsbFei21mcqUGMdNGBQkTSFuoJ6Aj34gPo1NaL,9454.529473465367,1126029,$1000-$10K
AwvkkJXutfbzuk5nRZjMaWGNyXHhFWhjJduUaMwLn82,9454.520630635341,1126030,$1000-$10K
DU72Z2726eNqjftQg9MoNRb8ofLHo8qEwaEpVtJn3wRj,9454.473908750188,1126031,$1000-$10K
6ccc7yGUuCAik6FjEcWkkbnn83Z8N8RGNjprx2kGCM8W,9454.457085393995,1126032,$1000-$10K
BC7umNCkpgqjSkEoSEQnYHwbaZi7Fv11MHLTnSY1PFGq,9454.429199028491,1126033,$1000-$10K
2LNKf2itcCTb6TfRKANgXDVKDunHwj5Qdb6p2XH73LLS,9454.41452360064,1126034,$1000-$10K
DY7DRp6CjepB5sjwGCMTFeaYHWZjiRsTjoNJ2tsS1RSA,9454.413732077366,1126035,$1000-$10K
GR4LHp8cutQmbgNQcCPEEHB9FfdozJRRg8zYBVEJyCCs,9454.395862267636,1126036,$1000-$10K
qsQWfKSuVm4f2qYafSzrgT2Du893SJjStkgwmZvV3bg,9454.37525385954,1126037,$1000-$10K
Bvb7wfvDRfBUP8sVx6bn5hkSs9Zz7qNMWxJ7PsARbrCj,9454.356372782142,1126038,$1000-$10K
FkM4osWdJUVFzNcZEALmxdvYRGms2qShzDPmjGoKCNg6,9454.354551577957,1126039,$1000-$10K
DnCZU8gbqCgR6vr2xWGR2QV1b7pyfRd4yB9eTDKcRA98,9454.327138864637,1126040,$1000-$10K
JEC3uL7kvPC4zcQzwc1Tv81dyzK2Z9q8HsS5A4pFm1Zt,9454.313963030143,1126041,$1000-$10K
68DX2BVdjRoLYMXGR6E9Gw2Sd1owTd3BnK5YdREPt6Ej,9454.311055141563,1126042,$1000-$10K
BqaiQwjVJwgzFrJNda5i5ZcCFtkiUpgV3MpEjgNQD2jH,9454.3050158944,1126043,$1000-$10K
Bmu1EGEUStMnd18hvN4d818Pj3oz1QWP6wPXkRN9if5j,9454.295177135451,1126044,$1000-$10K
Hjz4LQrK9owzsXVZfai5t9YE4RV248zXJqfSJwjnNraf,9454.273501124813,1126045,$1000-$10K
4ZHijGd7A8Q1q3PABohAdADEPEEBogehn2Ms6s56qg3c,9454.27120076656,1126046,$1000-$10K
4HcH6npGqfZrSDrxLxjUnmN1BdvPsGkjgXBk3hNgjYpN,9454.229043780037,1126047,$1000-$10K
DsfyuZqPxoS1kAz8rHgdmFmQydN7wu4SEcLv94PkqKo2,9454.219566055583,1126048,$1000-$10K
HVNE9kS39GFRZLtVsUmsA1yF1qjCWyRV4ogVpLLoFeYZ,9454.193204766454,1126049,$1000-$10K
AjiyMWYgSti1YcqaFEVcC9Yc5ggfxFyKYWr9h2qC56Tg,9454.189523301382,1126050,$1000-$10K
Cm26YQZu1PiqrWNVFmUy9UVjsuJinthU23zVY5NxTiyB,9454.168290534571,1126051,$1000-$10K
D3NCi4qJu5j3eChdyG8CXrPTLzjaWRHRswL4AeKamaYP,9454.142744919933,1126052,$1000-$10K
DrhX5TkxXsfWE4UAACnkxTNPneKhGGNyG2V7K7aCWNjX,9454.115559110212,1126053,$1000-$10K
BsN8yVQVGmKpiF3Jcps3qsDgtCWA7e5z6SosvVe1uKkv,9454.109166041939,1126054,$1000-$10K
GZSo7MKjp8uAjniNAhjHeSTg89DQ6zqzv9SXcB3X184h,9454.103657707772,1126055,$1000-$10K
8NQSZ5wpdET6dzAao2Vg13BsiF4QLAFKPSntKAaggbLr,9454.097637645971,1126056,$1000-$10K
7vdnGsjvxitPNaH9DBQtR1twN7WkJBmg9iQwexE29Pbn,9454.097121477767,1126057,$1000-$10K
AJcwwPx2oRn34mgCx7Tw8PJaPGqZ3NULfPrdGCft777,9454.092477798606,1126058,$1000-$10K
GuGFb31JenYbfqtpF8gdSm1H1bfzENKuTuyJs6uRAwyC,9454.076512030892,1126059,$1000-$10K
9gktwCQQA6eVEarzTxXV3W1vPTpc74hVh6UEgefcHjMJ,9454.062906698677,1126060,$1000-$10K
EyuctKwKLHjrnS6M9z1YRcvLTuxQMts3KeZHNgJxg4Fy,9454.024531400917,1126061,$1000-$10K
B1xLPdg1GQFt939a4niQ1aJvRXdiR5zKbiMvL9S7h3AX,9454,1126062,$1000-$10K
AjTJ1u9sjTKpASfTB295hJjKENFCxiBZp2fpAhZtb15M,9453.998263417205,1126063,$1000-$10K
4Wkc4EyoVqjwcBpN8zhHXsn1wMKypVWyPmV1RhmsnSZM,9453.99042744339,1126064,$1000-$10K
ASN343qA9aHzesU4PrpXHngZFYBLkx9KTiuYdwmHfcdx,9453.958863864396,1126065,$1000-$10K
7ikERBfaqQy1SbeG9yrEMx4RB9RPdcqBxBvTp7ajr9df,9453.952109922255,1126066,$1000-$10K
7qW4UkaeyqtQYZWpCKNkrXHxDqf3pkYJJpJABcTbDNog,9453.93130081794,1126067,$1000-$10K
Fd1fZzBHx26STvHCMAVwVA6F3DGZc2CXy37JXXRi6eCQ,9453.930214738157,1126068,$1000-$10K
2RqJDjiP7jdDbffbjkzxWGykTKKq4nekiPjyFzZbd6ME,9453.91695185189,1126069,$1000-$10K
GfcNRWivFfaWKBQ9XfW4erKWCR1h1a3uDMeqgwU2aeNx,9453.915974752512,1126070,$1000-$10K
8ZLHuuEiwoC9hU7EPZ3uvXmDfvbN66oSabo4r6rFxLUQ,9453.907689791731,1126071,$1000-$10K
6g5bGJYarxebQ7LCWhpvXT89rM7LHhhNJ47TQ36okAqU,9453.907149675675,1126072,$1000-$10K
5VMAC9JuKe3v56BU4wutQtGAbAQn4KJBD3Qi7FFqWTae,9453.895262140126,1126073,$1000-$10K
EtfNk7nv4RRczvrDYH96ybfyHs8WbGunWiVTqqeC8M7r,9453.882081711672,1126074,$1000-$10K
2NuS5zc8ggZTSQG1gSUyUktjJkLeUGxmbi9s3vgM7JkF,9453.866263179332,1126075,$1000-$10K
4MDUuwe8cBASKJab5FoZJezVe1S4zLjhLiBFQurnCaij,9453.861102272245,1126076,$1000-$10K
GT7tC7qYxUAK3G26UZQjuGPtQx2zxzQozF8JcLm34FSd,9453.819741721869,1126077,$1000-$10K
CeME3oh8hiaDtXou273z9undV3fSbaoAq6sRh48wjrJJ,9453.807102342158,1126078,$1000-$10K
DxYKAQ4V2tWkrYhxEgH5eLxfG6Xa7gvet25a8aeDRvvV,9453.80526136519,1126079,$1000-$10K
4u7yHnikgn8mfFNkxgmh6k3sB17exD6JTiy2nxTjmKLz,9453.803980589651,1126080,$1000-$10K
2bSfMsuA2r1LJD2LAKXWT7rws5DmZEPWc9HPqYkGkQkf,9453.796812687664,1126081,$1000-$10K
Cb7m5Y1MGi4bcf3NjrZGg7wUWG68pmx7hMsYRh8DmwmR,9453.78560437713,1126082,$1000-$10K
Kx6YqxjNS2a3n3hYk6scrs9QJDHLBhhFYBnd3YJg4pq,9453.716945351101,1126083,$1000-$10K
792V7mKA4CZxD9Tsdk1qz4py2hoR2Bfy9A3RP6yu9ZhD,9453.715161429618,1126084,$1000-$10K
EGXKTxLRE3oN2Dv2iiaPUxhF18BffzEHTRQsTXPbCXoJ,9453.706605142534,1126085,$1000-$10K
7hvnUu4LkjnjS75KKBWY3jRTZodz2MJXLPZJ6JL19zes,9453.656926389756,1126086,$1000-$10K
9knx2ARwy2N3YNXSepEK3ururmD2eNwKBQfxmjDmA9w4,9453.654969717882,1126087,$1000-$10K
Ew7sdd7EWuTuuCczTZsQsGzvjDE3CJ6btJMcuz7Bo415,9453.64292575245,1126088,$1000-$10K
CrykKHBg621hw8oDAzeX2Xw2oGRjYkoacpDCcTu1qwqt,9453.617962414863,1126089,$1000-$10K
9KaxTwgRoK4GMFSoYcgyu9A3MXnS2yue4YJD1vPWgP1h,9453.600677620117,1126090,$1000-$10K
9NNRVtc15yAMK9UvtDeswAGxrEMx93rxr92pt8xxHXLE,9453.595059894951,1126091,$1000-$10K
BZqEm8TW2HuAL36tMLGAuXBe243XPxb6djVPWbuVA5EY,9453.591780676741,1126092,$1000-$10K
GKrHz7z7mZiiSdJ2zpFW37kYYa1ymwm51TtnPeJE8CjG,9453.581443396106,1126093,$1000-$10K
8f3K3qsatvuH4KQXRHBdDvniDMR1XBNXgyguPrqXuk4U,9453.571890906016,1126094,$1000-$10K
7R4K4uwgKB7aD3Mj63f4ojTdMh3odKNSGK2tnYiZWwJp,9453.5579048889,1126095,$1000-$10K
95gz8Y9cdGkhtVmqbgFNiCSNdJ3ogy6tP5R4QQTXNL6y,9453.555952725404,1126096,$1000-$10K
DiPkdqNfHaTH7cFuAx7bM94LsoiwPQK5UDWLR9NP1AM1,9453.543059211981,1126097,$1000-$10K
5Zvrbhe5vzXgq36JiqNGtxLJhYBFqiqR7ZQhSgqdEq8L,9453.50969547942,1126098,$1000-$10K
FyH9s1ogb4AYZVFnWA3DF7jsisfrYEXy3sxLZ629oXW6,9453.48144890718,1126099,$1000-$10K
8CtsVQ2xzE6WGnKZo6Xz8D6QxsdsA6eJ1eooUbpcwGkH,9453.45421831732,1126100,$1000-$10K
6endXnrzNvjyHTwPYdXPdDBrTCAGsCZTNuD7TZ29q2Sn,9453.446186359664,1126101,$1000-$10K
8QZJanuPE2trA7X1J9d6rYvUPqoujkvHP3C3xvqhAevu,9453.430717646277,1126102,$1000-$10K
Fg48LvptyvcgVykvRcGDUaRon1FE49zoY7xSM1WnfQ2X,9453.413084978876,1126103,$1000-$10K
711Ha56vVNWgkzMKaeUHqPevC6gqt8YZwo7D8nJL1a6b,9453.375234228843,1126104,$1000-$10K
8ybiWtF6TWfs1mEcjezmJtZdaU6od7vuxW3EzjSGJjSm,9453.353881549572,1126105,$1000-$10K
75pXtVEpGGToioH9pAMyb8ncQf2LLQDDt7gF95kbkZar,9453.345502286524,1126106,$1000-$10K
7fMTtZo679ZKKnfSGEBjWTKR6Z8g14R4gHcgrwHdRUSs,9453.33932130396,1126107,$1000-$10K
CAKpSwZdyfN8fCR4XSPxTrZTtRDHLyKMFtJGGooi2kp9,9453.335958693579,1126108,$1000-$10K
2ZNJtL9kfMXggCCLnERpY83CfJHFPwVRB4cT7D6dDvZP,9453.333679979558,1126109,$1000-$10K
7VfhZzsY6DzV5LmZsLinqhgPAjBsW5hWgV6MoCH75m8W,9453.300421670921,1126110,$1000-$10K
BETtQeAXcpg7CNFeugREuoMp1cJ6rfRLi7kP5XxyxECh,9453.27573887367,1126111,$1000-$10K
G4mj19jJYpY6NR66FL5gXr9m1CLapeSDJNUDr5QZNG9a,9453.256263732237,1126112,$1000-$10K
BScX69Dx4PbZi4KioeJ9EARwGAPqEFh6Mpux6PCmjvEX,9453.187577151417,1126113,$1000-$10K
BXbvojBmNsERFPRZAcRBxeNrau9gYfpAC2abX97vbc54,9453.178879940468,1126114,$1000-$10K
CqL6uqmDBfweJUge1Vap9fygDYhAGBRQk8CGJAHonpRn,9453.148188205863,1126115,$1000-$10K
3ehbuRrqfTB4mUNghNnTqAJn8M1wUmx3eUQWR79CyZ7q,9453.12853606835,1126116,$1000-$10K
H33bKnm9wrjFRm4keoQLUQkA1Gyb8Kigi9rfxnu7ajMF,9453.125122695643,1126117,$1000-$10K
S9vDBnRGmhSW6xh8DqLHqwUmYLowAVS5h4p6MjTEZxz,9453.116635439519,1126118,$1000-$10K
hLDhTX159apap9qmJdGoMRWrWw3niBMy4Ky2AgdFxKx,9453.10778964907,1126119,$1000-$10K
Bxda5Ax8Q5exsjqQCgY9wtwPJp5cAxY2jsWhqivV5c2k,9453.08994439365,1126120,$1000-$10K
6ngfobXVXVEVY4RY6vAPRjXAq7DVTT79ZUx38CYFAQZS,9453.089456949094,1126121,$1000-$10K
HaNf2M6BkNxL2jCWoLwhDG4Ljjzpx9Au14m8coFirvfa,9453.06651321659,1126122,$1000-$10K
9KoD1Jy7XafXpNzH2SxuwQREZx9yBjYEM9BA72fE34o6,9453.060658539707,1126123,$1000-$10K
UUZ5ijQ5KA6aGfB7ACHU99ar3fHDVR46BqkBMJufDRn,9453.041441269454,1126124,$1000-$10K
2NmuadsJKRdAUonEmqHreCnAjk1B6emR2FPf2qdvDHnE,9453.02586713764,1126125,$1000-$10K
Ckr1SrqcmQCeDBiNJhCZ2EGAiRc5MeYwHvoauwL4Ju3M,9452.99335547975,1126126,$1000-$10K
Gb5Uc3zsbv3q6TEaKzfTyy3UCirc7scEuLhmwKiqW3Jt,9452.992416375864,1126127,$1000-$10K
BqkWFrbrS6v1ENTrUA2TgiaWL2BBSa5NzEWZaf6fBt6w,9452.965240378428,1126128,$1000-$10K
HZjzPsuNVxyULkQa6SUDS6EVDb9M1oMhySLHaXZRE3ju,9452.964058036698,1126129,$1000-$10K
GVKXGQa5tfkyLMiqz4ifeQZVcCh1upDLv6xNjtH9CrH,9452.957928810893,1126130,$1000-$10K
FwUg7745EdTivnV1gLVv1gPx6JkHxaoT3uq2P1SyUoae,9452.921003189871,1126131,$1000-$10K
HnAmTPA7TcNLTFEmFXVfFyEm5HqQBSWjpCEzUvvQzdPd,9452.92085149249,1126132,$1000-$10K
99ph1iwthuecAVYZohoVWM1qGMmeByrSatnCn3ZAqLQX,9452.915441083356,1126133,$1000-$10K
2qvZBrkMqhsRWtZTVKJUfcbRs56ftzbMiFvx7mtTmC7d,9452.873231254993,1126134,$1000-$10K
9CaYMUaLpdp877ve7gWUySeBNtG4mV5P89huUcaFvbUF,9452.872495651047,1126135,$1000-$10K
GSJrm8qsRnpZYsSz6NWDnaBSRQS8yBDZA5GbBzeD7BxF,9452.8467097752,1126136,$1000-$10K
FZvWU7UGAFmC5cvVVXiPWZD8N7idXT1TsWcLP6k7RQEb,9452.83627925784,1126137,$1000-$10K
AcYa56SchNFvv9F66eYQp8rejubBquknHPspHH6BznLs,9452.8341595734,1126138,$1000-$10K
BMbcUCFe9FJwEn78iXjG8oh8bc3gKhvzftyiJegJtDCi,9452.832990929168,1126139,$1000-$10K
AZZJRc6XMXs2hJfc1u9qFNWNWSD73Tpmm6J15GFjoMKG,9452.820977838588,1126140,$1000-$10K
DuYhWhZxsgrnBztb7BQYmtFXu17CMeTeJpx8g4LAfpwy,9452.77954105348,1126141,$1000-$10K
J1dQbjdqcQvvKBhQfEKtngzKoro7Bzb79dGgWUtWsgh1,9452.773952312777,1126142,$1000-$10K
4AZLxQWuzNUj8v1KYp5R3LcjW4rMd4Wk7zaB8hDkeZyf,9452.7601354726,1126143,$1000-$10K
A7GucAPPQ25zztYo1W3oqi89d9erSBspAaMbsCEKVypD,9452.743945629087,1126144,$1000-$10K
DjfcdBWPfM9HqvHPiHwX2ZTvYU6MrErHbBEx4tyCs4Ky,9452.722943145667,1126145,$1000-$10K
D9YfMZqspuLQfTmBm1mQzDqaSzeLX1nJ7g12LYZazJ2P,9452.721280313146,1126146,$1000-$10K
BS2PaSpYs84keMSTPREB1Cwwh4nQghv3t37ncz24ibAy,9452.695848869465,1126147,$1000-$10K
EE7CkX3tBvARgocw3dGFSt8WqD13Nk33hSDV13Zzz7Lz,9452.684299655377,1126148,$1000-$10K
7iUADa4WKq1kvpku25XCyDyYxo68psdyT8yinNBgdGnZ,9452.679985992294,1126149,$1000-$10K
FA9JHSNebhEj8ER7HRWfmdd7HFDcz5QjsHZ7jpxTKe7Z,9452.678102726404,1126150,$1000-$10K
63mUpmK6zyEo4xTWwV8fB4jgHWBKEraWQiBmGUm1FbFU,9452.676269018508,1126151,$1000-$10K
ABFZo59GgUMpxLdkFNwDnzp5Lju4tVKAho3v8FHpoa5y,9452.668973586578,1126152,$1000-$10K
7mv5qdj5GDiphe1pSGhx42dn7yuoAJKWbVnmkzKgyWze,9452.655405505728,1126153,$1000-$10K
12NCR37HYjKuXJYn9vRXpkmrkRBwVKGE4eoGeRFiMkLX,9452.625366520293,1126154,$1000-$10K
EG1caVzMHECBrfthCJya1PsMk2hPgW3PAJzvzSTsEC3F,9452.624953679342,1126155,$1000-$10K
BYA9ToccbWuy4CSV9Xh1jsawCV3sWEomAv99KsPsRWXB,9452.621401183593,1126156,$1000-$10K
9ypP9dZySraChbP1MuZhCmk2W2LK2hi6tp6jiMyhD5Se,9452.611521408651,1126157,$1000-$10K
6V4wRZ9LVy5E5hS4vEBkatHBUk5teXX5AW2F3VwXgda6,9452.465211787365,1126158,$1000-$10K
FbQyNoSMoovmjxPtDQZs53ap9SsSb2kqWaWWogDReBbv,9452.455739714283,1126159,$1000-$10K
CzvLM6pVv7mKgq2QXj6it5bC4tqFEAAQ3vRmc3YdPe6r,9452.43111591387,1126160,$1000-$10K
HyHidpCUi59QvdinemnQerNnrGMEh23WUWCV6GfyQpbr,9452.427862947054,1126161,$1000-$10K
7YZf4czPJppJwXbS6XBF1vU3gBe3fAvrMNJxmsW8Lybk,9452.358842979964,1126162,$1000-$10K
4HJA9MddMURMGmNSJUQoujFZWd8B1ZcHyika7fy77wvz,9452.351489667579,1126163,$1000-$10K
7SJkYsAdrckR4oEd71NUxRN9hdwjstaoHXC3QjE7xDTF,9452.337599290424,1126164,$1000-$10K
B46xi7ejFxP4HQaAfWbGqdKwyvpQMGWJWcc2D1ipsGWB,9452.331717483325,1126165,$1000-$10K
FUnaXiz1pqFUvDF1FR48RtMc4jKtovZR69iFQw6yeKzH,9452.31589867091,1126166,$1000-$10K
A5YptTisvoK5DbogHJ7Xb7bG9tVzxe51xqAHgGFic6FK,9452.29236724177,1126167,$1000-$10K
CBi9en13r5VFuFpPae4VQtME2thAkTsTzsMXhJBNyrUQ,9452.264426519627,1126168,$1000-$10K
msnHAeBVjSSwaH9zxavP1fFVjuAVXWVuC4yTGGpxDpr,9452.213711627555,1126169,$1000-$10K
Crpf5HkfrAm9RtNiBbxq8NbyzM7hTSJGUk3JBMcUjGb5,9452.191320824693,1126170,$1000-$10K
HJ9qeg3AGejMtAt83CuGwRE79AMWwpvjpyarUfnb8Y85,9452.188558626056,1126171,$1000-$10K
3YPnaYMEHocFEHjHksT2JbQ4wRFfVxAcgLg6rc5Q51yG,9452.171952073848,1126172,$1000-$10K
7GaBU5UwqXDqEHfJfsY7tRaJkauugczVZZBtSrM8WNQz,9452.152776079845,1126173,$1000-$10K
BHpXuTDPJaHDK6HTGG6PP87tnbXZRCd33Jb2rTyegNxB,9452.133854513013,1126174,$1000-$10K
5U6mLpQ6VNC6YmfDMkmuXwdtUJ7ueBrP2CVuC7ihiCue,9452.11146843635,1126175,$1000-$10K
FDQeb6hVDJdtCdpR6XEJp7nsSQH6Bdf5HLd1ejS77CHt,9452.111356154757,1126176,$1000-$10K
FeyJKoBbKP5nggsWjXrKwtw3zgJywoTsCbPc5tcmpLnd,9452.101992135604,1126177,$1000-$10K
HfVXF5iEi8hkRusP6uzsc1fU7YtRvEyisYYaqqWRQvob,9452.08504170106,1126178,$1000-$10K
91aeLHoxBuvuw5vSxFo6yh92HSe65cAho7AgbqeCBCf8,9452.038439305483,1126179,$1000-$10K
8qtqp962poYTaUCSoSrLEzawqsTv43XMkGNhagwRKzed,9452.032293665441,1126180,$1000-$10K
6CFDffoKP9u3VoDRenpNcjv4VSh1UFJKS9Z6LHwG9eoo,9452.028722520039,1126181,$1000-$10K
8oK3YHFYsM2tEMaumSP4eeSUcbkER2maorGMNA2YQJPC,9452.028464357281,1126182,$1000-$10K
8ZbWetDjEhjARrrmWzmSF5wKEoxRV2QH8nFz2dSJHKc,9452.02464163052,1126183,$1000-$10K
6dq1VezfjNvyZ1vV1G7Bp7qdj3EcwxJ7KBDtsA7rQWWT,9452.006490326043,1126184,$1000-$10K
D4h8PihpfrHHGFqMerh1ZyMUZ6hLwftxhdY5pQpYotaw,9451.934634342451,1126185,$1000-$10K
8y6vxomhBr11w1ACYAtY16b7Y3b3Q65ndKk4koKrkXfC,9451.911629717368,1126186,$1000-$10K
J6jPqV8J2kbx5mGXNViqbrgsNSJmwrNpF6oicUekR4tk,9451.908076383323,1126187,$1000-$10K
7o7rZwbUJRU6VmaqT3VxMDvMMKnzacSByv662DLfH3pc,9451.90607563063,1126188,$1000-$10K
3WShkxTKPB9juhCcB2EJbVTbV7PyuebxTLph2V8gHWk8,9451.83848686023,1126189,$1000-$10K
FW8keT2sJQo9PT9hDyyHZpvtLLZ6iR39v3NJMrZJMApH,9451.81851587352,1126190,$1000-$10K
EmVEAxx3aVrFfzqw8WyYWghAH4EBVLZwSBL2JHfZBscH,9451.80653542657,1126191,$1000-$10K
21xXN1kCgSTaKGc2Q5RDfwxEei5kceNLgLnkHg8Z8moB,9451.798426367233,1126192,$1000-$10K
Gqw9492AcUR4dG3VrQXP7h2gry3Wa8WjaBafaEnQMpVV,9451.798033947922,1126193,$1000-$10K
B1iyFfX2PefWfehcEKEUkTwi3PEx4va1igi115uqZsX6,9451.79159264968,1126194,$1000-$10K
4Mmx9DhWtRX81PL8sAk6rfYcuUFjL3Q7uHPJj4ofpv3v,9451.78880909005,1126195,$1000-$10K
21CbXyfwd97sBRdUywWrhydPCELHeabmNVoNm25hGEAs,9451.749659808504,1126196,$1000-$10K
96yNbZRAez8XVBwbHh2huCZPNpTL325EZih2wULAXgtB,9451.73770122295,1126197,$1000-$10K
3Dx39YwAfPrqKvEMqKgZXc9LGhDDaYM1HGQEkh9PELSt,9451.713858564191,1126198,$1000-$10K
E3NoJsmfrSk6fgBHEuaY3W7hAxfnor2viFQoRDaaZ6VB,9451.678355179642,1126199,$1000-$10K
2Yc1uQKTFNong8jWQkmBSCvfo9mFmUvGPkTbpkvYMMrq,9451.673154651695,1126200,$1000-$10K
H4SqAW2Q2cnSRUZUsJAupj4fKNsT4A2Wdv1M3LcYh4j1,9451.67019536615,1126201,$1000-$10K
Gbuq5ydQzRMPyvYjKAy73iJ4584EkiCDDaeXryXU3BTQ,9451.669902766527,1126202,$1000-$10K
8u9bUgPsB58bBPLosQWy1kWbgzH6Q1KaQYyJ3v8t5CVi,9451.64847491365,1126203,$1000-$10K
7hkij39t8bLZc5ZkevE58ivESNnUsNNimJYKHoJ2uJ6z,9451.644368830814,1126204,$1000-$10K
dJ8crh21it9GTjQv7yhsgFhoSxTcDbQJNbJUTqsnHHA,9451.628405886711,1126205,$1000-$10K
3hfX3cgPhHzLQKxWcr199DPk4AejW6N5cLeRHPbB6sK6,9451.605237555828,1126206,$1000-$10K
93Ld35aXUxcs179vikAknaYFirBf6GNNuQwaE8mXeF9h,9451.533940479443,1126207,$1000-$10K
DWNRB4GjopmQXgkaeVHkcuYNh9KcRVRffcHAKd3vyuTA,9451.521753832763,1126208,$1000-$10K
5qqZcTCBQuY3ZG9ePXBLzx9gf5sAirDzPyCN8yEHxBGo,9451.51920363359,1126209,$1000-$10K
GGxtffPjqenywLLCUwCGe4bRF1xekkUzdhAeFm2MJ15d,9451.512826802222,1126210,$1000-$10K
8i4NZam5gAZ7RerYRvck2bHZFbvTr6t6Sgdqgyi9gqQE,9451.483545689836,1126211,$1000-$10K
EH99o7PqvYtgiUn7KtJeJ4muogdHcCpkLsbtzGR2AWf4,9451.472747150206,1126212,$1000-$10K
DXXdA4dBnDX99RftzNWFwZqsKc6yJwf5rgJH7RrXGzGX,9451.469310954393,1126213,$1000-$10K
8YMEQ7LMSeiKf1xyzFhTmLJSXZs9nqSQhBW6G9LJLpGA,9451.4479761903,1126214,$1000-$10K
5s4t53PwrxdUMukeXaHEwW4nLPK5Wpn93qAFWAFLyUfS,9451.42305242396,1126215,$1000-$10K
CJF6S7iDc7iwZDQaGUNb9U44dAiLckLa3221C63XJQi3,9451.415950466517,1126216,$1000-$10K
ETFmvyYKSaoPA1FMzECVcSkS3EuNcSbfjxuuGPxjgSnq,9451.414764826693,1126217,$1000-$10K
E4Qk2tH5dDwdiDcBPeJZP9T7FPCgaep2hDT14pZSTasg,9451.407274989602,1126218,$1000-$10K
9KwMHz5ptWXj3bXtH1aHMsWrHX1vCF9PuDLS9PsJ7u27,9451.379501916505,1126219,$1000-$10K
44mZDxNqm5MLhCoKy7Nwmyj18tvCvuX5gnytGUGT31PL,9451.37776632755,1126220,$1000-$10K
7R4kT2puwzeU14dwwDJxQdXQ8eYg4HsTRS5qoVP7kFez,9451.366125116341,1126221,$1000-$10K
CUbMyEUQAbReLhwTTX4GG5QcNFwsaLjFHzWQeeisgT55,9451.331045649753,1126222,$1000-$10K
5w6L8S8f4PuKE63UEXJWrg8rSHcK664cHzffzuJ9bUGm,9451.24928100734,1126223,$1000-$10K
Bs5jmZ59qcK5gKiVWQzu2jUc6dVSkxxpN42ArUm9fVsH,9451.234454381054,1126224,$1000-$10K
BzSno7kzovk5v6i7NPp9zmtpwLqRugd4ke7XEFkHYDyc,9451.215726442155,1126225,$1000-$10K
F8sbqteV55dC9zZFwyTo6YrMpDbHCuLJaYSntqyAKW7q,9451.204225024194,1126226,$1000-$10K
FhujxaT17EsQqmhxe2j8nnj4iDCw376iDN7yepk8GbgM,9451.1729333948,1126227,$1000-$10K
DTq5VdMGRUJeqrVdiPRdUpwDEMgSdGYnvpNTyTiaFzub,9451.150064526924,1126228,$1000-$10K
BbzJfFvRWiNdMBVkGgCReuN8CzDPAcNvtHcL2QdeqCKj,9451.133949946487,1126229,$1000-$10K
EJ2pBnCCRJ12YBMcPrFA6F2wcZ9Ui28aNyk5w65rajm5,9451.117401539994,1126230,$1000-$10K
7K6T2PmjRayDDGQHxBogYYXLXYRfzC69Lb141WpEw1Vp,9451.116140591945,1126231,$1000-$10K
EBWMmjPohPL9ohgRbUn7txUn9CAbMX2pxB27ju2ijpFP,9451.114666691547,1126232,$1000-$10K
4avNtoHtuRpdvjG2XBaL5qHqbW6KesjteyjEkT1ZTp7M,9451.095782483993,1126233,$1000-$10K
4865hjS353FbcWYJ8ngtpiiPwU4hgiu4EE5p8FcTnpgf,9451.070613657812,1126234,$1000-$10K
2z9SzCb8qKC9wqwfq5CY9U1FMYgq1Nr6TDqmkbsiVEs8,9451.058374479924,1126235,$1000-$10K
8RioEzWy9cKZQjrBxuS8qfcVxqRHQTxosNbsfLsm1y4y,9451.048278067996,1126236,$1000-$10K
4QFrNNdhFJ52TPp3tKThDMNxVMWtKsLw5fwc14Goth7m,9451.034965323666,1126237,$1000-$10K
GaHLyJwppsKncjauCGR3yJVSNTvReU6wYkniK7374o2k,9451.031328582432,1126238,$1000-$10K
9cjnQBQ27Fcnxa4AX7Xb5H9sWTcp4hRG6zRMwTTDiEZ9,9451.0135056233,1126239,$1000-$10K
AuzpdGXJvUWUe8pkVbrKXYFFza7BLMWCcN3JYTrdTy4D,9451.008753724098,1126240,$1000-$10K
6Esrbdg3GF6WgiPdo7qRBBxpWEHjzxwdesaaXJgrPkBD,9450.989464713211,1126241,$1000-$10K
6mXSiRno6Q7HUMcyqUq5NxLautp9K9Q89yEgDq6s5XZj,9450.985592182999,1126242,$1000-$10K
7dYMQcRE17Cba7Nrs4Wx21dz2T2So4hKTapkjUTvmW6G,9450.985045597608,1126243,$1000-$10K
Btsk2STARkt6eitncj59LBXD1kj4YBLFQ4qmCZcZDSqY,9450.972123240857,1126244,$1000-$10K
5rUF1sdgzKgQKc8o42ThQDvBGsiGs9zQDhAkPv8PoRUH,9450.94984595668,1126245,$1000-$10K
7Gsfjs7X61F1qcKuq9WYvHmEV89pgG9DBWV9MdFazuj7,9450.926019837598,1126246,$1000-$10K
CUtJDBBZbY1nukKgPbCpRBJcbYA1EuGKkGEdetG4rrB8,9450.925374978138,1126247,$1000-$10K
EkPy71EBLmGR5wDiRdbi2Vrn5nbkcmG79S9FEoZ3RsHG,9450.91706204983,1126248,$1000-$10K
7NPppqj4XfpQncfBGr3zsEqhYSG3iWbsaSmpeU2gxCbS,9450.82438539531,1126249,$1000-$10K
C4PEY6bbcBFsTUU3Ut58pPZrVPvMyJE17cxTx2zhhwyW,9450.812401026964,1126250,$1000-$10K
BydtN6wQjyeuXQSf2ytABRuQpqaRS2yUs2kSPXMBpwu,9450.805037958115,1126251,$1000-$10K
6k5vUP7Q141qA9bGeFPqA1dqYoZJYFp5pn4V4C28tMpu,9450.76062643575,1126252,$1000-$10K
GDjMd2K5ktheCRPcSgjqMqrTRrQ6xGbmKVfsGtCfNXB8,9450.759795142063,1126253,$1000-$10K
VsynS75nUTmjthwVSAH2Jr2UPT8dv6PwsjH9ntv737t,9450.755836782802,1126254,$1000-$10K
5JTJzTMgiYQTL1r976pi9nWk6ivWxRAbnJLaGAuPkxCY,9450.746346407657,1126255,$1000-$10K
4KfunFCwebMjNDWpGxuR5s3dLvGcEDMKQmmRnysp2oEz,9450.736289473194,1126256,$1000-$10K
7emHBzc1m87uLEmj1L9W1y6RReFJSVewkNJjZy7Cezzk,9450.706935600225,1126257,$1000-$10K
FxfyLYoVdBerGC5RNqR8xsuy1YpugTr6H7jGv1c89zK2,9450.705498210162,1126258,$1000-$10K
DzWRJ8C9fe4CFt6pWLTxbfc5WEHc2A8pMwWRxRGcUCC3,9450.673176075721,1126259,$1000-$10K
6M93m9tYxXh3Mnpv1SPS9cz9uCYmVQfhHGWCB1PjthGC,9450.658505937885,1126260,$1000-$10K
8Xrm9KJL8z6zrhpZ8U7Z2CndiXu3uFJHLxsTT2Z5CBW8,9450.638522021944,1126261,$1000-$10K
EKtUv2TETaw4oTxH1K5tfjZeADNNXPaYw6dPcoCSaHz9,9450.625342729269,1126262,$1000-$10K
5fx57cTFF5GxK48NEuGcoG9hfUcD2ATHRdbPJ3LP2AyE,9450.612452239027,1126263,$1000-$10K
4173yk1HN2NkRW9thoE6PYA2kbBEAj226dwyziK3YGHp,9450.59986289842,1126264,$1000-$10K
EgcfNPthq8w3wBTE1WbkAKUijewbRWKDKXA7rFLiRQKN,9450.587915745726,1126265,$1000-$10K
E8kX1GwHF6pc7MvmjuEiveDaD7rLeNj5cBXtM5B4bzhe,9450.587660001791,1126266,$1000-$10K
sVrWD6tNruJY7FEbHJBhFHDkxYhgJ58UytY9gYkfSRV,9450.58136278946,1126267,$1000-$10K
4PSAzSmjEZo1LhQFTqo8JqDMdRKGvoQ8ySzq34sS1MFx,9450.574654872542,1126268,$1000-$10K
BpJcTiu5insg83Cad8rGo4Cxu1Wa4ou4Rqi1BNGGzCjG,9450.558281951131,1126269,$1000-$10K
68R4FdCJkokyGzd87Z5dDAALrNoxGhtM8hyCHtEMnttm,9450.530770421441,1126270,$1000-$10K
Dbsq3svbwaNkXfUGhdALHbRFxaP1tGPZKZVCKe16Nhj8,9450.51241700131,1126271,$1000-$10K
FBistrdogd1f4dyeb4DDDcCpSxf8DCHi2QQV4DoKnEBV,9450.482091960634,1126272,$1000-$10K
HH8ULLM8c9MWtKP74S22UWGKaJs7iZ2dewunx647Thhb,9450.481070370728,1126273,$1000-$10K
HgR1cu9JTcF2PMvLN2kYMCr7ywrjU4LZeUhCZF3KLGrg,9450.442315852793,1126274,$1000-$10K
21SbF6EduvQfZAeTyL8foqW9ah97nP883eUUiQXhcgQ9,9450.434046503979,1126275,$1000-$10K
6u5qP6AmbKCJJeiHcqJDEefAc2ZsCoENBcrYLBvk8Ari,9450.325561414807,1126276,$1000-$10K
7K5FTTfzkt4buJuEM3uyDSDzzpgZaBRXfGuZYkqjW4j8,9450.314137529367,1126277,$1000-$10K
CLJdL5K4X4Tsy7vxa1DJGmRMaJjAFD3UtDKwzwdp3j5y,9450.30510291794,1126278,$1000-$10K
6doLCoScwU7h9tHZbV6cXKnqv6BrLNpP1rw89wKqHp78,9450.28007686438,1126279,$1000-$10K
ED5Cy5GqrkvyWjUVbFbjMxH1V1MXjJDz4ZuusydCah28,9450.276077435017,1126280,$1000-$10K
HhXt9St3crus1NA4HeEp7aTw8PeDh832BoR1oCtHfQi,9450.266608597009,1126281,$1000-$10K
6XxogqoMdwUZpgrFpJYRN8oucHDLucBTfaW3QGhqBDpn,9450.25766719305,1126282,$1000-$10K
B1a54ohMLwpwfjNx2fYdGyce2JniCHMcHsh53YdHV1Zf,9450.256375436551,1126283,$1000-$10K
9FX6tzc7Vq2hnF5vdhDRyKEnVn3JX2ejCwPun1h6msaJ,9450.250368789864,1126284,$1000-$10K
Hwbrse3Z1hnowdrXGxko5GWp3nYBrjxAAhpaUdR7rM8T,9450.240248924008,1126285,$1000-$10K
8zHULWLAir8BfNKLyCx9Lbn87Res1THspDfDdRKr8n1u,9450.132181190704,1126286,$1000-$10K
5gbwbMZWbfqUMko3sYVuWX5Hs9wT1gvJLS4bwNBU65wM,9450.12010037392,1126287,$1000-$10K
56dxE1tUJzRdzxVWqJzfEDpRWiJCdfcL11jby8NWNn1c,9450.10217074447,1126288,$1000-$10K
EbbUuQ7PJLuqL3bRtWEYVPSS6h5tYZ29emdGYSfsQw5j,9450.097066759447,1126289,$1000-$10K
2rfcNBff7WTXkoJw2iJfWcpwWWKFiTL619fgEk1g1NCr,9450.05612200977,1126290,$1000-$10K
6igUCA4EmVAxpbcqSBi66eX7chwj1xWXPXgJdK59kyot,9450.046829394701,1126291,$1000-$10K
HErAW7YKYgrKE99F6ot9nYNtFQwTPxdUtddeGKz3Tgdh,9450.030358706657,1126292,$1000-$10K
FPhm45fUbzzv9AAQUxCjn9BxMqHRBUApLzWkHHBzYBpb,9450.020469807241,1126293,$1000-$10K
4HG8mrUSuaKy1cffmcGrCyySGyZMSTprWRdw7Xx4YLJM,9449.986553322775,1126294,$1000-$10K
45tVdX3gGrjRpwYxAEZeGgWixo1zYrP7gjTTC29aWHvX,9449.961130187006,1126295,$1000-$10K
2dZf2tun9crwXQjNocsFZgjaQgn7vJyrTqYcbGEC2WL1,9449.937865148302,1126296,$1000-$10K
yQmjLPAt5UPtZSZQZhn6Kn9uvFAYDhEc9qHQcgVZkki,9449.934782478716,1126297,$1000-$10K
7rfA4rQ76tH3PHL38euMNfqgWeP94Cihy2SToJNnbpqY,9449.933920484988,1126298,$1000-$10K
DgEHfnkrDVdPRdgndwjjUuGDwyS5t897fSaabxj8pdeb,9449.922251676906,1126299,$1000-$10K
9RZ5YSjELs1HCTJfaL7cF2yGpdkChsfqKC8GnnXnathy,9449.91773413945,1126300,$1000-$10K
CU4fa1qVuTFaT6kphMpKESvqpFmNMk8x7GXtKcvfVR1E,9449.90545978175,1126301,$1000-$10K
6yan89sdoCwpRCwy1xGwR9fMcz9rAQCXd4DqtQ8u3rh7,9449.89573718447,1126302,$1000-$10K
CDCavy4x5Eq2UwmSZEwWTjYQJGVaq7SzXyoiqNo72x6m,9449.88525366007,1126303,$1000-$10K
7zg2U4pSX2ndYDckbUDwS3dq6TMPQxMjUPzUDCR35dFV,9449.818579770372,1126304,$1000-$10K
9ZUhjiF4hQ5TeWzgu8wsSDwZAa7ke5QQDZdwQC7CjEV9,9449.783150182842,1126305,$1000-$10K
3D8HX2nwDeWpbhw3jpBZ6uWHVc2oGa3RXzBYMsyNUtaW,9449.738473091425,1126306,$1000-$10K
2R5g35qKNQuksfQ1EGodMenyEtcx5isbBJ3Pe11nEeBQ,9449.73371542181,1126307,$1000-$10K
5e8fQN4D1uohYsdXvHVkZ87MgnobvCMESv8NBwzsP5t6,9449.723407972295,1126308,$1000-$10K
6AA2LCuBdP67giHNMXFFkZGCZXXzxbLyN8eHt8Hw9xCC,9449.704891826783,1126309,$1000-$10K
ASbtEoFALajwxfSHTENzSUxwwfSG3eU4Lw9EFaZ8Q5NS,9449.676802744803,1126310,$1000-$10K
99wWugZ7kRGtyVz4eRL5VAVGPMsQk8pv8njD9fsq1pGC,9449.674961033546,1126311,$1000-$10K
9QnqfoJEVnWWcbhbtHHYvTpbg6hRP9oa4sTAEoPonDBx,9449.672613099123,1126312,$1000-$10K
H7ex6nncgCRX6RzaK64hwiDkpvUyW2B7jWio4QMWSNDQ,9449.661637846995,1126313,$1000-$10K
AoG7gAN5gt4yMecMkZHqqDhmS2XTfYwqcSWea9TkugKR,9449.61435872919,1126314,$1000-$10K
BGiRCrMRWzHZ4H5wESHnje6nV2FzjvPkpzwsMqZ3W6ac,9449.600335738698,1126315,$1000-$10K
AMnh28eHmun6FUyuxkmKJVZbrnQJjYbswKiYouQ5BUwi,9449.594819209015,1126316,$1000-$10K
2fo1mqgZjQEBcuP39E9RaxJfvin2rxKr9A6AXyNu4ryZ,9449.57525943971,1126317,$1000-$10K
8tq7CaR85Xh5ZH9ahTWoJo1ePER4nQoeCay1XV1oF7fC,9449.541098946991,1126318,$1000-$10K
6bq4YgnuGrnBQtyHSC112wMtqrQdyryE5E3QsJAT6fvs,9449.525299440087,1126319,$1000-$10K
GVqjUAjQCDVLw5PJRZiDiTm99tDHECQ1UN6Tq3LcGkoe,9449.519434041422,1126320,$1000-$10K
HszDuXgrC6PvMWJihw4129ANrPY76fS5H9ySwRrwQuyU,9449.489921881146,1126321,$1000-$10K
Eugbn7mte3YYDJpo4Ma756WC9mXtNAxT5vsok99gPrSy,9449.48,1126322,$1000-$10K
CtPKUFY1U3Shfs3UdtPRbDU9nHSZishvqDJ6FKrtu7kc,9449.479128975043,1126323,$1000-$10K
AkdZvnDcNk72XbxoKa6soG43PfiuRcNyWP7yhDV66byg,9449.45067256493,1126324,$1000-$10K
3QDYJ4xGbnNuZB5hDAEDLrvqToM47stEqQsRgmgC2rUy,9449.433540007796,1126325,$1000-$10K
2QFoxfmdjFZbvMhb12ksyixb6BaAgFutpgacUc32gSvR,9449.405966599259,1126326,$1000-$10K
GqKT3GD7TWtpRuT2Mtwt2UPYVkjpnSmtcMmAruipK7Hb,9449.348057472707,1126327,$1000-$10K
56xwocWE69NCoDLWrx4wrsVhyQLUmCJF6tU52V7QzfDq,9449.339376662228,1126328,$1000-$10K
HFJLeeP36Rki8r5TQUesqExYeDUqJYUppuw42ajU4ekX,9449.313744368725,1126329,$1000-$10K
8vr22vCsqdvboq9EvWcew16ZJD2JBByoDokbzXMwBbHb,9449.30682737651,1126330,$1000-$10K
BY1oNCDZcEB8vgW32oLs59WHu2n1PPdWgUKHUpVRSCyg,9449.304772047375,1126331,$1000-$10K
96VDREixnCj1jo5bTkt9vTG1bry9rstNQRSR5gFqsV3z,9449.262770349675,1126332,$1000-$10K
4dHx2N6SphSgJzJTDFi5NsyHr18tmgx7kohNYWQJsdVi,9449.258230132355,1126333,$1000-$10K
39KfncqmwY4Xstq93d1926AJRh2iKBY5mHEf6MmFMdAi,9449.20961200259,1126334,$1000-$10K
o6wpKnJSRyLqmMYPJ86mPjnKaF7xFe5bcRZFmduU1gS,9449.206248113162,1126335,$1000-$10K
7HF7mGQGz4ksaHUnKNnVTVebpo7jEsTdw5rh36kmH8qf,9449.200206601796,1126336,$1000-$10K
44n5CYX18L6p4VxVECE9ZNYrAGB9GKD477b78kPNq5Su,9449.184383791675,1126337,$1000-$10K
2EFmHGYvEnAMRPu8x8AoDFdTdRBEuRK6tR78ESWWft24,9449.183838975468,1126338,$1000-$10K
3w3WDCfEPVwMKhjdW1JNQg8BnrvnoNQdjvnfkapYe9u7,9449.158218576193,1126339,$1000-$10K
6UYAchsYv9qt5FhkpdsG6EjRbej8MWt17zvP2Qs4GxeG,9449.116021625938,1126340,$1000-$10K
3hXk9hwd6z1jW9AMbyjsbaNCWttrRLpcwcRQSarxsSAJ,9449.094298582166,1126341,$1000-$10K
DPRW5ddS8to5rqXhm34MpVE3oPg59yZoPDsco7p9xz34,9449.078038857751,1126342,$1000-$10K
9rRN2MqrUFV1Y75ULYeVZivmzBS5CLPqZkt9u55tBHaP,9449.07121965892,1126343,$1000-$10K
HeDcnHZp24cE9snHwbT5gAemAkpSfw6Z24A2EbPFVmLe,9449.02614006993,1126344,$1000-$10K
9AQSqCwtx3pQte2iTBsu9CCFxraxzfAbJ3o97oDewiEJ,9448.972721844411,1126345,$1000-$10K
344WdsxY8Kh5hhtZzrdK78hw29v2ux8grWSsNJPkec92,9448.962788132792,1126346,$1000-$10K
3YgmNfhhps5qJ2SRdJUR6QPYGQdEmqbaD8gxAqZnuC7P,9448.897896216326,1126347,$1000-$10K
GvV98Rx9uqQRRGYzxayTsZzvyRz1MyRcz7LQkN4jsdyW,9448.885475323546,1126348,$1000-$10K
HCg1Nj5vJ66CGSSCbFERVioFQcX7H5SFS5oMti7MbCqD,9448.86516816273,1126349,$1000-$10K
FXC3aHkoRxEcYvv3YtD2Xz9SFf3fASApjU5K3ykLz6C5,9448.853260005828,1126350,$1000-$10K
6KnpG3TJV87ebvXWdzbyskfn3Ui1cr2EotoLoEt86Ywv,9448.849923789045,1126351,$1000-$10K
BUzMJvmUanboTtNw8kYjn1Vd14hT9MFMinph44xUD3yn,9448.836199334655,1126352,$1000-$10K
DwnVNhjbAscngCttfMV3KTin7mcecMzSQaVYBKExWVgf,9448.83398657387,1126353,$1000-$10K
EVfPfmW4z5RfKMPLetr9VVpyfyCddSH7yckBQt68fhkb,9448.824777054988,1126354,$1000-$10K
CoWWWSzgKqXMCPuyzXYEF2pcXqWbfJriPXQbPdM7K8w6,9448.803335651952,1126355,$1000-$10K
GxdwbEyiyK5gaab2HtXna53XxEpxLAxT2ft77JqN5MrV,9448.798589392882,1126356,$1000-$10K
HekKJbNpCedRECdrSMRmzorfMMW8CcqJRoeAFZyxbyFG,9448.793083803383,1126357,$1000-$10K
C4eypcqDTJ4XsxbtC6bs2mM8CHZfNPiJkkNDTXesS8v6,9448.777623005764,1126358,$1000-$10K
HyuFfQzRiodmL1UdyFVmd5YKKNUR2Vsnq6PCsmEYF15a,9448.753058556882,1126359,$1000-$10K
CJaKbn1hitvQnmZvaYzDUrsuszQ74JG2nhHGNEKtyB7Q,9448.75190361911,1126360,$1000-$10K
HG49cxWtP3C3ZgTzwnAJvx4ED1dkkoJCJaynNnumcQi1,9448.702362540009,1126361,$1000-$10K
D3JQSUqp8hBZeeyRxSZvhA3WuSfPFJH9wXNgYQkcwTH5,9448.611174350272,1126362,$1000-$10K
7c2U6Ro7ShxiA9D5AuB5mwGSNiT8NdKWXbXDxpiAcoSJ,9448.58912687185,1126363,$1000-$10K
8skGvdxebY62EPLqqTy9qDKRHzgJYiWvVJU5D9ecEpY5,9448.588505083686,1126364,$1000-$10K
GwDdwTb2D8heeqscEg9MJfe34b2MBpvcxVCoerBzgmti,9448.5773429725,1126365,$1000-$10K
DQUC9fPdbS8oWCqDi9vxsM5xzApJBDXgybT3DvtskJfP,9448.568847428776,1126366,$1000-$10K
Fmx31PC9x8s9WBtzr2VBhYVQEwWR4VXVvXjQoyighEf8,9448.567632067005,1126367,$1000-$10K
2ro7uJ3YHRsioPc9JzwNuu1efcGGNujg2y9o9DnTDVtC,9448.553700993938,1126368,$1000-$10K
C25wGdmevgnytMarHPTziMdKTeY85QzD4GBJXNsRadyQ,9448.515212484579,1126369,$1000-$10K
EYLeZfoeeDkzBf1wj1SMvFXYgxrbjJuJFeBAqg5DWNYf,9448.514169426768,1126370,$1000-$10K
HgwERMwqrwPZY6KDpb3HJ9THL5iJg7TcE3oD2jM49aN7,9448.498474785712,1126371,$1000-$10K
4Sr2CRe7jjCP3jYW4rTkuiXAEqZjVm3KH6ejJN4EezcM,9448.484320912854,1126372,$1000-$10K
HUPxFo5EmEMhmVtLHF3X6HP87HuNLXmYQGHyovkdU4GP,9448.461003820777,1126373,$1000-$10K
CBuvpvyrqJAWxUB2xCpCc1NC43dZ9gFcLzVg2LeAGUP6,9448.416609262757,1126374,$1000-$10K
6qwP2zzyDMWBUiJGKoJzvArWyQJhYiyJq5a4yqcTgvWR,9448.415384633305,1126375,$1000-$10K
HVz9Y2UWgPwLQLALKVWizGANCKaKfzUF5idDDDeMV2fP,9448.389147827462,1126376,$1000-$10K
5d1gN96o9YrafoVXZ3JYB1nc8nbn9kXxdUhvs5iq9wjF,9448.37401645956,1126377,$1000-$10K
GtJ7sXcnmwcNoSE4gdb6B18dCJZaptGxRoJPgLrWRWwn,9448.355805035913,1126378,$1000-$10K
Dzpn8KoadgXK845VNALab9KzNhVLQ2fYMbsug86qyTdm,9448.347027996042,1126379,$1000-$10K
3Hux2j5VzpNtdydbEhE7ntTsoRWpFAppJ46XDCv6TFpD,9448.326821530116,1126380,$1000-$10K
J4xhddL1bYiMTEeRXZhbD825xQJgCDiJVXZFsGyxp9DV,9448.317903112187,1126381,$1000-$10K
ATxmvhhn5VaNAhP9coFeUMkVCAcW5mX7uNXDG8TajXPC,9448.271466400629,1126382,$1000-$10K
AmtsWJH6krt7af6hcSdCaVKFTdQuCMDDVBhFU2J6SjSV,9448.270091482513,1126383,$1000-$10K
7xq4aY2WVqPEjLHUpNKuUejrWmzFPEqAzCiv4K9W3nFa,9448.260355373746,1126384,$1000-$10K
9qyyVzsWq45t1JHHDBRfnyZEbqTA68T8QLQJQerjZdU4,9448.222824011973,1126385,$1000-$10K
EUdzr9txuCQvPpSqXLNdo2wsS4g1JSgTEjgawTUn3ypC,9448.201406599957,1126386,$1000-$10K
5cK4azmAMezKq7AYTaudoFN5ExhUs3dekq41GeLrsCvP,9448.163258814247,1126387,$1000-$10K
DVkri4NQQVJqpZabF2UWraskY5oZRsrRr9G72uM4cWQA,9448.15974798236,1126388,$1000-$10K
28wYKrYCmrjA3k9Mix2vXdC4bUUcaS5Tzh3CCWEPkYwd,9448.14360175966,1126389,$1000-$10K
8CPFxvk17k7mDau8ngmc583X2ZXTZ3UC7mC7YC8JPJry,9448.117449235042,1126390,$1000-$10K
9itF717XXY4SbXeH41g7pGHiwtFjVJrS3Kpb2yk1MiDa,9448.112661180367,1126391,$1000-$10K
BYaT68F5iSGduFiA9ZfVFBCUATcMvhsapcapHFJS3KMu,9448.108791884211,1126392,$1000-$10K
FrxdNB2Dr6x4HBjqVVCdZgEjPBvKQQFwYmrJXsQEoppz,9448.064065721073,1126393,$1000-$10K
GNZoYcBYtKHvZdyLcPzNyAAZNU3GjtC6aGwMN5E5H3x2,9448.063500424614,1126394,$1000-$10K
7g6aCDr2zszd6n1yFZ6A4fCqf2niMfwXL74CSyYVFABS,9448.052956343105,1126395,$1000-$10K
BAV9QZb9sBPo4CNE6ioVPG9jcQcwsL2dpDvxGhSwSPdZ,9448.045017032966,1126396,$1000-$10K
fvpV34gML5NhLCBBe9MHHKUgYTmryYH6B2zF3LCKenN,9448.036009168149,1126397,$1000-$10K
6m2t5j5XgmAAKSxscSUJCAHKqbgQrmf7fq3YqX8nVrTY,9448.03307259042,1126398,$1000-$10K
ELByutiix9q387AwEFGUFR4VVdp2HsEedusKE8Nin5QV,9448.031546050102,1126399,$1000-$10K
2kX3gREocTQLQvyTNvF6kJx356mCfkSKFJqvuFSsxqW3,9448.02262453886,1126400,$1000-$10K
Fu6zSJhzW2Et9sXms61VaZyVBwLfHC1wqsCA14h2dB7u,9448.022182967734,1126401,$1000-$10K
8K3dfNiow2QsXmaX5htAMfEkpRq5sCqZBFUauFxPBjux,9447.971040635399,1126402,$1000-$10K
H4unS6Mzhb2searnevmrwcZXXNTxp77BBExoyKBR7L9W,9447.9706882569,1126403,$1000-$10K
2qt2MKq8vDktAhYC8Lo28AtfN7tCCGiLgwCFdzUfmEmX,9447.955911228237,1126404,$1000-$10K
5j2tHHZysGUNToZLQXcuxRnXzu4yLWn49gJ6geUKEchR,9447.94005263899,1126405,$1000-$10K
9ifXBC9nZsAhh9do77orRVdBSLgNBsCPCiAS2runw6KV,9447.923939902666,1126406,$1000-$10K
BqJhRUHPhetL92PbxKBg3XBJri3ST1CBFQXZcgttWcKy,9447.901777743242,1126407,$1000-$10K
33HBDuV1MVz6xLEWacDH2uXG7WaPxmY51DYWgVXtVf8V,9447.900066516204,1126408,$1000-$10K
3ALvUvqqnxN5KP3oWpDuHfApuEeVofYarVDPJL2CfPWi,9447.871914776442,1126409,$1000-$10K
2MQD5XNV6bSofpEMDS3NKXgHxBMAHzC9uGQqh6xQDuax,9447.861353978135,1126410,$1000-$10K
5hGMSKC7vTqwV8vKHLg2MNzrwQVxp9bT29r3X6ZJnVbG,9447.847816250853,1126411,$1000-$10K
6LKnaC69Nz7EQT6yFm1V6qMoR46p45cqeu5ib8C34snQ,9447.84470950342,1126412,$1000-$10K
Hmi1ApUeiXiye3sVJjTR6fGctN5zHcQNGfeAjAXi5hTR,9447.816626444703,1126413,$1000-$10K
3RZdz3EUzGcrqf9oAeBKZhV9aWLCn76k29oLfpP4x4UR,9447.797645489643,1126414,$1000-$10K
B5mG2N5vrmeHY5wyhFpzSuikZtVNFDz7WmfnU2dmUwZT,9447.784607495021,1126415,$1000-$10K
5iNsZPdJU2hE1Z7kAtcmS8sixD5v9novzYzx8yVFKfk3,9447.775349501442,1126416,$1000-$10K
4NPQSWdFjvoVz2YbTXvecfvz4tZAB1QBDArRGZ9N2Aa1,9447.75443431745,1126417,$1000-$10K
EXQ3L29AZPWWySoSq5dMJHBeZyFgYy7FnvxPtmMBDZU7,9447.736296108005,1126418,$1000-$10K
23JBY1SpWsBdZBDkrNzWV1dvcaLtFfvtku99TFKfyPdB,9447.73065472851,1126419,$1000-$10K
GbwWcrdoeSyS1S2VTFgcpGAGCe1Ut5ouNZJjdKHmreBo,9447.702234124365,1126420,$1000-$10K
FPmnyx1eXjYJ8QJfAwzPh3241hyjZgTPVKrRN6CSBkow,9447.687894023891,1126421,$1000-$10K
Bgg6paDNMDC6Xfe5fkmTV1FyiorjfQkm8kbpyZWr8ems,9447.679942770425,1126422,$1000-$10K
GBiaR2cY99K1gFaksBTdxwiMbhhaPFt9CQ4uQM1HN4Lh,9447.657171527013,1126423,$1000-$10K
5ABeHtunEWNEVpaJbNn9rdjJyEFsFGDYuLDudPiMRDdy,9447.64957653617,1126424,$1000-$10K
6rUUjqqa1h8qNiiJTzSVF5NcsLCt9pAeEAVHdVHjJnrr,9447.644129348391,1126425,$1000-$10K
3tovF8vLNY9ETs7bZTb8nmHvDjnc5B61T5hjfZ1g2nzV,9447.628997370964,1126426,$1000-$10K
BWNazNKc7sQAkGuvx4BMQADCc2ReCmhHQBgokez6dRh7,9447.61706299324,1126427,$1000-$10K
DYUfjB1ewUsWynKVcTSY19TKMeJ1MA4fKVtzy56ZXnsE,9447.592666507266,1126428,$1000-$10K
cxtB1PYZdQcVt7tK9Mmw7BvNpHtRVDBK3fwyVUwxDi2,9447.555091377315,1126429,$1000-$10K
2JRVjoBNT6gQpbprq9U6RbUF7iB4ecXREQZX4SPJcfUx,9447.530843003444,1126430,$1000-$10K
4suTT2KuNELs9ZhMUWnZprD184sFskRPmPJCJFD7Nrwu,9447.496494972913,1126431,$1000-$10K
83rnDpdGLUKKVQrPii25VafZMQzkdD6yRCdipFMbr55,9447.490631950861,1126432,$1000-$10K
2WLT5XT4aH91gtp967pxwEeeevtiHYFfBErGb2kSE5QC,9447.480893848031,1126433,$1000-$10K
3H8WTvgyrjLRgWQEk6PkEEQzmDDR2nKr3aiywUJQffJC,9447.467150223654,1126434,$1000-$10K
GdZvw7euqqF2W1bYvV561TEzVCmnJZDBH5BKLK5ZXXsc,9447.46649914444,1126435,$1000-$10K
Bp1wqEcECVJV1eYp8euP85Yk4Wef875i68xDXoqmC9Zi,9447.462105839606,1126436,$1000-$10K
H33YqLw1EBVwFt9MNnWPSMa5qsH4r9cP3efLXcdF9tdu,9447.459046048536,1126437,$1000-$10K
Hq5zCvfjJZRstt566BufYhVYh4mTXfZqeiaG9NnUoo4y,9447.447292773992,1126438,$1000-$10K
5EKRiLDNdAkw8ZdUufvWanKNLTvQWg56PApreS5rD4DC,9447.422262812715,1126439,$1000-$10K
6ZpUX8TUsCxkXri3hQ2ksRqbLA4b2TTEmfUarnqyEAC3,9447.416344846964,1126440,$1000-$10K
GBqydpp2Qdy33ubx27Vx3uA3yTrLmZEm1r5aLE159iWw,9447.410020845587,1126441,$1000-$10K
HNUVe9pF6UsCSbEsR18rHMJnapQbe3oWWk7wYMtZxFW3,9447.403590113308,1126442,$1000-$10K
HQUiyAA9ubS8zF1qw9eVfYeb8EYZYw2icYg62jLucwxv,9447.39521136761,1126443,$1000-$10K
HGG3f5VXPbAYsJoFpiNeo4VHGk8A2sPtGrwSGSjA2AuM,9447.387516599174,1126444,$1000-$10K
CgdRkQiwXQmdegiZEnVBAbcewVwhadVARcVzDhK5ywKt,9447.347550090637,1126445,$1000-$10K
5ZT4apWPWH1pvAXxLma4Wa72qi3eZYmSwFUKzRqPYkz4,9447.33271704071,1126446,$1000-$10K
9iU3qB9Zsqd6moxNckBsP81fyY8ZYa3wSUGvDCWb5HXV,9447.324982675724,1126447,$1000-$10K
Cqpd7m5FPywdv1AAs5RwPZFD8GmZsmqKdtULwapSst7K,9447.289417912465,1126448,$1000-$10K
6T7wQvzLE3zQ2KPeiGewkgnjfh7skDBmVULjLT7chKQq,9447.265588589293,1126449,$1000-$10K
35LSb294xfAMgyxh4UzvPFQTvwxR2XbBFELpQzwVCygN,9447.239981324274,1126450,$1000-$10K
7DVFUccQboEyhjeBLRVSHTb6VPAtp7JZ2sHmQMoupopp,9447.23898830551,1126451,$1000-$10K
6Xwetj1e7cXvSa9KaFXd5Przxq7QGpoVKdy4hFh6C6Gf,9447.234336494708,1126452,$1000-$10K
9BbnztMg8vvywfBvcVMxGLWcG9SfJPc8KMpLYXSvYxMk,9447.213961957284,1126453,$1000-$10K
AroJ2NTYh4H8UijyefPJNbuTtmm5XCL18XJdwxNwmTcY,9447.208392578708,1126454,$1000-$10K
8mcnxhBC3GHXquTFknwhcC3DPNv6etTf2WMv8pzh5JM6,9447.206476300931,1126455,$1000-$10K
7t9ZYg3SDcPoXAzK7rcg36riHUG33ZMRepRtMT1MbQ4C,9447.13860323993,1126456,$1000-$10K
BNowHahn4o4tDVbidNHRtCSDmxbDZ1zbzyQ6VAm8Lp2L,9447.125290632634,1126457,$1000-$10K
CbLb3UsHAXKR61rcDmjEdte6cA13VbJztQKdDYHPXo6j,9447.11981534561,1126458,$1000-$10K
7rrL8io5x6TYoQNAoheGQTwXHNcQ4ihzaPoW2rrsUbSo,9447.115835462508,1126459,$1000-$10K
D729CkWLuRe4TmZ7UQsrKdc6v7dJeEQJLE9K9TEWkkCw,9447.061521639773,1126460,$1000-$10K
mEdupF6wzqxLkBw5vAtBsi54EzTdQ7PvZmj2can1yMf,9447.060814579181,1126461,$1000-$10K
HFZQNbqmvEfbDPRNchZuvZTSNdPQqfdCX9iw5AkQvUYv,9447.047101822098,1126462,$1000-$10K
4XhFP6o7eqgFdo4FXGfczYWYRrUC2wcuC7Pje5phkF26,9447.023158457765,1126463,$1000-$10K
DDUz93mmxF4XS7Veki65YvkXoX77pYT816kESwRcjhPL,9447.000752555492,1126464,$1000-$10K
7ru95H1aWrJzjyMDHmxX6P2nKhyjmUEH2bthsVQr8Jxo,9446.943783321349,1126465,$1000-$10K
9kiMzYm91nDdXezhkXPWoE5uKHp1axVCacGkCebX1UWF,9446.928245218372,1126466,$1000-$10K
FMXUECNNXNvUsE2Xztz6e4zCnHqc6hEdd9UHvvd6Nof5,9446.914829393592,1126467,$1000-$10K
CYXJqTYpc1LA7sRzYupnLQzjnn6RX7WQUuSxN6Bp6SNZ,9446.8990638501,1126468,$1000-$10K
GWcKUeGzYft7rHhJDEBcrzf3YwCtsBgaVC5u54ohxAfT,9446.880252428551,1126469,$1000-$10K
GamUgLY1sUP2Zb6cDp938ZJHPDPSwhxsgKXuP3Za9F6j,9446.85644169604,1126470,$1000-$10K
51sDvuvKPePZ61muG2rYoenAFcUHs5Yqd9143hy945DA,9446.844234624084,1126471,$1000-$10K
F69HyL2q4pytuxSJWRr88kw1JQbtAarr6vPFzfbgqHYv,9446.844160739205,1126472,$1000-$10K
2QijJ6s1QnANLkFWTDGuiTfANCa9MkN8tTmqzzu7GQfA,9446.839718067597,1126473,$1000-$10K
AajeaaTgGMnBHFagYiJCWV6CUTV9Y25hw36aBz16sC9z,9446.805295379494,1126474,$1000-$10K
9iZNk7JREcM1GBERMQdL46BnwjrhUHCztY1n6V9PQ8m2,9446.741591665952,1126475,$1000-$10K
3gKmMoVYtPJ9jiHQAKUYQp6KCiDa95CjGNmJEZRcJBme,9446.718346157513,1126476,$1000-$10K
4h1PT7vJeSwPJAxjZxNiSGXZXVEkdc8UiiWDA7EvGEkb,9446.704696696419,1126477,$1000-$10K
9cKrE277MT7XTqMx8mxxuPFXNLV2a6FqLvnL6g2SERBr,9446.69892516989,1126478,$1000-$10K
GbqgdammLhky1JLt2w8cCWRJ78wuJdKGNwPMijvwX2gj,9446.690239506528,1126479,$1000-$10K
CpPRcbh2px8UBYVBeMrE7r3QFJyL9Cktx9HqcZX7Q9T,9446.689655811238,1126480,$1000-$10K
G63g2xJ3DvqV9MPD22rwRRBXd99oVw6ad2aSeJBDhqm2,9446.678866896202,1126481,$1000-$10K
7aPMD4x2GjbQP9iFwwNNPMwNqiY6HodzMcijCWLDfECt,9446.66788675234,1126482,$1000-$10K
3wBfJy5f9d7QqneGWYb2MHsFaixHujtPmA5aBraWmfWW,9446.64884919954,1126483,$1000-$10K
D5atJYSno4c6kuT3zmoos4BmwGYkXFc9PrWTPAD6vFAV,9446.640402827645,1126484,$1000-$10K
6uCVgdRHGnBhTFEj5AQXGN2BsvSB9fRM9TH17KEbQLis,9446.633663803184,1126485,$1000-$10K
FtuB16XAxNGjJ9SpSxtTouLxfXZTkhULYsdH4Hfs3Uqp,9446.58384259973,1126486,$1000-$10K
B3PrkWCrUYPK18z12Bo4L4VpvBFdibqzURcWNrFnjA8Q,9446.564083058029,1126487,$1000-$10K
4wAU6jnCnbo6pTgMSoRekQtWB6e2UhXHW8bASzgrTgcQ,9446.540442680369,1126488,$1000-$10K
AgwXtS9zZWo2iN7TEufqchVzhxE4ykt7PgX54H45caRv,9446.535419463158,1126489,$1000-$10K
GX8YXoFaXsdNRAYH4VuBwwfodk5RNG3wC6RvEZsKUAPR,9446.533097740055,1126490,$1000-$10K
5gDWGZcpCXbo91t6p71e4anVwo56JBVwHv2bN9xeizhc,9446.52791822498,1126491,$1000-$10K
2u3tRX3f6MYRpwgpaZtpiM9YrptCQFkwbrRQk2aNPXke,9446.519520850281,1126492,$1000-$10K
xxxdFHBvtAdSAQmYEZk6j77Q1ZAJSAtNc1uSigCLH4V,9446.507878783439,1126493,$1000-$10K
4thS5R6yJdr3aUJHNr2EYrs3H4Mr8wuSNizBKMv5zZTj,9446.502901665259,1126494,$1000-$10K
AZcedhnaiS3dTAhLbBhiL8398aFUiVwyNb9jt6PpD1wn,9446.492084738442,1126495,$1000-$10K
BjXdyC5yL1k6pL1VwbDyBbTrBnXeokZ7MUgQAfVzEmc,9446.481750918882,1126496,$1000-$10K
GYKNCF7SsMeKhXA7bXs1YQjVqpUucdVgzrmzYsYzVsWm,9446.43417240636,1126497,$1000-$10K
guRfTbVuPqcj5E3M3FBfXjQMS26b66D4TA6EWdg3Qso,9446.432436821007,1126498,$1000-$10K
3DeE94peCtJauzFzCQdhSm2S4HySszzFRY7J5HXhkEEw,9446.427964016139,1126499,$1000-$10K
4B5pxvhiR9pCWKBA2btVKTHa1NVjYsJqmm2Vy9TH6nxa,9446.418269525278,1126500,$1000-$10K
Cj3fn9nUqgCBnoPjoXyvsKmMEqvAe9evCvhg8TmySPsK,9446.415119466543,1126501,$1000-$10K
hxbGgXnzNTDLVGySjtnRYgZc7LxMo4JqCA3pKNUgDnK,9446.408805237272,1126502,$1000-$10K
J9Ug6zoJ1G9GfMYiFQt1MpwiBJdstiNttCc4CRWXQxpY,9446.340112859843,1126503,$1000-$10K
751FkPQd4B1usfeLRwroXzzQgfBfSFZqRo6ctNkVqDAu,9446.283604375334,1126504,$1000-$10K
B33usUBMDQyFNXGhBFcVgPp4ikJMMVpV6LCE6yVTTv5c,9446.278392440345,1126505,$1000-$10K
5ARFu9tnhaY9NbDbAVH92vJkeZ1AYQhtKkiZnftRyu6J,9446.247878343936,1126506,$1000-$10K
CYUFxQ2xq71NE84YxVs44r34JeDUkWAX6qdPca4sV6eK,9446.226349506587,1126507,$1000-$10K
D6Npj9Tcb2RhvnBYGv27xPAaeUTctLbzUMoWbeYjVtbe,9446.151810863155,1126508,$1000-$10K
2beiXd6MHETvb94Gfh1y1yD5okm4EbB2wT5K1FM9T1QG,9446.137740226639,1126509,$1000-$10K
GqkFJzFUvoz4ufxbLm8tMBx3sGmHQAJChpaRM1XY2GyU,9446.113896357405,1126510,$1000-$10K
97Xax2GsbUFjGLsvUVocrnthYNt9XRxWzsUWGE8dZ4AE,9446.11242197403,1126511,$1000-$10K
EPoUVwXuDmcoFih9yS98565mJ4xyaYMB2CFB8kq2vMpH,9446.095346857928,1126512,$1000-$10K
BXWajH9p3tNeRdhNj9ChjoVRVKXnHqrGeHF7JayAb8NA,9446.094479913,1126513,$1000-$10K
9r8dUCsjoqug6A3XmD9KP6xXhntbSv73wRJ6Wicy8oWM,9446.076908441006,1126514,$1000-$10K
J6oKPecQ7K5aJmGdXvwzio3rg8WfXhqw6HoWqa7jGNXg,9445.963827368758,1126515,$1000-$10K
3MUzE1c5MxCGpc3rBnUv2jd2WZD4jKd4YjBtrR2kHtU4,9445.962974516951,1126516,$1000-$10K
HNkFJebQWXAqUHzm7Ln1TaYKHKqW3AojULh9fHYff6ox,9445.949763045124,1126517,$1000-$10K
238xxwheP63kWoR6HCBPEuKb1KGqL5vL76r2nKaUL3KP,9445.902221733264,1126518,$1000-$10K
BynT3RRycK6CeFqPYN2bJi8oFvpvsUcgMvN5GX9Sch8y,9445.834484716255,1126519,$1000-$10K
RP4K5pV8NPXcLDrbpEgKNej8KgeUrwuS6bXw7td9igb,9445.833562820193,1126520,$1000-$10K
4q1TivGMynQmN4kW1gsGG8DdwG65ACpLSjQcfmRz1hkF,9445.81919324488,1126521,$1000-$10K
9aKMLJpEVfDCoA4HehSASzQHPX2aufqn3sem4BpFbfXV,9445.797043119346,1126522,$1000-$10K
EdXUXxjJu9ZZzsRiqYrv9Viv29jvJ4pekiDEao5NV98w,9445.740277690244,1126523,$1000-$10K
98JEsn3XGSmSUqjqdxiYosPyfTt7AHHT9xVkhcethbcY,9445.712149553474,1126524,$1000-$10K
B2ui8Ssb68WSxr2fjmv5Ldxaymyo6hF18R43eAUSPDmG,9445.697970891,1126525,$1000-$10K
FT5JB5XT62zzM54CCDxWwrCYfJ3jmaPciSt27j9tJTrf,9445.690574735941,1126526,$1000-$10K
EfdX3cLHHVXxETwUcQfDuGXkLSboHX2TRPKitPZxsfUh,9445.6849910506,1126527,$1000-$10K
FUxYCYKEJysCkvKzhg3UWGLHvHQwuEAuyYbuicQwu25,9445.669503653879,1126528,$1000-$10K
4KVeY9fUBP4ZDb1CnAJfsRhK5u1h4d8qPFqmnKZwa7DS,9445.646881942459,1126529,$1000-$10K
4mxQ8JMFzRediZWzUjZG6FeeHBBv4tcUXdspEzf4hKSW,9445.63515120094,1126530,$1000-$10K
Ck78oMHBYtsK7LnnGu8JvvUPZ1f1oEETWfWp9WgtTUaE,9445.632620722185,1126531,$1000-$10K
FYEJFNMvAEcbfpHdFaFYLUJ8xTumpKTSKCe3vA9XT6gj,9445.623376555839,1126532,$1000-$10K
EyDbDVHXPxLXfgtbiyFjfCoFxyNJfsSVs7GDo5hmarfp,9445.60345236381,1126533,$1000-$10K
Dzrjt9ijsgzSq3zrouREa87nJD3mDEZcbkFRAszJqvo8,9445.592507896214,1126534,$1000-$10K
CeVJ3AoTHME2hKjMbRtBzHP9Mu8iwQTWArKBkFc8E7Xx,9445.588073415836,1126535,$1000-$10K
YGfo13oLesfC7rfG71Tcch83WGDtBHL2umzPNpvoVjL,9445.576241660003,1126536,$1000-$10K
47K8xxmyF8qgdnL3216CArgYSAZgBCJaDqBfYgFzMfsx,9445.551964929418,1126537,$1000-$10K
GiBK7HanupvsDSjamTVE79sdj9QJn3QVMkSkAZ4P8GEm,9445.55169711568,1126538,$1000-$10K
AsMaPQgWhE6eiFXMGPpbtQUF66vZWRr5c3A5cpq2SejX,9445.53332072093,1126539,$1000-$10K
ArCh7e6JiUpTySXSxFXzfaaC3Li4539Byvs31mB8Uzvg,9445.524882406233,1126540,$1000-$10K
Aoym2pC2X1hoFBWdG3ameRw55gEK4wE4yLARoacZWzaR,9445.506429592795,1126541,$1000-$10K
3WTJTySbZpHTYpKGPULyrEhT2dR8EywEqbQeCfpZkdLU,9445.49519897872,1126542,$1000-$10K
BYWUThP5brDmZQhK4tqw7nPUTPaUV2iq9ZAmRvSekjMH,9445.487514315537,1126543,$1000-$10K
BEyK3m2LX8rZtyzeo2owpbU61DZmrYNTgK7tcHeahYrE,9445.480959228023,1126544,$1000-$10K
GXTWuxzVadBH36iBX6wH5mWbnkfLkKdkdhR5Ru9kFSuw,9445.472293247638,1126545,$1000-$10K
6nBCmKxqVN7V41jf6qKJpPo9uYWn5SSMNDgTgx13dknr,9445.424127115715,1126546,$1000-$10K
D5WyV6vmSri4kjaJbqXmPNdTQuUizBoJv4Lv5eukRnR,9445.41854597476,1126547,$1000-$10K
Fsmasoj3pbKcVvPUL6FHsgoozC81kRw7X5gs92ixL5Ki,9445.388603522899,1126548,$1000-$10K
ChKaJ8STQB9P34Lwj7kpYhiAR6Ep2wsLJke8F1wSJkup,9445.38778490037,1126549,$1000-$10K
F35HMn4zvZ9TgQYnSjgBeQqdVKk3AhJFgNGQiWW5prRi,9445.344153073795,1126550,$1000-$10K
BuXDphQUdHvMLUAACE5WAdqCQhB2CJ2ozXNDYNweU1oE,9445.34211098116,1126551,$1000-$10K
7uwjF5sZsM2c5yqkqpLeWrZTdQY9U8zNZuxufzXhTnW2,9445.31617104784,1126552,$1000-$10K
FgwGLMjb5WLFy8uvDEaLJDbhuViihE3xL42efDBzAMLF,9445.250238482655,1126553,$1000-$10K
ESAiPrK2YEfV7Sg45Kaj7A7eRwNZBvHRrGMqGxHAupnn,9445.243108408871,1126554,$1000-$10K
4xjZ3pmEdFb9n25ExRd9jsGsxUkt8LwHniPCZRVhfFiz,9445.209052432072,1126555,$1000-$10K
CFizPvau4Ba9JxBp2GUpkGJ5B1crsACcLCZzFUwJGXYb,9445.160781384788,1126556,$1000-$10K
DhBwHsAq34aDPbE9hnZAA1jJW8GTyyQFquQKCyuxsjVa,9445.135564152919,1126557,$1000-$10K
BmfLvvGbUsjEH95a9jKcXs4w4fsu443Zjq2t15tyjvzv,9445.132845401251,1126558,$1000-$10K
C8ypZVQ4JAKMfhvaQgc1NkrNskLb6WBqua1xdNA9kihv,9445.12164295634,1126559,$1000-$10K
DjXSCfGSJrLCAnJwctSRh8vNR2tc5G2LVcwgiuSw4buw,9445.112912209162,1126560,$1000-$10K
4SE9X8CzXAvQH7k8gUcy8TzX4cdzhg1MjdLvqV6QJNR4,9445.07338760339,1126561,$1000-$10K
GRwG7TtFYMgNEh7Da9Dyc7MyKdLt742j7AcmqDYJGBkX,9445.05944118244,1126562,$1000-$10K
HjeoPQZ7PtsTDV4JhRg7RfDCUmYAkGwtdrqEaPDfNCTV,9445.03459539745,1126563,$1000-$10K
ALJFGZ2uq2REiFV2GiEy7kXbMF79a2kP5Be7X6ekD7Xz,9445.034109460792,1126564,$1000-$10K
J4ZjJkKVguX1dywVjVNpHETefwpNAa2fWHXaaePqxb41,9445.020603527495,1126565,$1000-$10K
FBURotmaTSHpGJCvDeJewPZefCteZihJCWmteZV6euZa,9445.01117352671,1126566,$1000-$10K
BGZRwS2oBMMjtaJ7Q7Edy5KjKTLoNkY9dJeJPkucG1Xq,9445.008880921363,1126567,$1000-$10K
C4TeG61zfaHh6mNjdtkyRaQdxEMvsCeFxQZzUc4ZnThF,9444.994298137279,1126568,$1000-$10K
GKV6hNcViix7A3e5tCbRecTrgxUT7CyiVaRXkUeVyfom,9444.985693686238,1126569,$1000-$10K
CShpiRz1E81u5mjNJJN4Lm4LXrBSBePrkShcKUai6DLn,9444.983332524444,1126570,$1000-$10K
39p8oQVF8EBvVQgrmGutDCYzRFGFCfCUCjUuX7oNSmty,9444.962777987792,1126571,$1000-$10K
J3dsNEpDHDYUsfnJjngzjzGV2eRWLQHUJH3ge84LmvuL,9444.956097017419,1126572,$1000-$10K
5JpEeyxzeVx944zua3gC4uVWy1VZLwUaE9vYfZWWmXSZ,9444.94970730428,1126573,$1000-$10K
AjxyB7AmCEdvLsYWv5f7XtdGgJ3pSV3nvnqPKSTURwK5,9444.948963511893,1126574,$1000-$10K
EWv8LVE8N7eGjehwBWMn8HStfcPyU5NbHxZ9chGMgMvw,9444.929033993685,1126575,$1000-$10K
BU5U5GWHxpHtcnFHSCW9XT84odCKd649Z4jQuxf2mcN2,9444.88297573644,1126576,$1000-$10K
72p6YZURBTVyojt6srrJcG2EuGTiUfQw6ZKHRfEJ9FnT,9444.871098450689,1126577,$1000-$10K
aDQz7kEhvqbr3mndfSayKJyZd6PXfMx6hFUmtjSkgSx,9444.84351869614,1126578,$1000-$10K
5Uke8Msh8a3uF8Dyx3kPGuqQheQYP9L4V9xdcvfiqJKy,9444.83616937251,1126579,$1000-$10K
2NFA1eynxinf8PMChxc4bN1kzxTtucW5g5DsK8b6CyJR,9444.824556348676,1126580,$1000-$10K
65Dov1FzJAgNprTArG5aXCRCXr4nkJRbjqdzQNvi2PmF,9444.765578679282,1126581,$1000-$10K
rEdnm9XCFqcUfwrcUXNh2kZhuUtWvrrwQBAKQZJaHg1,9444.763822746389,1126582,$1000-$10K
9qZ6kkVTgZjh1mYpwVnYAm2Yhz67M1FVq2YWdEMzg297,9444.706764043036,1126583,$1000-$10K
JCkG5DXELAFmNsFWtcTkNUM9fyaG8JS2Q3gng76yaMdh,9444.7,1126584,$1000-$10K
FbbCkqyRMm8Zma1bqEXXWcDMisiTK35DNi3ggDkHmkNX,9444.68171392896,1126585,$1000-$10K
59Y3udaQroiVGCDV5bt8siehqUHAUeDPh6FquQrt3wjZ,9444.654570199062,1126586,$1000-$10K
6TBsZHDxGZbQ38W111FG2LUKmA3W7hXF8Yw9JBmYPuk8,9444.653121562436,1126587,$1000-$10K
AHATF3rc85uFZ9PaMo3FQSzCdyN1krUEnN4bFjpN96Eu,9444.64460420232,1126588,$1000-$10K
7VXEtigyHh8QEPAqacV8KUE9rEBV4PfouG6xPsbXCVtQ,9444.64430730152,1126589,$1000-$10K
DH35hisDMpiM4UoVjVm3CPzNwpuhXPZoBCS4qKLNgymF,9444.642508522144,1126590,$1000-$10K
33tdrBnQFx5Hd3sFhkne9PSxGXXLgPaSB5d7HuMig6Aa,9444.635307265642,1126591,$1000-$10K
1zJHgB4UbR8P1w1stzCi7Jmey7oJ6FjiDpAL46dMmAK,9444.626366392826,1126592,$1000-$10K
GyDgExiFASKQVVe37hoSmRTR6gWhE21Dt32HqbacjPxj,9444.611620973548,1126593,$1000-$10K
97eL99JBn3E7jTk7JSKrnYyCkskRDCNbqPx3v3SSxFk7,9444.598394862818,1126594,$1000-$10K
Hf9X5NLPGUvf848esdf3JcoTTGGt9qD5vn5MVbCboXxT,9444.595034967886,1126595,$1000-$10K
HMWAsGfZaRKMe5UM3cxVHwhVj1ymKggNWQ32QR2D3jih,9444.571415983859,1126596,$1000-$10K
4gyr8xzesPCRzd4KG5GDnZRrJ4yXJxc6b9FdduBKJNTT,9444.56415120654,1126597,$1000-$10K
8SNTzddL4WFGNsEn6cHMyo7EgtshMCeGpNGa6G5M3TxP,9444.56291013684,1126598,$1000-$10K
GM6HY8FWTuvjSarbsQSrs7o2oXmNPSS2XtoS3Y1hTeBQ,9444.512680467375,1126599,$1000-$10K
2DXBhXJq5VSSfGPLLLEDqFTyLxLPCAukTCtvsCnWqPHH,9444.494003720867,1126600,$1000-$10K
AfcYm8XwiRA3cYsb8w1NVpNX5oDaZb5vHJjsfj5BDKcu,9444.482437735493,1126601,$1000-$10K
2YuRGvdFzixmTLESsRigfThPZts2C8LpEeRXKBPUsJs2,9444.479544718048,1126602,$1000-$10K
HvjrFUs4haBdP8pKgZbPHdeKE2HXo9EXbz68JNhiwmPS,9444.475335152072,1126603,$1000-$10K
8Mzb4JYrggVV6BbNgDwduFEJL6sQgrPkuxwawSAERaM8,9444.46902656843,1126604,$1000-$10K
2V96KoSRjub3okFErHNVEur9gPA3vz3Ci8jTnfq46zNr,9444.464202580644,1126605,$1000-$10K
AL3V5DVPFcofugVZjj5SEP15cWGHzwwvdM9dZ7CzpZKw,9444.420258578371,1126606,$1000-$10K
6Ry8pK3g8HBDnynQJLM7s2gDzXMZWKvfTuoVjP1Ac6Fd,9444.4172,1126607,$1000-$10K
693hqgB835Cv7XTtb6qEyTCpBBHPqsMcZ23Dy2hBUjdr,9444.404729756403,1126608,$1000-$10K
APindSM5z6e5yrFXkq6EsacH8A6RZJAALXxe1iv8PiGA,9444.366698399843,1126609,$1000-$10K
DP8ZbQvME8y2oDijv8noerXcgtHwsQnJPGVzMLHmGt8Z,9444.360031174305,1126610,$1000-$10K
JDzn5d89ARujjUrepfbhbJXvruTjwRfVuMhYCCe4i8tW,9444.325017229881,1126611,$1000-$10K
HnmZy4jFE6qP8yL8TiEEv5MmVevxmX4Lt5464pZALpiB,9444.292219564479,1126612,$1000-$10K
F1Gj9rGaZ5ZQh5pCVLjBG2csxYKbCNsFpzmXYDkBYpSi,9444.286507962679,1126613,$1000-$10K
73Wz1M8AmirhTRNJQTwFd9m9qXQm2HoxtmkouiW7hnNf,9444.268515814994,1126614,$1000-$10K
Do1y9ExB16ZYcFbVgCHzXWehYxy9RNmCZvqE6JAEP7kq,9444.261644210352,1126615,$1000-$10K
5KMEBaP4AS9iYrfc7aVSCtMqEf3VjkEDv3miKvutQqSW,9444.226294606668,1126616,$1000-$10K
G3giLrvxUXcTdE2YUYU915XyLUvP1YCDNiR3q61eyuhR,9444.222072724131,1126617,$1000-$10K
GK3N8b6iYenpvuLnVPihG2aT5rwdui7jw5rkzrDMPwU3,9444.221900539509,1126618,$1000-$10K
DYTJXdgxjSMiQ6dacTejUs3mxw8TM4qJENAnLjX5TNhK,9444.176708969515,1126619,$1000-$10K
3U6yU5GgSSefxAi3EgJcd3K7WfTn4tmqsyautbSexP8p,9444.174110547252,1126620,$1000-$10K
7cZPAY6ccR2BkVnN3uYZ3feFtyqH2TZ8ecssT8sXTrRr,9444.16479459474,1126621,$1000-$10K
4FWK5Jt3bxcrbRPBQFNr95DVPb9nPnQV1FCERicjYwDo,9444.163730055503,1126622,$1000-$10K
Gy55wocBH3UaVtpipB2vcwe8kNff45NhPWG8m3MGRacb,9444.154513553758,1126623,$1000-$10K
E7fkZUeaAhoVou1UBUVn6kQWaFmVASizzGzHEnAdetR,9444.152019768673,1126624,$1000-$10K
BP9z57WexCUMyyJxR5NMoqYD8k9VcxzaRAEukVKSM8NH,9444.145035193436,1126625,$1000-$10K
E96WfYifNecMz4zDTbLUpW85sQkZpb2nSaqUWsYD8UQ9,9444.124478736621,1126626,$1000-$10K
Dr8QSCY3YcpLqjYXuZzEZB1uSxbYNvrneUQwsaamMo6b,9444.036515456783,1126627,$1000-$10K
DKpLXv4i8DBmRRGokCNqxqcLPPrtJm561f9fQXTCtF6B,9444.035319769448,1126628,$1000-$10K
HR17H7jykMHUXhcCYazKWgjEuYaUp8xt9JozwTcUViHH,9444.02705951039,1126629,$1000-$10K
FLoHB9ziuUMzvWKNYrJHxe9A7VVkEz1WjSErALpBvnPd,9444.016579730815,1126630,$1000-$10K
DfXycADHfmFJzEGcXuLp75SU2FhV9LbPAyoAZM8piGAu,9444.014537832298,1126631,$1000-$10K
BR4zCcL2v6zFxH5ba3oT7ruXPjYVRT1vEjWJoyi97Q2R,9444.012518228774,1126632,$1000-$10K
6RaEyeaqXSo2unpifyGaL38oEqq61139GcHBQTydzTqv,9444,1126633,$1000-$10K
H72it888JdMn4aiG47SCc1qGkc9xQNo5baGVhhxA1duL,9443.98828138781,1126634,$1000-$10K
DAyQvhUt63C5Aqjtx6XK6zk1NtLof2uEXHFqm3DDZQck,9443.957867716992,1126635,$1000-$10K
6rEgeCL57WDQKTmuSbc8kqjwXb4YMqQavs3k4vKTpd4g,9443.909413456546,1126636,$1000-$10K
BTEbTfgR7DT3mxDy58YRWZnQS7i2NMiFuvQ9HhXu2y6,9443.908956443844,1126637,$1000-$10K
Gpc4KZFMeVPV9vWMDA1xjY3FVhSNfL1h6dBMLXDPUDc5,9443.908074412857,1126638,$1000-$10K
4cohQYj29oWn8QvdZUej9Hx1y4MgnJpGaoNa2vuA22ko,9443.906788218083,1126639,$1000-$10K
4ThwS95iKFHTziBNtQAG9YHffe4ZiEYzG26VxWkoehYe,9443.868468766208,1126640,$1000-$10K
Gi8hdd6JbvoB4m3KkRSafoBmfTgJ6PJPJF2HUu4ax7TM,9443.846324025591,1126641,$1000-$10K
A2s8LEQLpMT1Ek8SY3iuS2r3ty2XTRQf5JsbJFs7kcY,9443.840452197584,1126642,$1000-$10K
5NEPFwKHq2XK2oeTUJY6QTzMvQHWLnBQHuft61TGHaTL,9443.804968835406,1126643,$1000-$10K
B7BHPc1xTNhjGDyqE1XgPKxC3B7ySe9XNfpe6dgDSEFa,9443.801012420408,1126644,$1000-$10K
GinfGtKNpTcSWvCMaPNdAFDLXQGq9Aeazt2L68jfVRS4,9443.797079090205,1126645,$1000-$10K
6bBQKAhh4vu3z6zJu79dJYk3EgJVDLJzuuMaBJdMvfDG,9443.791932813027,1126646,$1000-$10K
8YEX2DDBAxYb3Td52jiPYhsQai7QrwMs2AQMyizrwDKz,9443.788252982127,1126647,$1000-$10K
2Nz6c4WFeuhaFgCRadtDkKrEtQY9NEJZqfWFmJAfmw4P,9443.778303324087,1126648,$1000-$10K
CpnaRtx65sVQYsKR3nVg4HidLXrXz8HYaPdCYnaTUa9C,9443.77281549611,1126649,$1000-$10K
7Dq37HrW5ZdzZfrSxjq3wrMJaHsD4dVwzoXQYik3SYRj,9443.7630557125,1126650,$1000-$10K
ES9ofTeBgfiHKafnuhENoUs5A7K2rh64V4Zcfm9A3bpw,9443.715491727531,1126651,$1000-$10K
ByNsa1QD6RrLLScqf4FdsEEUawx2npLgPRKfo7GZqQJR,9443.707658926876,1126652,$1000-$10K
Ds9AqwsAZ5haaLcyUtMhJoUwbfc8oQ4BP16f62h5GX61,9443.706245205072,1126653,$1000-$10K
4RNA4hj2BTKEdk1Vb85yXaACkyVhBDAUEoNRrDNPjU4X,9443.70115455458,1126654,$1000-$10K
8Kz1mrYyundfZ5t5yvYd7UsQY3YYd1JjibQKahjooYCG,9443.673052216795,1126655,$1000-$10K
9uamdBMyvJJPSsZJa5Ccr3ecjQ5XRP7XeiKFGm8eA9vk,9443.65512745091,1126656,$1000-$10K
EnPuaossVEzhddY47K46p5Wh4J3n4zMgyiZ9DC1VLSs5,9443.64561575651,1126657,$1000-$10K
8dhoUi2b489oetkbjjRhhPCv9GVeHcojdWHmc1pE49jf,9443.634069684305,1126658,$1000-$10K
4deR1ddaLoDqdhkbPf3JjjPHF8vEpWCuKTfHwkpWHBXc,9443.629589157905,1126659,$1000-$10K
2x4zEQLNqVvi5zNTqrEUMs5VRvEKY7t73XTRhjaU15XU,9443.596099104378,1126660,$1000-$10K
8i6qvxVKCVouEhJxBN35TnereGDm6bQ4ncz6fMLrykQ5,9443.558439677505,1126661,$1000-$10K
Hkm6Baf1pxNBvuSWQRP7wVafLoE1WyMhsa2Z7B45uc8F,9443.553137860114,1126662,$1000-$10K
FzLax6biDwuSbGatxvdE5oByKJvd4PrGq8cpiqD9r6Qp,9443.552212791155,1126663,$1000-$10K
HKeH9SdqCvgNhzeeKbgxvD6yykJTbM7uPs9mJYJJKJ3b,9443.51565314628,1126664,$1000-$10K
8jUbWGmHjExSgEDypbrZLtikYUFQeqTLNuqqnbWU8j9i,9443.51557991083,1126665,$1000-$10K
2bBsZ9zsyG52v2AYq7HRZQGBP2jhW8fMtDVH85JU7yD9,9443.506111452285,1126666,$1000-$10K
32i39KqZMtSFnw2opzZ4i9qFETgauGfuE1dJZYuiiJhA,9443.503092965308,1126667,$1000-$10K
8Wugu7kLj39hZbsweyFDXRGJeheqiosT9AbLEuXULxv8,9443.502350003891,1126668,$1000-$10K
2MondqtGDGqCyAYKef4yovqe6jVVFNeaUzHF2uLnTc2c,9443.497121140754,1126669,$1000-$10K
93NXf9NVxEN1sAXnoLpFLgD2XW72zkRTLigmbh1kMeKL,9443.46405897966,1126670,$1000-$10K
6721eUxGjDVxc3Kj1GcW35gfzv6zgwiQfQe2hjYtkZCb,9443.44272014667,1126671,$1000-$10K
AWsgUgU9pv2zLNs71QMxNaoMZR4StWXSSdgRdrbU7Vtj,9443.420425613702,1126672,$1000-$10K
6j9kuRzQyBbSV84dSomdWx6vT8ksCB669o358MBBwvMJ,9443.382578638195,1126673,$1000-$10K
4t8N4Xs42WFMv2kEGcpbEkyCh8AaTiao4k71Agvv2Z5d,9443.382454051563,1126674,$1000-$10K
4ecj9YiNj192wgNq9vdBd6E9EXh75RuZ7TodYkvAZVvu,9443.348849647831,1126675,$1000-$10K
GrSSA89A15Nu2niXjR6YUc7a64vxmVmAF7T531MTxQmV,9443.34570041093,1126676,$1000-$10K
42cWUGmc48LNNh4TMgKEKaiMhLkxyJbirwXtJnfxSsRJ,9443.336426433194,1126677,$1000-$10K
5XhpimzEUxKQfgpC7VS5iYoSVBj6UCcBQZ3GXsp9sXGc,9443.319789422436,1126678,$1000-$10K
8F5BZjco8oPqH4seMfD4h4gpBAaFWAFM4jsSugfKcmBL,9443.312643906136,1126679,$1000-$10K
CahmfoUPBgG1AqN4hPJwCnSYo1n9T6nwG1v6WRJpHADp,9443.265367883712,1126680,$1000-$10K
4fBJfSCwYYzFxxrC5ABqWvxtuDN7aASSaY1GpiJ6riWD,9443.255513811439,1126681,$1000-$10K
HWckZFY9ecRCNjSZ8FBS7nWXcAVWpHojwSiiXd6w9KSN,9443.244209999268,1126682,$1000-$10K
JAgEj8UD1hKFw5pKAJhxRyW7qPBeekK9ZSuWdLtoLwT5,9443.202380974952,1126683,$1000-$10K
HGLMBPZBqyBBVjxxrwjFDVNVEtAq46WeCbRhtkXnspt5,9443.183133728566,1126684,$1000-$10K
CoQDaCqxb3eXXwxT3imq2pUN1zUbduGs8Jx4U5F2jtx6,9443.151889754752,1126685,$1000-$10K
8f2DGpU8J9wgYqR8raPHXpyL39wqEQ4DUCGKxxq3jiD6,9443.139695011949,1126686,$1000-$10K
5dqRCDfw1ZEnG7EX7uzB8gvG4dzxn3ri5xfcp9KCRuVc,9443.138116292668,1126687,$1000-$10K
3KSYxGPvy9qnURjAFKb2kxAUn6qSEgCik1ZUTP9Cs2ja,9443.119530403153,1126688,$1000-$10K
X8AfrBJAYfr5Kby1zP4575XyUFxT6gu2ZfK3G4e16xr,9443.083080426879,1126689,$1000-$10K
2EKLA7KdWVZK324RFLZqFTDyN8nkQqiB14pEigkV8cW2,9443.058235524666,1126690,$1000-$10K
52wWjqByf4i3CSTgCBjaaqeayyiYYvm7ZkeCRBLYKkaa,9443.05642219053,1126691,$1000-$10K
AqwUCxjS9NU9mQDxyaq1kFR91NG35AfQdNJNXxn2Juff,9443.050646790316,1126692,$1000-$10K
DotrswJbot6FUVRQ6o1gzKxmUYdukohAGxR2QbkiZVZz,9443.015301181797,1126693,$1000-$10K
Dqu2Fmpp4DjPMJXiNJWNrATyNKGAbzhpGatmm5VZZevz,9443.008921064356,1126694,$1000-$10K
FJJqb9fCWyTEEEjcRGKK8vnn1fBWj7i46uzU1NoqaE3b,9442.994057170343,1126695,$1000-$10K
75sFfu522vam982NvM4SP211H2HLqk5zzpVgiracLuPv,9442.982201969555,1126696,$1000-$10K
3kXCM75oFHtHWBVw1nrZouQ9uZVSRnPY532DXYGTCZJL,9442.958462834269,1126697,$1000-$10K
2Ka6LcHgMNUq2LznSc2qgrWoHBnCrA1JisDYTCczpzHK,9442.932972424533,1126698,$1000-$10K
GjEvdyUXrCkFz9FxQXEwLGqhpsiiHLjBXhvZpuNjfYqA,9442.915239277874,1126699,$1000-$10K
4ev48Q2Xd3QdFnxANBnLnPCPi6n1mSwNGWQrVyn8NNuK,9442.910205071947,1126700,$1000-$10K
CwrjXuP7QFxYnnW56EaAq2qp3UQwQwYs8LoDnaq2LUfJ,9442.90061386955,1126701,$1000-$10K
85e6JR79LieitdSp88LHY2yZ2APFnM69rubULA6ToXkA,9442.877867327956,1126702,$1000-$10K
8krBoK8FuxhUhJQmTzNBDsTw37SCxN5GE1oopgznoPbA,9442.852138039932,1126703,$1000-$10K
7kZ8hcqgkgc6dsLQvVTAnBLuLqH1AxEsTv6igNGhUoKy,9442.850958293226,1126704,$1000-$10K
F4FymkeYoNP4C96dEE6MTBzFitgUwbFVH2KyPk5KX1sy,9442.824851877163,1126705,$1000-$10K
GeeJPrv8jzT6wtai3AQZgyupZQKAYA4qWrTNNo5GU7Ut,9442.823301152659,1126706,$1000-$10K
Ai8bqPkAeZLrumyq5SvYvkvAw1Ty68sEgBB9M2bpQbj4,9442.820513622024,1126707,$1000-$10K
5ST6fPZv6ZgjhtJNCT6qJTaJh6u1GvvUUN1NKCEnRpVK,9442.794933398236,1126708,$1000-$10K
3aUyTV6yJbMtrvFMoKmMPXFsAVSHJQ3pDXKzLgV1HVcC,9442.786745469852,1126709,$1000-$10K
5FLgv1ao31CGYB9cXGqZ4FDuSDciCiPsBBJiygvm2Zn,9442.744155603683,1126710,$1000-$10K
2TDoE6mYsWn6T1xbdsEGWCQ68G64eyJ882Ssr9Kzromr,9442.73517577496,1126711,$1000-$10K
GiaToqVinVrjz4YeNxC7eg72kiSJCXM3t1fDa4c9HBTZ,9442.72358405664,1126712,$1000-$10K
39f5571nKg9yyYsFAV6UCu5YQqDsmDZ3rUqFUMDuEPP4,9442.694287762504,1126713,$1000-$10K
EsUrQMcLUYQwX1Kzxdh211sxqeCVSdEYvf7Mc4enEQPm,9442.68432312055,1126714,$1000-$10K
8fTyypGjXSpMKGCgW8qva6GvX1gE8KzqJZFZpNY9vFSq,9442.67900300152,1126715,$1000-$10K
DfVw1akQ8AvZH9rv9TYmk5zCUhdjzkMH2Ui2e2stqyFi,9442.668540311248,1126716,$1000-$10K
GVPL1NwmExqkMAv7emrEfxc4HaRAzjJJrtFb7yv1FkgX,9442.6504963382,1126717,$1000-$10K
7Rj4RVwWfan7XwX2xYED6RipJKDrwfFvtoThecG4HSP6,9442.577053613659,1126718,$1000-$10K
5jVaL5qzr8T6EDo3LBcUAyWVcjeh7Gk2SFTiVMvSrJcy,9442.576965376073,1126719,$1000-$10K
8kUE7PoTtyQ5tWkZZ2MmyXT56seqN4FH78moGHnVWB3p,9442.574784335111,1126720,$1000-$10K
7bi79Z8bPv4AHJ1Lhtt7vQuvR1sFbGyFDuWXLv9VQTyt,9442.569464045982,1126721,$1000-$10K
7hn3W7AUoHFjUBy6ovJJgMjHiDhbjyZwYS1E4jgcXiFp,9442.564774724406,1126722,$1000-$10K
CwfzebEWMQceRwGVjc9DzbwqaBrxRGSr2A24X8xiXDC1,9442.556908832916,1126723,$1000-$10K
2QB2GbDBRYs4SCvU69QJs6iLw3SXQGcNWaXkZHyXDS3F,9442.550570326272,1126724,$1000-$10K
4M3WQJL2jTiXsbn1MKQL5cvrQSaZhkXjg1rZa2ACVC9c,9442.533491473212,1126725,$1000-$10K
5xRt9UjpVMaeP2YycDkBhbNQFQX7uTiZjTYnTU8xoA7Y,9442.527497746938,1126726,$1000-$10K
6ZxpWnY2FG86GzWxKVfc9AnFXFKJexDV4CCHsZfzX7tZ,9442.52535035187,1126727,$1000-$10K
Cn4b2o7fAyQTnMTLsDPfVnx4LkJJ3DczGXVDSyeTPwRe,9442.524041761859,1126728,$1000-$10K
HLJavQuJMyEo6kfZ952Kdt3oeDtB3WDiSonJUKvvc1nK,9442.495312234092,1126729,$1000-$10K
F3S8F8nvGJYjSLEHDK7y5dCesZEJKAFbkUw87wz6c7g2,9442.49020247661,1126730,$1000-$10K
4tLaKCZA3sQmaRpNPRrJ4pnFSm4VGyDKFQFgvwxKW9aj,9442.485971312719,1126731,$1000-$10K
6C5TbUSaMMFN4aGNVGMGDWZYFKXzQq9N9fchxwbG4MqC,9442.482731948467,1126732,$1000-$10K
2nYK3WSvgi6xyiua21UUMj4LkaCZhvwnbxeMnqSBDjzv,9442.46532081893,1126733,$1000-$10K
B7Hm5wqZBzftqyA51WR3fm983kFTDgYfY9rxW9yxpXSQ,9442.425002104002,1126734,$1000-$10K
Cb1JF7um6V23CaEW1UbLRVT8PMYydWQhbYZNBAWVZe5a,9442.422554161201,1126735,$1000-$10K
BjxJDoZqHaRYQFVXZ1HKes3ShMUj4VicrG7K3ztC9HBx,9442.410632164905,1126736,$1000-$10K
8PfDkc7cXg6HoXEmcJ3vD1kxZSUEDpW8DUs4kfwjD2Jp,9442.401192286072,1126737,$1000-$10K
CFSmhaz6FQ6LMrUbDW9c9qKA2C2Qdq5wiVHb4VvgyWgk,9442.397250383425,1126738,$1000-$10K
H4AubDTPn3juCD7m2nhWDobK78RCpC179bNDippWkVJ3,9442.375417045425,1126739,$1000-$10K
CjMTB3cLVPRZmZdFtKXqZwo9myFEd8GYwn4x3SGskL8r,9442.34175903659,1126740,$1000-$10K
AAogGDd3y2zjKpKm55SsjXzvk3ahiJxDuxcRjVd72iSL,9442.330395187482,1126741,$1000-$10K
3exgQ7u6dqAqphqb7oGC5ej6c6nRhnf9VjLXaBP5bces,9442.304862641922,1126742,$1000-$10K
75hWNCQDKffL8yBqyatWn6Su8EeWLPY94RTdkSQQw5xE,9442.30347275216,1126743,$1000-$10K
GMFPxDpMYspzQujm42NTC1DF8ooBR42XQYYWxWyNfPw6,9442.300106863764,1126744,$1000-$10K
ErRWRr1TuiPcMExCrwqQw8jQXMDHUD3y3eirjKoRUP5t,9442.298950737337,1126745,$1000-$10K
4KShMTG2wMTs59nhqWz5yvULeaw89RKieKe5WBHctsU4,9442.272722207501,1126746,$1000-$10K
5GYoK9rec2ZSMLgVWECAmjAGyjdox6iwoy7oSkXY2gXD,9442.26675955947,1126747,$1000-$10K
Fe878dcxLAYSYWT16bzAXUMHMA4zoHQzMqVSiMdxXw7r,9442.196018254399,1126748,$1000-$10K
pr3fUn8mtYwxkNajUn4HSeieBdNyU5rhZX3HRnRz92E,9442.195759487222,1126749,$1000-$10K
46nQGMMdGSW8g8KgHwEm36JAyJogJN3U1Ftb9psJ7JM6,9442.182623424498,1126750,$1000-$10K
6cGe53bER3VTxnfP5mtf3NnaQcdnvUf3NrS4XnJixoNa,9442.179036560143,1126751,$1000-$10K
4wedRQpSmB9YaiPPRQHvW7Ew483AfSr7zn1bdyHQuXXU,9442.177499866984,1126752,$1000-$10K
8cyFqjZ9GVWRt5861hd56oAQBHtTyp91wNtbhevYX53Z,9442.16460069813,1126753,$1000-$10K
97JmgScC9P1LYku2GtF3X3hsCmMju2FuWqNpyT4nhmtU,9442.163411509668,1126754,$1000-$10K
7LeocwUm45zYejEVCbwS8zubFe8MYqC9ao8pcBZqyNcn,9442.151329999197,1126755,$1000-$10K
FyjzCyUjb5Rh3RLw5RaSfTPkUJFp94REYr7V7SNU5z9V,9442.14184629115,1126756,$1000-$10K
DViXTtSGfwdrePbnWAZNtipybUk2NZS9bNhKWSd3MpKr,9442.13015213823,1126757,$1000-$10K
A56CTqWbEJEcJAqGxa5bpVmYB6J1RMVAMPdTywpiHVPE,9442.118682319691,1126758,$1000-$10K
8ZgKkMjKDp5YfiWLEWko4bcxvNm5y4uHeVJKtpeyRkGa,9442.087808541788,1126759,$1000-$10K
5DmhC1r59izhTyhDKVa4rhUcgCGMCBXbzRDTD317ohcP,9442.0762158407,1126760,$1000-$10K
6XoJzsmEKjdyiWNmfRVQLeB2hKLDjbht5iXwhtZCaaUf,9442.07209744435,1126761,$1000-$10K
FYnKxX49ngNrbccmFjdBwz6xJ4e8Zc8YURWb3rwhNY5G,9442.071080506788,1126762,$1000-$10K
7AB2Esgts14uanwAyfVHhaSg3GYUXdD724eGryB68CCi,9442.068147001903,1126763,$1000-$10K
FaMPYzZ6mXx3rxjvrmexgYW5K8RxTKq9PCZdf8wLSmZJ,9442.059862015281,1126764,$1000-$10K
4cQpzg7NXcjeWnkjP6Yq9KEJ7zWcSDGgr8rL1Ky3RQS2,9442.038216013743,1126765,$1000-$10K
9hK6SHb9c2h5dy8QkxRwWkes726Gigmv2qMV5YcRCzAG,9442.028686088173,1126766,$1000-$10K
BmS7R6CXoexVYUEvSYHfP88Dd7TgGz8qfJVXLKe1iJ8P,9442,1126767,$1000-$10K
5iwbRRWaUWrdEroSk9w9EF2BCEKUvw9wRYkrqFiLBXEe,9441.998003298995,1126768,$1000-$10K
CNhCDQZZvvJfRmLGMFtY15bNxsJsZWWb3D1PZ6GeuZsu,9441.997703763689,1126769,$1000-$10K
CSN3Ubxb9MCWwhAEddfms4ewv5SDbp6RnBaqCkGoYdii,9441.989304187635,1126770,$1000-$10K
CyaFkmzvr7cY63RH4ViW2qS3LujdAAggqmZQ3b9VWRbe,9441.985619821357,1126771,$1000-$10K
AQN1xFo5QZY8NMuAeDTeYDX2BTissjrDk9seUc6Nue4U,9441.96913866939,1126772,$1000-$10K
2Nyf6JFHrUEFup1yQqHeQfThKVQwmw8CJwzzsZufaoWk,9441.957016257078,1126773,$1000-$10K
DvVPs5xtk9zouNdQ1rP3BhACpUpwDhW7F8hLo9t3hZuC,9441.872359924639,1126774,$1000-$10K
EAPsjdCsyVxHkZuwJgPhEJxtNRbd6aWt3n9Z9LygHNvj,9441.814475725514,1126775,$1000-$10K
GRoqz7cQmGqNsGB2fX1cQRMs8Loq84xd9LNPy5TFTGGK,9441.809308752068,1126776,$1000-$10K
FULABubxmwf3BzzVDVB9jz9WbPZGDLRGcN4rpodKpSAM,9441.789641227293,1126777,$1000-$10K
E2wAapGii6jyy5cYiscyK59L7EqRzTFbn74o2BcdUxjt,9441.768761286246,1126778,$1000-$10K
7DxEiWYsujwNmnucxvS7uj3uan3f6tRi98qRL3mvn7zv,9441.74904061256,1126779,$1000-$10K
2qrEPKhX6NkZeeRaNWbAwAAsvjY75y9UTKwTH9md7L1d,9441.734275529689,1126780,$1000-$10K
Ev3dz9foryAaQzRCuC6CpjguqNoGkegUDifdJihFUojV,9441.702576895561,1126781,$1000-$10K
AUwbFjtqjrYxq7ee6iiDvRr4xsAr8XD6QHqX51oFcwJv,9441.69299326883,1126782,$1000-$10K
6okkt5qqJHkGqPd9f7uGzdZh72NdLS8QZcPwEN1KwadJ,9441.681757775781,1126783,$1000-$10K
9qBfC5B5goDzZtv6PmtBNA5WZpEmGL9X24x12FQD2Juo,9441.671055501727,1126784,$1000-$10K
DiFrTdsZb4hn8fm8S6gRUwoeZZ6bMcqkZgPiK2kn9vcT,9441.657303035343,1126785,$1000-$10K
B4gZJJeke3as4hTTZ8toWMg7spJjXepBSKS11kx11v4h,9441.630761913282,1126786,$1000-$10K
BcPcLWEpfSYgsbkiMD9Hu6uZVtVWSR2K7eJhePn9QH8Q,9441.612092700412,1126787,$1000-$10K
DWTDr1rQqFa8ERMmdLCnkwPR2SKizFLtbX1ZoF1mXkLa,9441.595616432094,1126788,$1000-$10K
2Y5fxBK1kvDn4TUdBwKnWTnSUP3NLuwTLtMSDS31PB71,9441.550961634235,1126789,$1000-$10K
Arb27ifStvV9dLR5f3hcj3MMpM2zFdPGxY73b9a9SU7W,9441.547384983667,1126790,$1000-$10K
8CowwGYqeD6vWU6L7sWVaZC6nzpe6wCzdnt7ao5sNMJ2,9441.543222814445,1126791,$1000-$10K
2cKi7QgbB2m8YwPJGrRfxe7tttLVV9kKZiCrDJSYcxD3,9441.539168273246,1126792,$1000-$10K
8yKp78zoEBqtPunWwAjWqAkbLrjZztVUi8T7uHFYoRPP,9441.531411742631,1126793,$1000-$10K
HuNenGvUexp6P9px4SmrWPkyS7yviexPhn322vPrrYht,9441.529085830036,1126794,$1000-$10K
8E4sSJYSEaF7fy5ix1oEhQVocQMicodYhr1cF3Aunfiv,9441.522506550598,1126795,$1000-$10K
GGq58FBvUcgkacEf4KXKcQSJk1J9y1WTq7a4ZLURWisk,9441.521643471491,1126796,$1000-$10K
2LHyLxBeAuXp48k9Q42MYnEJwqeAEcQH6RVJkc2KjRyf,9441.49608169347,1126797,$1000-$10K
9Psos265aibiqEdtEkRw2K5u78MNZWDzNAFvtaTuhPHc,9441.495716691279,1126798,$1000-$10K
H4u8BnSXJ5P5BhhjL5RAwxy5tqAEpsyw7WvEB8gDqLMW,9441.483926147532,1126799,$1000-$10K
GKrafoC1a4zuryH3Y49LevAZMZ8ZjSMN2XLPeZ5pKXKL,9441.48008719621,1126800,$1000-$10K
24mD9QYkAVv1vzXxwrM7PpcveVXZHu3iz74nVrjFnyw7,9441.470361600237,1126801,$1000-$10K
3Fimzvd3AH4VfAuases3jbtVThHKk3EeDUroCTrr4M8L,9441.444135919113,1126802,$1000-$10K
8LiBx1HZT5ecf6V8DB9NV2gc2whyBYNmViN6zcDUYfea,9441.41464571853,1126803,$1000-$10K
7vd9DAsRrZAJ6fnmXehmJv3k86aR56X83muAW8LXEWjj,9441.39085829071,1126804,$1000-$10K
Boywxgj23hGz6rmjfFT4A1zVwsVmfmPH7WoFwYr5XYp4,9441.381174224505,1126805,$1000-$10K
G5vGN6e3ULXs7WBhPWp7HwpFG9AjKCxVpHLLDKrTz3tZ,9441.343785434263,1126806,$1000-$10K
UiuAfpjXjMKXw8Ap5TTsKUiQsRB6kLJAhkG46DNbkSK,9441.34179689763,1126807,$1000-$10K
FzzdtRPBmtbpzikPYMirXPhK6mryYoT8Di4qnKTASt1Y,9441.332906026219,1126808,$1000-$10K
BMvPKPUtUouyy23P7aWRXs9G6bK357tQAQtrmgFdBuSg,9441.312135752247,1126809,$1000-$10K
HgFBL8sYeRQzgfiQnKWtYGaixk7PXuhSoxLhQxmFXxBs,9441.29694243426,1126810,$1000-$10K
GLy8THFa2KxLdXD2DyPo4CBcDoTHn8J9kX2zSHrt3Ku8,9441.293733873454,1126811,$1000-$10K
82UcvEocuSSSNwsTucy4Z1zCCLQjYZ9JRkehPPMguzHo,9441.290160959921,1126812,$1000-$10K
CgijnFFe8na27NadSzhJyyZVjmf3avLNm93tNhshNjai,9441.242549993052,1126813,$1000-$10K
GiAuqHuAhguKEvaNa9K3qabov8bT8dV4MxBmesMSv5er,9441.226002692501,1126814,$1000-$10K
7HdvhuM9ubVbUvdcZ2YE5cSRXXUbzeDi8nvDcMqm7ZjA,9441.222455443465,1126815,$1000-$10K
EnfrjfhPmmeHmagAARDAchYqvzXMMhUN1bzW4H3Bxiqj,9441.195184500619,1126816,$1000-$10K
BeRqYCFgWsBFdwrSjfmX553RJM8Q88kgK6VuUPVs6jUh,9441.1843319998,1126817,$1000-$10K
DFQiVLqUfG3JP5Yqaq7r7CEFbtyc73cYekVZwQQhfn6j,9441.175232676082,1126818,$1000-$10K
5w1kmxyiPkbGemcc1BzrqKJnPLJXwv4tRbG2EJ3dTTwx,9441.173359365046,1126819,$1000-$10K
Hkb8FL3nLnQT4Rqt4VN372Sbq6mGQ5VNbp6uQLbPyniW,9441.141354453204,1126820,$1000-$10K
FRzmiwyn3qMnuHTiaz6v9evmgmvpsgZaQXiDUEnkhMeB,9441.107535651168,1126821,$1000-$10K
8Au14saydTwF1c2zMcgoA6bppojj66o2c9cusDWPsLdp,9441.021398750478,1126822,$1000-$10K
5xWS8e44bCoUR7NGvAPZ75v7DaoBhytYQi9fH83T23Qi,9441.005734436048,1126823,$1000-$10K
2FDpDS5FKKHTPMXV8XoNE4xuLxbteGRkuFftzYsGp9ZD,9441.003370779663,1126824,$1000-$10K
ERctYmHYfvza1tVTAhWrrwbvtJLGpEZR1t2brvF8Fz1Q,9440.998375454037,1126825,$1000-$10K
BiBofwkspoTVBz8hEZLyhwfbeFgatYBWxVvgpHyLh1tj,9440.985499738883,1126826,$1000-$10K
EuA3JUwC4GBWbDAb46CxWStXi1hwvNgcX572LjwdJnsv,9440.96643190903,1126827,$1000-$10K
3A8t52vdaV6AY2W3ZA2DgXbq5Dnd7CTd3iZvxYPKyT6v,9440.916019009635,1126828,$1000-$10K
5bjFPyjanuiLw8p7LW4Wb7nwr2bFLJyXTxra2HiF3BdL,9440.90704616261,1126829,$1000-$10K
3ZsPsAtbMVd2dHHzhWDsfkEQmQRGWaA24zGu6AweUyGv,9440.888148853914,1126830,$1000-$10K
4ZpfDryamnSncrgxwpcBzDid7ccqMMzJbYAD1z1cUsMT,9440.87575450806,1126831,$1000-$10K
E76Qmxz7K1CmkxH8AASTDnGHBDjn9jsa3BbWnW1qMkiD,9440.870177869707,1126832,$1000-$10K
8WUNvS9S4JgGDFv9EetnPFQBXjsjrShs1o1vyePgPsEj,9440.852988690489,1126833,$1000-$10K
BVmF3JTrZ4GycXbQzGTPXpQ3c27p1JTCjL6H5UebVPax,9440.831526679585,1126834,$1000-$10K
7R1sNy6fyuHZCdtJXWm9usJWbdehbHXMy3MaghyXGMZT,9440.78518819459,1126835,$1000-$10K
6o1XV3zyTxgBe7Bh2uBKGDwy2ec1phfR8E6H4MDVw9ni,9440.746942182726,1126836,$1000-$10K
6PVrCmbHUqEBiFDvuCxTzGwNd6uFJKEfDj6UBN9Qk6B2,9440.739940981368,1126837,$1000-$10K
23HUKrtLQqbMLrsBRxWMbKwnncNhFTVReEni2p1rF3x6,9440.73942893058,1126838,$1000-$10K
DvkoDrAHo16PorFPzm9f4Q6Qs6uTagxZRdtWb1mRUyhw,9440.718171299295,1126839,$1000-$10K
FsdUP8ELAN1WhzvjZbCiTy2s7tFJ24BqkGj3uKfKW4jL,9440.706544180126,1126840,$1000-$10K
8ZyGYhhAiwdDPvuR2e6uvYozqhVhgJJpvwZyceb97rN5,9440.684369197903,1126841,$1000-$10K
GRKg4ALARPcJqXs8ur4a5vhnynV6rvur2C3u7LuiSV7h,9440.680996522035,1126842,$1000-$10K
7TSWJxmv9YmeDF8ZMt2zosvCxnWaQjgaUmjZiPhtFvPY,9440.68013789848,1126843,$1000-$10K
XAA6NbAfS92HZiyx51ac2W3Mw2bXBbHognNdDhi6yiJ,9440.668349430813,1126844,$1000-$10K
Ezw4yX8PuT5d3Da2VVk7iRCvyv3HSQuo9HpGUAjSE8Y3,9440.661496093498,1126845,$1000-$10K
2K7VwKwohpfK4myCindtXcWYPpu4RRhn2uR4qnkwDs8G,9440.65727821231,1126846,$1000-$10K
EHfQSCf6krRteXYutpQwuUm5ynZBf1JirhLJT2DU4pWs,9440.644023223094,1126847,$1000-$10K
AVCBhL8tpN1DaWrKtVuvfuRXUqmvQndig4Lp8W3PiaAn,9440.63899657139,1126848,$1000-$10K
BJB2M68x6mz3bXNDvAiArWCYB28tmGoVaDhEAL9jvMU5,9440.628588566646,1126849,$1000-$10K
AhXzJZSpyNtZiQDB8UCuAAHe3XJdYQ7EBvEeXXm6T373,9440.620943293996,1126850,$1000-$10K
Fiqt6nNWcR11uLTRanPq7e9MwVZwpkawsRb2vvBcUhNx,9440.611681446608,1126851,$1000-$10K
5DyvD6Qu5UGJZ1tRxB2TMyDUy37n6Etq7EGqJKjrZo8Y,9440.605561813083,1126852,$1000-$10K
3ho9K8bYKhu2xbvWfAqpvyShXuDzotUKmU1NUcguHN4j,9440.598827855341,1126853,$1000-$10K
3T95d7BCKCnDXEN2ifRW7eScCiq4qVNqvQGtuGcBtoqx,9440.589541897447,1126854,$1000-$10K
H19JHgbtX61cthKzg27xv5oHK7BGFnpss4vore3QgPfm,9440.572907432215,1126855,$1000-$10K
7quNWxvU82qvuhmpcE3zc83o59UAivwi9dKvfrjHRs95,9440.570262283605,1126856,$1000-$10K
7zq2Rzg2vJ6aT5FSAo5Cky6q2mYgXKvowck1UaMAVH4v,9440.559178110869,1126857,$1000-$10K
FPqWKNg6cn7mVdgypkufGFKjVZ1GmGnfT9LHjVNLcyuJ,9440.46339390461,1126858,$1000-$10K
HhTcvazLrFrA2CcwSAkxuBPLXGYrSQcFh8TYnqpAoL3K,9440.449093200115,1126859,$1000-$10K
EFjR7kmGPdG6oLW6gXTwnJaUfNuWohkqjRwGYNfDdfkh,9440.433780851252,1126860,$1000-$10K
3sSD6UgJkexgofawFPBCmwgxiDJgf4h3m2mnBx6L7Qks,9440.432201853087,1126861,$1000-$10K
C2eHMaSZnEMQHpoSHnciL4mWgocUejCb8p9eCXm8KDpC,9440.411477607578,1126862,$1000-$10K
GPm7MoekCs3xVV4R1W4fhwWkCbMidZCiWTJozxZiAhYe,9440.410470674533,1126863,$1000-$10K
2wvyZ59Y1QsQe8ctti6xRfFaZ3sMxgxSiYbbZiPZ1KFY,9440.392426497214,1126864,$1000-$10K
5ibHYBr7hRxXqwoT13N7u9E37hmRcACvpFyf1Zzxxtng,9440.385908952407,1126865,$1000-$10K
CvwQBGyuEshPsuwL1JPRyE3MPNBLwrFoz8W3tdULroQK,9440.372443575081,1126866,$1000-$10K
7RBnDaREQiJgidtCMf99oQNsAVYYuj34umeiqsmiU3xY,9440.369884253378,1126867,$1000-$10K
Gd9ntGzzE1ckt5iCmoJ5UE2wdgudtxtwQB76Nq6iSM1b,9440.354401577917,1126868,$1000-$10K
7U3hPUXZ8CQHVSt1fcMTLRt9kLFxnGVqYVXgVxpkZAsN,9440.331131931021,1126869,$1000-$10K
99UeVjc2QnsfGHaTu2Whd92uLkEk1F8x5zogRG5ouov7,9440.314354594502,1126870,$1000-$10K
8jhABytHrXFJeVNkND2sJpH5wSVKucce2cKPi1NrYoyo,9440.311711795497,1126871,$1000-$10K
Godi61Dkf466bJwJrtFQYoT9QB4MKdb1oRw88J72bbnR,9440.24051214366,1126872,$1000-$10K
AxtDExqNEA6VVfAyuLFTSteDtnKNNNS38G73UzifHyek,9440.23372695138,1126873,$1000-$10K
Bgy4ZNEnHBgGzn4koShxGhTEz3GakHpULk3TbZPfip7y,9440.214983406117,1126874,$1000-$10K
ChkyTk3BG5Nt7Fu1VGAg5Ak9mLek7b14cp68FVwfKbDB,9440.212842197925,1126875,$1000-$10K
76858WHzrTbuvfxLxmoC1cci9PXgEz9PRjUHuNCjTroz,9440.188057146297,1126876,$1000-$10K
2Fu5sHVuJBnbypWHjbvkC3Ni6CEpDouic2FBPNpJ5xxJ,9440.108710153349,1126877,$1000-$10K
FbZqphEW9WEPbVs8nfzvHR2SmeENoVcS7aXma5AFSgGk,9440.100717191643,1126878,$1000-$10K
9PhbNbzBEv28Y7RsPtFDDF4SLgetX9TDQL16fDcxaATf,9440.08877774427,1126879,$1000-$10K
7VT1jytYnm81cLPgriTM3utkSfhLauRmntxgrEPQiao3,9440.061494223492,1126880,$1000-$10K
D6aGfGYoGGwvZ9jiMjg82xejef4rbf3b3RAU6geeWT4P,9440.0611317196,1126881,$1000-$10K
D7DNNQSY1KVphR7dnvVT1CjHbaPBphFrh3QDsdczcp2C,9440.053736680935,1126882,$1000-$10K
2JBkdQjXdv6fP28pFCJfS2Gs9nQftRdUgf7dxjZeUvnh,9440.033760013708,1126883,$1000-$10K
4yw9ZQ4YeXyKirVUr8LQovmgRADZLbFkNRakYLeKGoNE,9440.015139268517,1126884,$1000-$10K
Cfto6eMf9QbvJ1GbmNaZQ7KYWVuL5LjCfXjv6mKzg3Pi,9440.013115182323,1126885,$1000-$10K
HHXRd7Te7wJobuJuSGGmw7Jcdk1mYWhJHG55TdWdzwkM,9439.959770858732,1126886,$1000-$10K
Uur6wJUzWu7LwG9uMDqEjWHa4JJ3fq3CX4DBhqK6KPV,9439.958702165526,1126887,$1000-$10K
632dRCYn3FRMbHVgs1WWjr8RGU5YM72VSwruXYo3h72T,9439.9551732022,1126888,$1000-$10K
2dnCA4K3FiMoXgNjgW1ExmLJ8g9HCcHGoL16DoAs81pu,9439.949947997626,1126889,$1000-$10K
2fuCQqaxMKsBUUCRzQFLGPxPkJncrCMk2Fmm7oNzuY9V,9439.948588197221,1126890,$1000-$10K
88uvazvywYPjAJE9M15G1YXUop6AXgMQg948v9sHHCQf,9439.942850953403,1126891,$1000-$10K
J5yaFFN7V7Di4oN4n1LVnh7QBDnYFxtcqQo5UnEkGoD1,9439.9386382568,1126892,$1000-$10K
AJYNfdUUmiZrWDjCdggqRNRq8FoVBNa4uzFS5KZUg1C6,9439.917855507876,1126893,$1000-$10K
6bgGeGmtkeGj2Z1EF98NX6CwwAs2F1H3vNFtSqPMqf89,9439.88528518223,1126894,$1000-$10K
d6pQdPhogAmzJ44C4MEVk92iZe6nKUGnadciZ55EkP8,9439.865764676622,1126895,$1000-$10K
BE3TfDzQFKVwi9qe1tJcky2RmWwtPRy5Zy8jT3DgutcS,9439.856093336082,1126896,$1000-$10K
4Qy5Cr3iTW2JzrGyVH8mrqadn65DSf63QkPnY55Liuya,9439.851053908176,1126897,$1000-$10K
7PsUZ3rCXWdeRySmEXeGnUmUMCbi7vYUVGJms8Wm3P9j,9439.825870712622,1126898,$1000-$10K
3HWtfqWGtjWuXuDoXP6mecJZ3gigQaQfXqT9UoUonSfi,9439.81662663848,1126899,$1000-$10K
J5pjEvPq9MjAik8tpsgdvVuPeeZARoQf7FwbA4ny1Fh8,9439.782230464836,1126900,$1000-$10K
ELgBBe4L23iKBL7EiFgSyadcUMb54ujZEiTERK2nje2s,9439.779983124921,1126901,$1000-$10K
9PcfQjT21q6HcZ9iihBJBSQgUmLZNjg3vHZV2JxLjEZ6,9439.764301203586,1126902,$1000-$10K
6QKNXw5x1ZPf1ySH8o1E5YSHg3YxDKMFiypDWmGGYrtc,9439.75889591566,1126903,$1000-$10K
6XVtnXQi2rRP9foMksqwz1ySQV8vEbWGANMNdZHSSnRn,9439.752624942685,1126904,$1000-$10K
ekMp78gxAkiYDzkPDsoKhVvbmv7ZwQ5UfUzGpetH2Me,9439.752491908637,1126905,$1000-$10K
Gvfyte2usJv3f4BA4j5eQUEQkhoqgrmLgdeowRfje3iy,9439.708560412435,1126906,$1000-$10K
7tnTDUShxAT8g5LFMaUEf6vX33oV5SYggoBcdKMDhnVX,9439.70288938387,1126907,$1000-$10K
7R8NVmYQdLCuDhLbHFtxx69G8hmV1fjMpknyVKvChYjL,9439.698595749096,1126908,$1000-$10K
8peLC5tFqvqVWwN1WhaQZBTmoSn7x4Rv7YuiYZ6gAg8N,9439.6767829276,1126909,$1000-$10K
HPdxu2tFnu2GkESYaDgd6WJs2YG34vhJyHvswZGGxCvg,9439.672980295069,1126910,$1000-$10K
94degVbdfjGg4SjaKSwt3iKwoVsFeA1LncyRCSdbgF76,9439.643050330358,1126911,$1000-$10K
9ehg3h8HeGBa9itcVcyDjQ9hnXeVhDUAev3duxzinNe5,9439.641873245157,1126912,$1000-$10K
GbhtPT1571kH6bgtk5vASSxHGYgj4zucciVRyqmxgJba,9439.606980059856,1126913,$1000-$10K
Evk4RvKKzLjdZKDvcuwCGNjkJX5SeN1agXECL16NUoSk,9439.58967821789,1126914,$1000-$10K
H6ZXnRb7H4ix3PqMvoUY4Pe6kti71GNM3ip1LiQtdZQU,9439.583077786083,1126915,$1000-$10K
AeJPzFTJh9Fq8RxfqTFqjRJ59pLbMk35ZnF7zTdM5w3D,9439.57117073215,1126916,$1000-$10K
5WnHXXayq8sUwH4R1p1KG6n9gQVhugoBVg2UorL2iYNG,9439.536570149237,1126917,$1000-$10K
EZXoXCk9pJDDmbUtL3NRtZ77wRkBReYvWA4d3gzyt4Zs,9439.535232748623,1126918,$1000-$10K
CkVNbkiCdQ1oiBcQc87oAjJ1i2mFHDdRDy4Dr7MHRDPY,9439.488791109647,1126919,$1000-$10K
GgR2fw4XH75a5eizv4bLm72bfQcwC4XBJyKkHn6nuBfF,9439.481718004881,1126920,$1000-$10K
8wb1kH6FCK8dKZhe5b93gAGtQtPANK4aensYGQoDxq92,9439.478384433474,1126921,$1000-$10K
3f82yrkshoa1xfD4fczQ4szXorLwoqiD9p55reMKZjd9,9439.469452992515,1126922,$1000-$10K
GGWXRfT1gEBExdGttDbA8Y1rZ8ez1xwbEUdBgw2HXKHB,9439.46610151985,1126923,$1000-$10K
5w9DRsYgAouTAG1YjD4EJHWMfMTyPTGyMcwqLDrv93e2,9439.46243241624,1126924,$1000-$10K
APNXTd7byVr5D12JSSpPzqJNddNdELDFzAgonVNBebrT,9439.458934207303,1126925,$1000-$10K
6z2FJp9Akh8dJU7mmALonoBmxmvz4Gu1e6L6v2ZhuvcC,9439.435926213619,1126926,$1000-$10K
9S46va4WKNsGUgrpQC5m2bgfefkrKyojmizrUvjnuqYF,9439.38548450762,1126927,$1000-$10K
Ne4pior2Aikpzc6n42Mf3PgKiR6NaragH8gMpyxiRnp,9439.33744522988,1126928,$1000-$10K
Ha65nsHjt89G1YMQU4jASdP4URCWa6NWVzMkqpSHYbus,9439.27484005869,1126929,$1000-$10K
USc4bgSHiwtP418e8cBY8MzAUbLHgFMWbbkKWybS56s,9439.274359226712,1126930,$1000-$10K
7kmV2oJBYHiStUEXHfgCj5gS4oLAkFeaS3EiLHpGM4io,9439.250169769239,1126931,$1000-$10K
r4QGZBx6Z94Y9xb9iRDQhvA1bSNdcZAWWUoPaqhHA2N,9439.203329138389,1126932,$1000-$10K
GLrwGGEX9LoSd7r56CWrYjZjoYG2f74nCTnUSQpDD9U7,9439.199182660934,1126933,$1000-$10K
9YMG3J7Rk9YQpEW8XFyTWoYvuo1xtFezwGZJyKkCCCz7,9439.192963066163,1126934,$1000-$10K
G1dED4NMK1achZY9QdD3Y3DCcmc9555mDQNJEYSKRtgZ,9439.183520273127,1126935,$1000-$10K
sAF9hKbBFh9iuEoAScut3yBZq4jEjrVVm8iBJQEZHaN,9439.177297571234,1126936,$1000-$10K
HxPMEjzc7hmeGf53zBZGvt4HUQ4D1iK9a9GHUkMyzDtn,9439.161755985031,1126937,$1000-$10K
3nXR2sAVGY3cAeSyUi7X7oQSP4xs69dBKnh9juLfhgnE,9439.157589456683,1126938,$1000-$10K
27uqjsLVXKeLShme6Kx8sHLnjZegd9My7tfJ3P6ugfv4,9439.149572601093,1126939,$1000-$10K
HXJ4Ra1VhDMbfU3C3ScaLesKYZEkLnPSwRxdU7v2YHqm,9439.113754242391,1126940,$1000-$10K
FuKmPwMFby9njGJRuhBSRfws3FBaPdc6mLgazmHLjrna,9439.107693300393,1126941,$1000-$10K
FGfry5LVtbLh3nV7NUJ7xNb2cxiQJDBX8WVu8mZRaTxW,9439.082166416447,1126942,$1000-$10K
EUWq3bYKdQyY4YUSmtTLg4qKUccvNQKJ4bzkJSPC3SH,9439.054138220194,1126943,$1000-$10K
AiGPGr14bSFJntVwZh2Tid54LWqFXqj9SoqEATbsJ3ev,9439.029146093833,1126944,$1000-$10K
81tawWE844krPyMXEwjKxLX7kp9VEyoR1MSYxXvHq35Z,9439.026814783992,1126945,$1000-$10K
3rKozBMGGitAPW1WBTbyi1ginkvnVLxKGwMyRSQmksgr,9439.017468812497,1126946,$1000-$10K
DWs7LvpB5wmQYFP7u1MNPMa3Jf7qmvAbFNsmRC8hjiei,9439.004752083247,1126947,$1000-$10K
8YRJhbgnB3NxQpgR7MRmi9AispegrnQvzMAx2E94PdqE,9439.001060782728,1126948,$1000-$10K
Dh5hL69kPnaXh4JariwVVoHDtMuSMAENz3hvDVwvQSzP,9438.992009071193,1126949,$1000-$10K
5Rd1jUZ9hSDdzP8Dp4e8W1PijMhU812iw6BzSSP9LXZr,9438.98270780085,1126950,$1000-$10K
7Gy59F7yDUr5hu5C7Gp45eHT9A71aMwRdbbAcXGXpr7X,9438.97946040192,1126951,$1000-$10K
GBPJGq1YztQjJ9E3Nrh6r31Rdw1iWgvPRB7ADSYTrLh3,9438.928254318944,1126952,$1000-$10K
8pDYsG3fVgHi7j3F9aSSs8cZfLVPigLpHWVMFnXCfN9E,9438.8842063682,1126953,$1000-$10K
915TitkpqE2KH4csXHL2ZFYh3vgntJ6buCEjh3Zvyqfd,9438.859705765866,1126954,$1000-$10K
sPRyFZbQpqHMduWmotfgA8DuajjFTUFKnuJAWqA5Xzu,9438.85352170377,1126955,$1000-$10K
EqYWmnnhd4WXRTPKheVmTiG2Ha2Xk9zkZa22te6Znmvv,9438.846548738064,1126956,$1000-$10K
3mSuLnusVGDitzJNNwUY3b9WquRcdxdckiUy3rxLAgU2,9438.840481127885,1126957,$1000-$10K
7rebrbuNhRKu3wVSpdPuxMumDpfLZZ2wigcx6RwDLH1w,9438.804980176397,1126958,$1000-$10K
HvthUZnLB52JFdMJTpJgPERNJDLamcDaSvcgq3THHDwh,9438.799501179763,1126959,$1000-$10K
5U8mQG8PEhyuiXZHERTvy3jWeiqGiKNFiFn3ZWj7WaF1,9438.76323581304,1126960,$1000-$10K
CuLMVLz7T3n723fnJ1MDM2L5ypngBu94Ln9LG99fvbPn,9438.759542327047,1126961,$1000-$10K
71tcESGLLVt737HRpTZ2UZGLGVgpWDxuAw6jDkeEG9jh,9438.725320269055,1126962,$1000-$10K
B2NmxL5W5d6jARpRyjtZsGooapsauKfTFADaqRamJB69,9438.685120961138,1126963,$1000-$10K
GceHYZTM4uir2JVdFRxBUDT3WpXGnf8Lpex1fKc1NV19,9438.635038643573,1126964,$1000-$10K
ETQFpyamfmgdTrEDcRaKZeoorJHzQAxNkgoHWvZ3cX48,9438.626770740459,1126965,$1000-$10K
9CCc732yd28WNT9ENkDck1CNbE1g4hkbuWiW3x5Tv4wA,9438.625122778474,1126966,$1000-$10K
2PK11v5hfBanGh5K9FmJPaXTxJWyDpj3ciWb8CfWnskX,9438.567290857745,1126967,$1000-$10K
3SbPXuwH4FVde67133Yo6fNiwusQQy6YwegamMbvLKNV,9438.55274109475,1126968,$1000-$10K
Ed5g1ZctVnZzeqv83ogfgFj51uzWCRSBcYXMi6tE5FkV,9438.538661249439,1126969,$1000-$10K
7BHyLX6WqQN9b9vhCJ1jBqbCsnW5Cco36szXwZpHaKxF,9438.518805392034,1126970,$1000-$10K
3b2XCGAic8pvMGu6VaHJbfx9hfZPbdPFCdwqn2sqQpxe,9438.496826929717,1126971,$1000-$10K
GfqAkS8ZkxLZ9TFUYM6pTJstneYcsZmdTmJmEZvj91oY,9438.489843292833,1126972,$1000-$10K
GYUHo8eMvsrYBX5kpX8L4PwCxJvqW3kVHkGz4N9Fhyus,9438.460231813091,1126973,$1000-$10K
GfQTCv6tmBCPpc2kpdMcM85QoSLmZDWXz94UNXUrXbkg,9438.443768369476,1126974,$1000-$10K
3pquuM7yY8givtRNdrgUgm8KBKqF1tuPVZvtEgmwUSKG,9438.383557634092,1126975,$1000-$10K
4ebBXuRwixUcQfMBn7CYAnLL4PmWF51JAVCzf6a9rDYF,9438.378656282932,1126976,$1000-$10K
7YxDjR9zVvMRwTxckhasbAmYzPJn3FaJ62wu6F15QcKJ,9438.346192238185,1126977,$1000-$10K
3afk6TCs8kK5u69XbBkkTnmeqWxmW9RTgcBABxVVnPZ9,9438.33979586794,1126978,$1000-$10K
6oTBnLTRbTyyySAkSDwX183QXJy4KRys8qVEZugCR9KA,9438.33588811401,1126979,$1000-$10K
Du8NWSaDRAM2EYVgWsd9T9jCitCa7ESetQYCzy5gdmxa,9438.323853833748,1126980,$1000-$10K
Gmea82vfLGukbEjZ1qpTky5vT7b88PUPMXV2zUbdhrES,9438.315498741242,1126981,$1000-$10K
7PSRDv4xeiyFmxf51LJS4hMfx7MYmiP61A7Ktjqdj3rP,9438.31074120794,1126982,$1000-$10K
A4rfydNekdN8YJjeeBjs1NFvT1qarnDp7qcsCFn6HeCJ,9438.30583567024,1126983,$1000-$10K
F3t1Y9V3isUMj2N2WBzXPNvmhddq3n2jzykCNa9q3N44,9438.294506660868,1126984,$1000-$10K
7vhXZToqoWm39m78itYEjJ1NWAzmKgRuYukAxs1aRXy1,9438.292745080154,1126985,$1000-$10K
FdxguY3eD4KF1ds2bx2SGQazEgxcpjAYwTK6je9CzPMH,9438.260211046,1126986,$1000-$10K
CB4kApNrxSrd2qSaQk2prbRaot6rrwLv7gT6sNrhqJHg,9438.24939088305,1126987,$1000-$10K
5f7DA4nngusKpAqPdGxbJPGgsZ8NVfiNkyS6XYXZ288J,9438.22800025715,1126988,$1000-$10K
46P7MvYCQp7pnWprY8XqixxKyT4zeh96VLrRtN3gNtaR,9438.20359227946,1126989,$1000-$10K
2hwWRomiJzFJt4orpQP7vsgypr54FPT9DvfngL6fY4ty,9438.183433122082,1126990,$1000-$10K
Bs9sDVgXBQhAFRRhZNoCtDJung37m8mspnsRCsReVTYU,9438.16692449544,1126991,$1000-$10K
854TUG9d1r5x8HEpTCscS9E7ZDuT8r3bnncmWHfcTCAT,9438.16540387699,1126992,$1000-$10K
DrEUuXQnuoE5Nygf25Z6nHgrXhpHq8Pxk4T29nEpt324,9438.142473057302,1126993,$1000-$10K
8k4zgkgjBPUEDbx8RaaVCvP9KGa5VPocXatFeqR5XtQT,9438.123079220946,1126994,$1000-$10K
3kQ8RwJjHayVFgJjZHxqQBExgZQmgauMFMNDqhjBMzn4,9438.11878115335,1126995,$1000-$10K
G5FK17VzQjNpC9zU2dKDfNXqvv8TfHz5oMpc7s9Fb36x,9438.114440270547,1126996,$1000-$10K
qNPpJu9PBSiqfTm6tKemkiFgFVnLHjofrpAmi1PDkPP,9438.110140565113,1126997,$1000-$10K
AxNYWZrWv739aXdgzmUBCRprLz99irfwWVpKNbNrBtjF,9438.106477052526,1126998,$1000-$10K
FW8i4w1EiG8tiLC4Br84kWXzSgj5mpxeBRGxHqsGtULm,9438.098978116192,1126999,$1000-$10K
2vVXfiKshErVKqNag3Z5YkY3pQsh9X31iKGhVXpGUxWZ,9438.08527795125,1127000,$1000-$10K
DZ9UdNkJ3hg1SbESH43j1zBmmhfC3xvKrBK7YmnFyzJZ,9438.071848198426,1127001,$1000-$10K
3Y5pdpnxG6dDmXabRh1gRpGvTKSiyGPvxKJuFCFbH2ck,9438.06029403831,1127002,$1000-$10K
BGFzVvhBwp129R5WzyMtkBtQaTJcjcVebRcnUvJEQeqr,9438.029275626048,1127003,$1000-$10K
5ygYU68xe88kuDLU2NWHgPMTEpNvCL9gHSETMdLVG8nh,9438.02033028258,1127004,$1000-$10K
635H8wX8kDEWzG5fSJio9iv2W13EFADs9B8EvFLcuC4S,9438.002674205745,1127005,$1000-$10K
DMR16cY6yjZGLiNtuNo3Ujdn8L1bVACETvqMRGeWPeTF,9437.976707475333,1127006,$1000-$10K
J5DFVuHLUihy2A6oKTFvX1WNmPygoFxQCkimBJ9PLQef,9437.97160035024,1127007,$1000-$10K
CXYQM7GiAKm8j2ZJ9curY3NSDAeW2bF2MsknAQvE2kfM,9437.969563268844,1127008,$1000-$10K
24EApMaZrsZuyJbp2v7exEL7fbiLyas55i1UwcsNu73B,9437.962116325525,1127009,$1000-$10K
4M1t9FqhkLkyUb1ARipSN1YKZM13ucEm8kC49qXqzjn6,9437.959955160599,1127010,$1000-$10K
9zA3vbjAFp1wjY2WHnbhFujmifm3yqNpxaCZ2AWaJPKY,9437.948919289242,1127011,$1000-$10K
71QMt92t1TpoSWL18MUyufjaKFVepX5eitRkY93HrpNa,9437.941986098303,1127012,$1000-$10K
A5Yj1iznMKfCSsc4ujGershSoiwZNEqMK8Vj9ovBfMTn,9437.94068019102,1127013,$1000-$10K
5n9GHjezTmreppdaBsvtCeoXGA7gjwWDY954RXu59Scw,9437.938813803745,1127014,$1000-$10K
2t7Z4oafNNCHTRYYdteyzCX2xa5bbHJQCmj29cQTWcT6,9437.916535078175,1127015,$1000-$10K
6UzQhe9Jzvoy53CkWtCRLsby14T42tAg8AgLDaEE6pPX,9437.834172229133,1127016,$1000-$10K
7gbG7uYiqoSvB2EB4vdBC6pRkamAt2qbhBNqvx9Jgrsk,9437.824372973359,1127017,$1000-$10K
CmQdxxxNTp39nNvZE8SK1j7HfAvWRJpQGFEXDMU2LYxk,9437.821314042096,1127018,$1000-$10K
HpUMMdP1kCWbuCfHzqMGaeY9V58g8EWkN3nKYQBXwEsc,9437.809104576383,1127019,$1000-$10K
8DrZjgA7ZUUWwCgn4rAdpsWHZUcmvQrfp8kQYA7zY3Gy,9437.790810774493,1127020,$1000-$10K
RLTRKqjzwK7rHpwn9b5cKviZogQ3irpGJbu27Kqx5ev,9437.75536006739,1127021,$1000-$10K
4Xik3MMsdFyWLT3H6tyxMx4KKCvj2X78Jpp9fZKUEKhe,9437.73100247204,1127022,$1000-$10K
2aT5i4u6uHqVHVkW5BKJSR2pqESkhHtfXW7DJxZFG2kY,9437.703777618593,1127023,$1000-$10K
6wJGNenLtnhAuoMovA9aGPGTJJvujghqTDCR3HGuK9iA,9437.666348516479,1127024,$1000-$10K
DKyAeiokreZqC9jWfrfztVaVQK6Y4q8QNC3az925kwx4,9437.64463241012,1127025,$1000-$10K
Hsr3jV3tsy1rbcfbH4Ri6MbQuTM6jx5WtPfteD15xbVb,9437.644208449216,1127026,$1000-$10K
9tif8LvANuZWC3kfQS5n9AmsSejDr2nM7DiKLQh5X891,9437.641587345008,1127027,$1000-$10K
EvDVooi34wbACJL9d8NA3ze1eFWLdLT7zuwLPZ4t12NH,9437.633118363921,1127028,$1000-$10K
FsHbQtgnJb5owECwpHBYYioT9YhSvMXKPG7LBuSaFBos,9437.628441953575,1127029,$1000-$10K
3BUKRdby9prXQ7Kh3tCRMeSgzgHewmRDtVgEbfE3zcNU,9437.61454561751,1127030,$1000-$10K
DMSs6jCpxrFCYPR4PdQkUkdXryTyZenMuqffUK9Guhp4,9437.577940417861,1127031,$1000-$10K
3B2D4jGkwRfei9zxzQNhpRvqRnogCsapMZmf22V8bbxr,9437.573508514071,1127032,$1000-$10K
Aujy4DjYCCf58cYTpQ9gHkrMPohUGoiaqfg6wYLCnP5x,9437.55022811808,1127033,$1000-$10K
AwmvEz7pcapnChcTe8JVmGE8qN7iEPWpPuh9pRCqJ6De,9437.539149896456,1127034,$1000-$10K
CK9URm84gZm72vjMKPaNVDX4nZDcYAWKZ7mCJtBbkuvy,9437.536738401779,1127035,$1000-$10K
9Vy7htCUVwXaEs8rqbXEhZ9ZexWZm28h29KsKWvsUkmi,9437.47778920814,1127036,$1000-$10K
8N5qAibtFBQFv2CbX6ws3ft2EbdaD7Rz3gC2W5VqqNt3,9437.470817358915,1127037,$1000-$10K
DQqgU6QHbXEdFYPMeQt7m739Tr7RJcJNK6mVFRMgowjt,9437.402525015064,1127038,$1000-$10K
JDETwhF7qaJRmWYqZvykyhneUprcwhf8R9uxAAhKD1RM,9437.401431705064,1127039,$1000-$10K
4eVbf5m3gvDdZJgK1bS83R54zzMoyaYP3G5hDZWb5aPo,9437.38796448158,1127040,$1000-$10K
JBora6GAdZFTpabQxvSUxdEEbAe3xh9kxdiZix9FijgP,9437.344513297803,1127041,$1000-$10K
FjdoobP5tkC6BBZcNiBH9xRsZ2mZGNn6d1P1jNaHPpfn,9437.321616471105,1127042,$1000-$10K
GN32BxhfDtUvf42u7u9wii3bxw8R3JcrnhqJ7LcwMgxG,9437.313193062388,1127043,$1000-$10K
5f3VfvVwjbNkUuFQVCepzzKCNyAGdNbXVRKLLnH6U6Qz,9437.311576165435,1127044,$1000-$10K
7xRUUPBjraifUYaAwKrrjbx9EMSdiWhF41U7p5CAAxmu,9437.309405282545,1127045,$1000-$10K
9r1NQtczHhwWgzkip24ohxqzytqXpzu8tpMqzmKj13wg,9437.305264205515,1127046,$1000-$10K
E5PMtt6ozpr524KgEqyC7VuSj2mpCbaiVWdj64aZbihd,9437.290557772947,1127047,$1000-$10K
HhDGWKbxJWBWjDz6vQ2t8Rbh1c44zBPBWZsh2LkvjNnx,9437.28971040591,1127048,$1000-$10K
AyhEqZ431W6cMWMKBgwwkdFJhc6ZUazjDczLsrqkeGWf,9437.23535750379,1127049,$1000-$10K
AGeCsQad2UAjNf6HBg1BadAY4kYdvPYE9suHMydCFi3E,9437.169336721814,1127050,$1000-$10K
6fwgu6Ywx2miTC4bM8jJeg4UJMt3keq5YcJ36nJ63YZZ,9437.152362169383,1127051,$1000-$10K
C5JS3XbDe61sGu7Sdt8wei9to4AgRDFW7osSr8NRoNqV,9437.148884806576,1127052,$1000-$10K
G36VtcsN6i69aLacbDYZgDCvzSAzLiaNLck3fg3hXdYJ,9437.13868347409,1127053,$1000-$10K
BSACoxx2AVRk8ssAj1y18zNLCm6n35FjAmji3ESpaVLp,9437.1068796294,1127054,$1000-$10K
AK6t6UG6WM3Xh6eRS9eiHho8n5yem8HrBkDvm2VPbM2z,9437.082722795474,1127055,$1000-$10K
BMTd3KkA3AjAHNe4fGuEzSLYAcxuLCCY1RJT1HzLouig,9437.079364424766,1127056,$1000-$10K
6jLcLSRHSRUmawUC6XGbS2tf9fof9wycRzodijG7mNd2,9437.076541671564,1127057,$1000-$10K
H3jirPhhXrt6vgT83tdyhjevWn1DeUn8ehchf8vUXHJQ,9437.06624841095,1127058,$1000-$10K
3ow1KPtddn9fwR2fn4jKX2WKV3ji7Cb2r1vZhoancRm5,9437.05614065599,1127059,$1000-$10K
Ei31iru4jXXjwQK6iFhFm9eoWEhYZ5rWgmmDDPF651sV,9437.047862783738,1127060,$1000-$10K
A64tNm2659aidzpb45SbkQEyQ9qUJbeow5S2mAYGGN5j,9437.043195361497,1127061,$1000-$10K
3d9LAxQWQcHAuxepauxVjLVYuLTGiT7y2H2559K8Qskm,9437.015522532049,1127062,$1000-$10K
6GbQRAXzveaEGdoTpFCYbUM4MuDqt4yfwcgkdJESdEnR,9437.01401981773,1127063,$1000-$10K
5E6oChw2c6Rdx2JJ4JqEVH5WFDFGe5RFfJrkJk1y79mV,9437.011068984366,1127064,$1000-$10K
GEKdNJ5LcnFb5XjY9u6WjB3NQDGBU9eJBNPACLv6k2CK,9437.010682591761,1127065,$1000-$10K
9MMDwHcJcUEajvM2cjU1cVvdLiEg6yDEqo1GPUFHgyDK,9437.010426484574,1127066,$1000-$10K
Dw8c8dX7piPcoYrX84FJuze6Z9awS5gFjd51P3LcBLuw,9436.99074173277,1127067,$1000-$10K
4xVkxDvGniHgo1uswsmrbjK1yfqyCetFTCtSw3ug6cLB,9436.976663598914,1127068,$1000-$10K
2Y8iXuAnksdWHY6g5HHpBU45wCMGB8bvV7yxojGtmUeT,9436.973870005999,1127069,$1000-$10K
mKqA5fseCKFUCQWy5hZa88xEiEcjg4zUvw8rQ6FEB8P,9436.930938754522,1127070,$1000-$10K
GHH8W1m47kXEHpK2Gj2bcoLrr7hYjiEYGizvDokZe4iA,9436.921684805944,1127071,$1000-$10K
8JJJi3sVPMEFqFYiuoBMvet85Jj6FAZSwaLzvkejiBF4,9436.883579452453,1127072,$1000-$10K
DQ6GDhUWByMwm7FAoJddaLajkma8FcFTt1zd3Qj9JsJD,9436.85748970473,1127073,$1000-$10K
AQX27BJgk6CLtiveV2LhTWkVSJNFESvJMaRhw5UUf4Dj,9436.852816002389,1127074,$1000-$10K
Ey9iJstajcph26yNM3MDMPvcTmGvWuAp2y4EREGmTXKu,9436.849631478735,1127075,$1000-$10K
qnQQ3wgG4EpwAhUSDYwibGD3kVf9BKy6bwLoitK5bcp,9436.836969032962,1127076,$1000-$10K
24Qu8eBoJCgCTiWz5eQBc2qpa1MwTsqbdnt3t8B3csBH,9436.828347214707,1127077,$1000-$10K
5W1Rea8o17mYswtTisQh6ZAtEVCpYz1vkcYkJg5zLUdk,9436.821420899862,1127078,$1000-$10K
CedKeHhumDg72mFeMZdCWsDqrU4NYHHiHRfPr99ZQYwK,9436.758644175101,1127079,$1000-$10K
22T5s7HkdBtPS6T4tcJKE6seoZqLxWxx88mTFdYguNNH,9436.75802596216,1127080,$1000-$10K
3hZACFEH1u7t73Pe8XE8R9XX7nz9Ujyidkxsv2cS68z9,9436.733550346871,1127081,$1000-$10K
5kdWAJPkxK9EP2UFjebEBQ1QRuA6boFHmBVoqsc1LfhF,9436.712916037619,1127082,$1000-$10K
74M1uAXuyvuLYfCMDJpuDnP8KYusV5FdrQNea1hoGJV1,9436.70173132118,1127083,$1000-$10K
FCeCracYcSBW6KgXVH6rqmkPeeNV3FC6wAhtWixBLYcm,9436.673299600065,1127084,$1000-$10K
BfpQmPfb8n2Nj4nQZj9CmNCp5YCjNsbnCTQ1nTmgVz5a,9436.673065751573,1127085,$1000-$10K
2mWw6XnM9Txc1buoXhtKddJ9xMzsmJ9DnJJ59xwW1YKz,9436.645985640076,1127086,$1000-$10K
G6JbzESW3qN6Q2AULXGL1RFBY3egEw4BVKBvWwd8cKp5,9436.614055165235,1127087,$1000-$10K
7knEjrMdjtNZZwMKhNZSgdpckw6QmpwRky9ix6hmk5C8,9436.603602701009,1127088,$1000-$10K
6SyA8VBZY2G2Jqbf9JTVB7zFpsv5t9aCrUHV9zmZKCai,9436.600622994343,1127089,$1000-$10K
7JW8DoFFmgtPYsmeL6QroB8rQd14ntUidvcWJ7KgbaEZ,9436.574830504367,1127090,$1000-$10K
2xdwnuf2YeG1ieEXiJWk3arQnr8gzVAmze1ioTrPMWqw,9436.551109783839,1127091,$1000-$10K
4Z1tc1tCKtP2rzudo44UZoxSXMJYCrUjirkuZBTc2Pyo,9436.55090247766,1127092,$1000-$10K
4C37swmJpukZrCUDzXfJkYLrqptdyk3MMQMPkf4iJAyu,9436.5367892309,1127093,$1000-$10K
73vdD6drPEuuMg7NU92kMngJASX87HtXeE93UHzF1ZeX,9436.534800000001,1127094,$1000-$10K
GRncokEgzx5hG8xgXfAgmULvSHumuceZraqdeLJpC6q3,9436.506917023606,1127095,$1000-$10K
EzSzyhjnXjnWjfj7zJUrZMnFCASdgRRPkhXnmEjRajra,9436.488719539448,1127096,$1000-$10K
FoobNr9owjWkhVoXG2ZPn4Ay4S2Ns8Bd5Fc4yK2k2o4Z,9436.482329698058,1127097,$1000-$10K
49UWpY2TucsRwZ58MHFE9syLtDR2As3LQPdZvEL68xwX,9436.461597078522,1127098,$1000-$10K
9r5bXRumwe1QNuYbQK5ZkVHwFEdijCM9wKZHJhhiVrhC,9436.440543016573,1127099,$1000-$10K
HZzFJevqgrXVkz6ibaEz7n6CVTp33xmpWov2BrYW7eXL,9436.429034655182,1127100,$1000-$10K
EHkcbKboUZkL1iK8XvUTfSxTjWo3yUjeQ5oCRav8YeUi,9436.395137975338,1127101,$1000-$10K
7UjUnHSuTkKcMsiCN5bmGkTGEv4ipC8GnmtgDCPnAgHN,9436.37155528893,1127102,$1000-$10K
AcSPWxGFkJB8CKkZB7SErY5a2caqzVUKwY8BxFbKxkPT,9436.36,1127103,$1000-$10K
FTwCsMnS5HnoqPtqaWdFsB9M4yrgkZDntnJrZk2MxJ5H,9436.34307054035,1127104,$1000-$10K
CKY4pUpttbkmSvxm3cnd9PPnRdSeugNmFpWqFJGby5RT,9436.336177575336,1127105,$1000-$10K
9aeqkVQyrx8zPUZVcXX9wFgzMqYmsHyUJpEzWaCiSNwt,9436.309229008963,1127106,$1000-$10K
BEKgMF1bzRfA5br1cybvPQ5ufhtySj3o7E1zTR7tL4va,9436.29651808386,1127107,$1000-$10K
HRnAGNQegHAxqaskqziJ4gur6bWNHMz5SeVnY5YyZUfe,9436.284356653054,1127108,$1000-$10K
F6Ffn2WonQXM67o2fHUJLGwuoqpZgxm68QzdURu5SkSC,9436.239923967027,1127109,$1000-$10K
9JzoZi134GZJiUgnNsMa8Jm3eTSZgKFdVgGNeLMncG61,9436.239285584563,1127110,$1000-$10K
JCRqtsLkpGFVLAbMVD24GVf2bjrYDmwAsmEm2dohmvfA,9436.22494586008,1127111,$1000-$10K
3VMzYzepCTY1ZzvhtLUcAsGVPqX9JY7BmSRtTkyKy367,9436.20895146936,1127112,$1000-$10K
Fb2xWkDGdafgbSbUwqxjZng9XpYvaSfM9sgLGV2JBYGs,9436.200451214787,1127113,$1000-$10K
CEmjzXYWwaHA1dC58GDqiv9TUJK6bt1RcxpVLqTZX4K9,9436.193413485062,1127114,$1000-$10K
Eewp1eX79Ww3bcQhuh4Lzio56cGh7PeCk7XRoZpPBdeR,9436.144320884068,1127115,$1000-$10K
DcMFrLeS1p5ZU8ET33TK8UZwyAM13cRSiAd8eFQJLayq,9436.142870565494,1127116,$1000-$10K
FL2gVT1HfMydWV7EpJAAuY7n3pufWaHjMnD7pGNn89By,9436.12984846534,1127117,$1000-$10K
EJTisaQ6oEwfFyKi6r3XvuWsPqEBHkdxiHy45kLnYqrW,9436.103112800265,1127118,$1000-$10K
6MDvNDWDuHQEFU3yJukHUYgMmhGyBg8VRRjDG9sy3vDA,9436.086441660791,1127119,$1000-$10K
E5hpRH2xyCr2DP2MnMG7881riqGLix5fUyYAzNhJSoki,9436.0798006252,1127120,$1000-$10K
3uPFmNoNAAHwhcZ2okHusu8i8o2y5Sb1xFHhjoFeDyNM,9436.07045533891,1127121,$1000-$10K
2eoAMxeWmjMzWduSC1Xt5My4fTuDVQmEwtrN7b3PQnzc,9436.06252514993,1127122,$1000-$10K
4grKTaKo8pSEcfGXtppCi55x7ujUtuN7zCgSUwuJ6AWh,9436.041424433737,1127123,$1000-$10K
8NK7xzkLPUcFx4CesgUfN1BRqEpspTL89gtnz15QY3s9,9436.02238663851,1127124,$1000-$10K
J7dmCA6EUmrHANEedn9UcipU4jHvVnBZ3EmetnoTe1Bo,9436.012751803702,1127125,$1000-$10K
6zpAu5QpvWMJSGrn3utp4e5MBu8XjXthjQ8yc2zr13nb,9436.011116278643,1127126,$1000-$10K
J5B9aM2whe1qeLPmALwvwLGe6zidcmKEE7q8SxGTbWif,9435.996732816371,1127127,$1000-$10K
E3FMHH5W77C5JKL2NaAyvJ6b6o8RcSkFm4JNg3WrvJAV,9435.96582512143,1127128,$1000-$10K
DnrwJvbBDsYzKQzZPmYY32qNEdHkKzpHSTYueC6QE5ZB,9435.960436225963,1127129,$1000-$10K
A7kixjvtUyVvvt2YSuTuovRmLsY1sy82hJ14pt8JxxB1,9435.89901318451,1127130,$1000-$10K
5qiVj1iZQg2cbcunJ36F1JkeH2LMsjsXJeyMyRRkMp6a,9435.87747904621,1127131,$1000-$10K
8DRvMx4YJNHxn3T5Zr1yi1sKLn7ymWfCpyDcNya7qtvk,9435.877395034235,1127132,$1000-$10K
4y2iTo4zSD2ReJMFqwTa8zB6kU2qzzAk2cRrAZuHscyE,9435.83245295414,1127133,$1000-$10K
ECuRahhFkPgtRmeXFvsuhhFh3jWtoTVNNGpkHHA7AJwz,9435.803922309287,1127134,$1000-$10K
7KCJns5XdxebGogSFLDkPrcLDff195H2eSs2Hb5qk58s,9435.797508387463,1127135,$1000-$10K
3ztstJeWuxc7HEj2baEe2atMNGcpdoasYvjGrQrbmw2c,9435.75,1127136,$1000-$10K
EdoA8AfX9ijSLqX6FV7xzpQL3nwuS3SAGM9atJbADV9e,9435.738355154299,1127137,$1000-$10K
wC31HB6bCsndhJAEQP16gsGq3yfb5GwmgvPMMdAWPzE,9435.732573013525,1127138,$1000-$10K
diGQVYkqGz84Juqyc128vdrY5Mjz1apKk5bB5ZTE8AJ,9435.719967845873,1127139,$1000-$10K
38wohwGQuuLrf2jyxop6tEozaSyvD6Py694379MF8kV8,9435.716642698713,1127140,$1000-$10K
DNuwNCd383t9z7JpG9zr3Hby5TYozueAz4PZo332gRsv,9435.703265641727,1127141,$1000-$10K
CdBuBwoRXGcWE2XPXSLA7ynxmhAxJKTpqtCdyqBsAF86,9435.695310122932,1127142,$1000-$10K
BTfMKcEqaymNDfFpesBDkAB3dseN5ygmmwb8sNwzmpp8,9435.694724512876,1127143,$1000-$10K
B5UJgoDEYK5YbhFKmcJtnT9ir2NQi7MTkABYjduth7sK,9435.680286770072,1127144,$1000-$10K
EupukUhxZz1Ut8hXCVNEAeWbJKkNceq9ubBctLbjTCiN,9435.679307166838,1127145,$1000-$10K
BfradheWBrAFgj6BKJC39pScZ36huf7YbNXQuvMGKjzV,9435.666631222086,1127146,$1000-$10K
4Mcyd8HKz92VJQ1VUPSnSbGUcPax8Pay71pArzrFUvHn,9435.635200751301,1127147,$1000-$10K
GcA7rGUTx4k38G5K75DxYyLwpUuHLq24CLxjFjX2tRTZ,9435.626010062364,1127148,$1000-$10K
6CoWnsvrsHAdxPQJCfeGVHQs7im3LLqk3vXvK3tTRzBy,9435.550732482357,1127149,$1000-$10K
2vke3bMXqziHApmdwy2EWVnJCGwgXJvb22ku21cQwFtg,9435.539546244934,1127150,$1000-$10K
7DcVNWNSLii1G6NWB8Zb7nfqLfeVHRPCn7TnVXSqzoWc,9435.531708326565,1127151,$1000-$10K
HPqyxVmkFstmnP87MNbJhtCk8be3D2UqajCNw8EkdPZK,9435.498598703482,1127152,$1000-$10K
4bcsiqihoUVLWyzfZcc3MZ1i9dBwRMSthPg4ETb7fjFT,9435.466310323074,1127153,$1000-$10K
BWNLoY6n2YXGUcAmuJfnMeUnr1gaDeJKAEPrGFAn3XMG,9435.465913614677,1127154,$1000-$10K
Cn1kFu5WG8uvNsgD9yvmDKzh1xuh217DSdCGo6fUe5MK,9435.43888595705,1127155,$1000-$10K
excomXdtDV4AniSnnMRgW8NoaUvM8gQCnBzF1ijozjo,9435.422825934116,1127156,$1000-$10K
3MTeM9ppbtNCUZFZyJUDqXWdqsVeEekGnC6ayfdhd2Ln,9435.418558071724,1127157,$1000-$10K
Ew4pYXHK7UNTFugkUJA9dD6obSrgT1HBHQKWZyEG3483,9435.410398931192,1127158,$1000-$10K
CWnXsG3txWd5s5PFLgrWAkEtALc5otEmxVJMdZPeskyX,9435.40800718077,1127159,$1000-$10K
E1EiWFoAWghWg4LxVADNkYrUzM5rgra32VzMjcdJYLjq,9435.39410573245,1127160,$1000-$10K
BU7arL8tpf5sUGJKkpY43TCN1SaNtCMvZ4QbjwEznNvC,9435.390259880232,1127161,$1000-$10K
8fvQGHyWTDxRRzPkVCLj5o489JFhD3jeCyntyNqhZ7VE,9435.389622177174,1127162,$1000-$10K
EY4BCQ8o8pSBjfrFRhTt8797pMK2mxpuJsEF75YYfdxa,9435.346153139222,1127163,$1000-$10K
CHJEGvMCbsGBqJQMM11qBbFzCdeZTXjphqrnrjaywUFq,9435.330147556828,1127164,$1000-$10K
QQ5mUrE35JWUF8r2ox3cXjV4XCcefiNMdRF9T4xnXtG,9435.316002773616,1127165,$1000-$10K
9edG1JpB6ffb7NfyEJ4ZswTfMdZ9SRcUTjn8ttwaLzN9,9435.307000625167,1127166,$1000-$10K
Cu26uw54XeePHbetPxHoaZyjnezgThY9TD4krwijQ48k,9435.302580649275,1127167,$1000-$10K
GSmgLKJXH3Bmn3XqtGRef7ao9a7PYMnNwqZ5j24mpGqp,9435.298871083589,1127168,$1000-$10K
DLQfgz7wysR1q7iM1WZB6ntKDzN2oZyBmnXYFfqqmKdz,9435.281135508734,1127169,$1000-$10K
6BPawHMmivmKPck1gqsqgyoqXFeUJieRxbknFPqjgKHy,9435.232604302997,1127170,$1000-$10K
FZwA7JkoK5ZNb4jrgjF1igd6BwsXcRrVdD3kZFPfQCPm,9435.170364243768,1127171,$1000-$10K
Eo6QsFZroAL7KaDV93r9Bt2YQWCSkN48Zb1EgMEC7LbM,9435.148428734137,1127172,$1000-$10K
4R4pN1SkkNUredFW4YdzDYLLRtHuWPaMtydnH5Pg2EAH,9435.13409325144,1127173,$1000-$10K
6AZYzNarndUepDC5fgKv728WMwE5AxouyviEkQpBG55H,9435.093049911591,1127174,$1000-$10K
4Fa8VNPzeLj6ri8RXGYsQV9J2KSP3PnUZMUKWnouXN1r,9435.070443637955,1127175,$1000-$10K
FvxA5gvCXP1bYfMdq5RrUPNfpxuyGh5oxdmhf3swxbrd,9435.04937029555,1127176,$1000-$10K
CtAoitVunXqELUFEu462yn48H1n3iBYaWNEyiPXVji1a,9435.03740573503,1127177,$1000-$10K
8gZUiypYmaTgHRGcUrZN4wQPSTaBsEMN3JM9rGs5UZKk,9435.026984779497,1127178,$1000-$10K
DCgEwiLrV9qAWcg24XGWGr3yxcg4z9mF4sU11kWetvSm,9435.020487296839,1127179,$1000-$10K
EByQsKm4vwN8nFQSA9jdpKKPKMNMX4TQ2eV7cFdVvLGQ,9434.98655454692,1127180,$1000-$10K
ENjbDSaPe4jiBPCSynn65UPQDK8ftVtj6wGNTZdGBuFs,9434.958243646823,1127181,$1000-$10K
Bqvze5fYrw27t7fPbUSxdLP8mNxxarU4QwdPpeqq6w4g,9434.956869837742,1127182,$1000-$10K
EbGBhyo2ytSwfoUmj2aWSUTeV67w8Y1ngpJknvManUUZ,9434.946687200909,1127183,$1000-$10K
fksaamrYE81CCjhC4Mt8n36ZvySYnKngq1ZRKpor5RQ,9434.918782590245,1127184,$1000-$10K
7HcFFYhu2eTUvrw9MBLfuagPYCn9FVeLY3Kv1bbFgY26,9434.913564913139,1127185,$1000-$10K
EEDEqRqXjCKWgF6RpL9Am7idkHDunoMmS56ofPhxvrko,9434.89114262182,1127186,$1000-$10K
6ZKbFiCAmnsgeR79WvVpf2Q6h6erPJCbVWi9MKhsS5fW,9434.889972663961,1127187,$1000-$10K
8cFiC1a6R7PJs4BuwbLmahSRroWigSWEGE3f1XijCxXb,9434.874911879793,1127188,$1000-$10K
35EN7Xan6ujtdsyP6vMsMkYy64HiJm3UqYkM3Br9ckkT,9434.86998960482,1127189,$1000-$10K
GcAbv4pGwszgWTU4cBhgBxpGXs8Dk7xzpbSRV8rmNVcn,9434.837540718008,1127190,$1000-$10K
J61v8ECrP73uFogwGM3DegB1L3eUZQfEJMSJU4EniLoQ,9434.836368884422,1127191,$1000-$10K
6S5GLrCymSYp1F1TgXWHRCQ3KnpTxt2kenufE4r4PyZL,9434.817590526058,1127192,$1000-$10K
EeMvqBp4o3Win7kgQT5YafLosUp5tAvBC5JmqE9mzLVN,9434.789686377475,1127193,$1000-$10K
J58sRC6pZkE7To5e5nBKtRfybawrgZd38okMBEZAbtwB,9434.787242141585,1127194,$1000-$10K
8CvusxdGrbrQgKJ5VxmBZ9FW7XMsG5kBqkuUU1TEGv3M,9434.754144669105,1127195,$1000-$10K
6iWjVC1PqPbwTvhTbLspiqs8GztnJUTYMtZyC876GfBb,9434.747521369394,1127196,$1000-$10K
7VoK94XXaXULoQBRXBS3YAvQwR3T7GZwhiwFnqYpPN22,9434.699663091145,1127197,$1000-$10K
DE6mFHnEgJbH8zYE9y3E67sF2aGq56gjDRuWVCVnFdT6,9434.687780920087,1127198,$1000-$10K
DYNcArgjP55UTSxfEv6BZnJgniAPTZzLLXmv7n4FbKS8,9434.664210716728,1127199,$1000-$10K
8fbi2w6Q9v38A5kYBpNB74AdkfafjoxeJD1Xfx14BE3w,9434.655085909551,1127200,$1000-$10K
7MHCkvQfNfu1QMvzQQAnhNMwkPZLJExYybLTfsgzVZdy,9434.6397608785,1127201,$1000-$10K
GvSQkHBYGSfxSNEjmht8MgGTN7g5ERMVYthR54VUsNNw,9434.63101408514,1127202,$1000-$10K
8GtuCCCLXMDYqcTeP2tf4uCLgyV3MhtswhH4UD4ccKp8,9434.617473180162,1127203,$1000-$10K
J95aQajEmGMQKyW3gX36WQ8ffsBtK7sSfiHNKfzGNVeM,9434.588454043804,1127204,$1000-$10K
4yTqCRdqSEDeUW7coLF14BV47KyF1EBUX8u8ejYWamKa,9434.580874891817,1127205,$1000-$10K
BB52PR6sMumoFbn2FEg1u2U2vazZHLnxRK5FdDYNGQkh,9434.572280507753,1127206,$1000-$10K
AydUBmGSa6ea8ciK4zWtM3o5AdjhCmfKmqdprNZuPfux,9434.559923843011,1127207,$1000-$10K
RMnaAP9uwLRBJS3WbDmo4TKjaJjoXwzAV8WZdk5B9eM,9434.547455335363,1127208,$1000-$10K
HUWXHTGgtjWwKKKMDunfLmNiaUJfbjbBDXU2xiaTpAuM,9434.546008794563,1127209,$1000-$10K
DM9hThvP2d68X6v5wzVCiF82Mbu2vKgz9sgAN58LAGUC,9434.532719488647,1127210,$1000-$10K
CQDyrwiz3FBBrYJyaeqCxjGMCvsa7cR1h6j398F3xWqs,9434.507789389158,1127211,$1000-$10K
FPe2r6hPtoteaKLdGMKf9a9nzabkJpizDZ1JvUqL7jsL,9434.4962388974,1127212,$1000-$10K
GhymWZ1engAfBRv7VbbVpbEgPCcUSnrroAadFhoTpGRT,9434.4586598923,1127213,$1000-$10K
Aa3hyzojk21MXHsk1fm1Vm8YNzMurAJCxdgkjajx6xUf,9434.437983743757,1127214,$1000-$10K
97V4QBtoHsHb1KFhKrjvWFLeVwttc2Ltim9YtsNcr7x,9434.379995634117,1127215,$1000-$10K
2SgNxEA15qn9w5gPVtNWpiUmVMEhTEaxJ2VZeqMd4Eq8,9434.343127937995,1127216,$1000-$10K
FuiAHpqqSGKHXs5sXj3fVxXFqRdJCpJ1LJCCf8PTVZPm,9434.342092133675,1127217,$1000-$10K
8fbimeNHP5kJw8nAg4ENVZ3wYNNCtko46sWSvqdcP3K,9434.338660121999,1127218,$1000-$10K
FwSia44K1spz5opfNJNSBkTsZVYJx7eMxLcuF6YM7BPd,9434.336785595,1127219,$1000-$10K
CGgYq85A1vinqWpeJ7tgE6qkwBrgQMg411FVkCXL8pxu,9434.318378889975,1127220,$1000-$10K
EBZKDUTXJM3mb3vS7ECtN2s12ZZZrj6Zks4BA7LRtrHm,9434.30046695578,1127221,$1000-$10K
EManz42WwcYWJk7UMdkb1CWmBt7eoyytCXf4D4K4XpwA,9434.291288230612,1127222,$1000-$10K
DrbNWW7k4SSAapaQ1CxUNz9pYbT7grZ5EFVbjiEYddeP,9434.28584907142,1127223,$1000-$10K
6rpx42WYrUbwcgw8UMu5bq4UECpnv91o6afuRokjgvTa,9434.282521652534,1127224,$1000-$10K
46gVkUBJ7hcEjodCKD3KHVAksf6untUXtxEgqCaVd4AV,9434.269821046806,1127225,$1000-$10K
6vAs5F3gx29cpZCwnXP13VbZJBRd2PYgSAc7oytGDTo6,9434.25511788045,1127226,$1000-$10K
F4ZWSbPq1wZNxpZWMTgEBXFDfjH8CwjafjKUmmcCjdQs,9434.197499602631,1127227,$1000-$10K
7dLF9ytKSTAQBZPo7A5kNmLDyyNM5dRHoj8pENQ2X9a4,9434.191299235681,1127228,$1000-$10K
AC9u81oogxisjDb7cH61EZXVwW67VeGgku25azFuBzj2,9434.180123314558,1127229,$1000-$10K
HdczycZutsuzXPVpTFnwq5LH6i2trqHAdGPvkmsanos7,9434.164589318263,1127230,$1000-$10K
5EJGrDQYGUfjGRdzYRW2LGDqgqsaCzDUfTF5PGAQpLUg,9434.154644505801,1127231,$1000-$10K
Bzibos3zjghDioCtmfvVRQbMJtpmjahhvMsUTpSAYaKe,9434.14982376876,1127232,$1000-$10K
5TRTg8R3DBn5dpgL5m9Wa2RGrtXjVyuiA4PSedkkABHC,9434.13491344911,1127233,$1000-$10K
ELxUQkWLMBCoMatry9qzQR6RHiUYmVndUpmPwhZ8PKJK,9434.120830767803,1127234,$1000-$10K
7VQTeZQ5iH4vwiBWWN13pcztN7YhmXRNxuxbo8N2cqEF,9434.116234557572,1127235,$1000-$10K
2ttm7pkutS76CszVCe8D689mQpUfP3pyuLpksqdhxS5K,9434.07917563575,1127236,$1000-$10K
Ae1yHmF68uYTMCyn37oj2f6zDuKdnUy7w8GbSMqTPb27,9434.075935634657,1127237,$1000-$10K
AmYt5RsYWXHty1ETf3EHeaBfrQjDy5wi7HVBCNYuFu5P,9434.06636308425,1127238,$1000-$10K
3MtSgrhZ2EfBivmdXL62bauPjwUhSELixG4xXyxcHkEH,9434.056160930973,1127239,$1000-$10K
CznL2PBjSWkzztQfNTVQkRaDkb6Tjr4fQN9RPbTtqoSM,9434.018166209413,1127240,$1000-$10K
GXfXnJysCgNXHvYLM9ew8tPbG66q4V7XFoQU3Rnw5vYg,9434.007935809474,1127241,$1000-$10K
6Un1DEbZ5v66kEoyUukER1uZ2yu1czA3GXDi6ZgbxKt9,9434.003098412952,1127242,$1000-$10K
V22MDhwdVa7ZG2vk9zpSzKdeZJeewSK9ugwXZpwdWmJ,9433.996794464154,1127243,$1000-$10K
E772asUxwjrGGh5eyT9mRcNwrmMLQkSg7FjxsHfjgcHS,9433.979827742283,1127244,$1000-$10K
8xcd2ctytkHn4Xj6FYCz8XycSWngWA8ic4okGXiPZMa6,9433.969577213004,1127245,$1000-$10K
Amgb4apcLzj9iDML7EwB882ufGFWjKQHstCusF5tUNtZ,9433.956063754165,1127246,$1000-$10K
FfaKcDuo9U9oXsWoA5Zkem61vZsGam4F9PeCNmoA3Yge,9433.955462841725,1127247,$1000-$10K
4EB5RXfobvUuabyLAu6aohyz4port2WV1rcYdjocUnxM,9433.953406382692,1127248,$1000-$10K
F95TVgBxuq7Cg2G5Y6EUk4YNbdxSNPkNzFa7gSSLg2Dr,9433.94980425464,1127249,$1000-$10K
4fNEu7ZPLayFMi7cagkSx6uLHtPbbrEqGgQgazTsB6Tm,9433.92734537613,1127250,$1000-$10K
CofNbjsk8Ag2ieFzRPwJLTsWNqabeYjXhye1RCfpFZbm,9433.912295232965,1127251,$1000-$10K
F5VDYMuTjDqphkUDBhbb3kUH53vAowUn2UgwomrmaJ9w,9433.908121214776,1127252,$1000-$10K
HvXVTC5TgdcxKxz3univB6CT9NNDnhnbkpkyPEneZnzp,9433.8538545214,1127253,$1000-$10K
DuU2xHyZSWDcttsFWak7CvUuZPtyiEF8mvi1MChRsdKE,9433.830219731079,1127254,$1000-$10K
EjtgFFH9tQgNcvRczsZak6Rcq3wDxMgc2aAX8hQYBgG6,9433.802305522524,1127255,$1000-$10K
4qSmi9dNWx5u8jSAdEHUF3zBUzGTu5pfJXB9C4Dp8FCK,9433.793954239713,1127256,$1000-$10K
9K9Xn5pudMDVKufi3q8ckQpG2C4U8wGhVwRCJgNBC4Ke,9433.788144549173,1127257,$1000-$10K
GMgFf5SexZmuxKVAmUUQbgiwa1GTHwCVVpVriJiru9BP,9433.785144697116,1127258,$1000-$10K
G6yTVwMTstQKfAP26j4ZajrLSc9sfoZXe6P9KkdzoX7M,9433.784848366466,1127259,$1000-$10K
FJ8K8fNiwH4QDGQpFk5UCDGvhzS74enoHuTENNDnWnwp,9433.757417852084,1127260,$1000-$10K
Epd1cYfAkpbzUtMQbbGjGN5CdiuYwYxNdcMeN3nixTcp,9433.742393680775,1127261,$1000-$10K
5aXv1P32rq1Zr5Z8Wmc6uKXTY9DD7YUdYugonNAgM6kD,9433.722740503084,1127262,$1000-$10K
Cx9QJ2LZwHrA8eTZMMTTYsKM4w7Mt3JUAbGNBEbKk84t,9433.72197953869,1127263,$1000-$10K
62dNwkj51MdSkX5T28K944pgfJtt5VSyDBmEuR4UzJ58,9433.703313402873,1127264,$1000-$10K
BGiKANX8zfSSSFDoSuvRzpr5avPKzuzg67hxPpP52wq,9433.686635170165,1127265,$1000-$10K
uwYmraKjrgbL8PyckSx1MPChdNNqoZGKNNCMbLSM57M,9433.685712460187,1127266,$1000-$10K
59HYsd1LmqU1g3CaawocgGHESMwFmcNsyd2A7VRfVcyj,9433.670375829744,1127267,$1000-$10K
7HMG7xLWYR4wrZmg7WYiKwicyHLL5XWcgMaNgA4cXDYP,9433.62989264062,1127268,$1000-$10K
CG26Sz4Qvzxa3tiimnNvs9arpA8fd7iSs8SJHRVixU8c,9433.620175025437,1127269,$1000-$10K
A5cbY95QHcgFZkzrbWgEVjUYe1FpoY4EZ2cGjKWAoUjF,9433.598304163486,1127270,$1000-$10K
6AdDP4phuGiNLms3WmYTPEpF8fSUoN8bxckdvUM1MHjk,9433.59727733338,1127271,$1000-$10K
J6cFqWuPyty4tCw2hVzf5BAEzCAuSg24vGvia5Jocx4M,9433.589840267385,1127272,$1000-$10K
7G5dJV2MjFGEUyYGSbQjcz7ihAbKhyeQpuTaeECwjHu4,9433.557881076025,1127273,$1000-$10K
BQy5ejny37hxiLcpTcEz9voPsgavR8nJJTGZXPW4NhAE,9433.55576599699,1127274,$1000-$10K
wmb4rcMwzkezYkzmftmkabMfxKRdrqmCfoSHQq9R3VS,9433.524948372364,1127275,$1000-$10K
7DzF21wqgZ8JpgZELUA2SZQ3ALVJm7xJhEUZfcDz5KkL,9433.524224377428,1127276,$1000-$10K
CAGm158rUa7nndt4amSSE2RA1ieBFuV1qZwvNXvJ2RR8,9433.44932936214,1127277,$1000-$10K
3DzoT2bNzKhrpD6o2bR2ccxThWxjVrfSMwtdzXZehXuS,9433.431133606118,1127278,$1000-$10K
2hsMnjwD459cxjQpvXaNawPYLpJe2Qe6Kcy2fwkwYGEn,9433.407013815986,1127279,$1000-$10K
uU4ZPWBA3yEDTQxNYT3orc79yjz4XTecSLUfASWu5Cu,9433.39681432828,1127280,$1000-$10K
HBy9T1unYQbeK67RjxKZqZMyt5kzMfZwDQ2p95CXJnTR,9433.364960385949,1127281,$1000-$10K
PNnnEDFoavZ3tKY5FcqL3aPfbx4akUMDbUD8TZ73gMq,9433.333076638311,1127282,$1000-$10K
2YHupm8w7kAao8a5eTfCS4ADkzz5UhK8jyq5h3AekofW,9433.330089798475,1127283,$1000-$10K
AvW3EcRDbREmvB1nasRDh6fLB3KHcTcHmkJt1Fip4Jow,9433.297,1127284,$1000-$10K
Bw1SLHwm9hpNzZBhGp1E6upzguiqhLGpX7vbBn969miB,9433.294797172384,1127285,$1000-$10K
EmJNbdUff3dKSzaLLW5R1vNjGte7JToSQSqzjigm44GA,9433.254662509293,1127286,$1000-$10K
AKathFmjE4j64LauQo3a1Tc8fi7XW2pEwnFHMaKZHsnw,9433.21395722717,1127287,$1000-$10K
2xcW37kRd8YDvNkcpuKntxCmAg7UxNmoapK2KgbLVNvN,9433.21226392328,1127288,$1000-$10K
2C91SyWr1wqr4dFWqzqff5WCP5Mh1M1zXfvT4oKgBJWK,9433.203630764694,1127289,$1000-$10K
EAKgQqnZk6Zqsxb9adWnQHFh5po2Xu7i1UdKTzyfm5tV,9433.192353639291,1127290,$1000-$10K
HR1SwKSAprTu9t5x3cGrtWS43tNxFyqWMAWmt1jb3NBa,9433.12907337903,1127291,$1000-$10K
B2Yg1sCJmd2srzDB8e9oS66SDLaDLtDvSHpjCQiCFbfT,9433.110349232482,1127292,$1000-$10K
C4cNeLY1cPhpXFYn6tSfv5BjzShvMxBKMk9tA4575RCv,9433.103951459125,1127293,$1000-$10K
4CXATpxbwTyzFJrHNkpYihPHd952ELE1RZJqJE4HzWxM,9433.07704616038,1127294,$1000-$10K
G5N62hGhvcPME1tFpQfVENR254LthunLdG76PkPAsaQS,9433.04739393256,1127295,$1000-$10K
EpdEFRs21cnT8p3xLYzVS6KMot7CYnEvSo6FBMYsd81s,9433.038886550226,1127296,$1000-$10K
HoFMd6My7fLF1byrPHsVb2EeAjM82MDodzs3ZUCWkcNV,9433.007301431526,1127297,$1000-$10K
7FwT3aBC7SiVqMtcrrGvthQz7YYXG22XAxcmnsoQjPA2,9433.00238552523,1127298,$1000-$10K
DgUgb54UWRoZHC2TT4Kv97nNQTvjiLpuir5B9KvMUXsY,9432.998556760154,1127299,$1000-$10K
EyVQbpQepSuRsky6xqqmVTZKKiVdKaPtWLadCf6YLeif,9432.953082125467,1127300,$1000-$10K
42QdkHKHpwo6x2FAe7cqXF5X3bLb2z3NcVNZ1kF7uJPU,9432.946532604888,1127301,$1000-$10K
DDkj9VLBRYf3bfhJMzUUijzBT9sSeUBkCWfBNF77R2Xe,9432.9414923174,1127302,$1000-$10K
DYWieD53h6joaZtBT7kKsbaHwF7Ksm56h8sMGEEVfjqm,9432.93666503118,1127303,$1000-$10K
4njWwRt3g9RMsFM4bPNPTmwxhaai5CxwnVapfYnZbpjb,9432.92109153565,1127304,$1000-$10K
8tW98aAR7QpEWj4gNjrN8bCg9mxXFb9hPCgh1eLW4mUv,9432.92094233386,1127305,$1000-$10K
2SpmQXKSpZJamvwVoozXKbFNjj6PxMtFzoYWzgecpE1d,9432.896745415417,1127306,$1000-$10K
4fcXUFAYLZSmebR8vAhugFrd82MSMbWZA1bE3rpJpsdK,9432.878158358488,1127307,$1000-$10K
G4T9x8sG87qbZKzK9V7FPym6vokC3uLNgHrN5wJeoQsu,9432.856199617132,1127308,$1000-$10K
GusRkdzHFuMnDX5rd4AVEBopi3cys9Pr69ZQ5GG3Sr6s,9432.84507303576,1127309,$1000-$10K
GnRsWo9ysHTkDzGUf3yEYxPeX8iciZaHto9GCXhmef7N,9432.797786799909,1127310,$1000-$10K
Bu7oGbv8ZcswKGTHdkRZSdHcD6FVN6DkauKuNpTX5fXm,9432.787754769868,1127311,$1000-$10K
HhwkFrL9nApXi1mYCnosNSKThFD9V5AnBZH1yHs12U14,9432.744214154825,1127312,$1000-$10K
9EB1w3nfdRttVtxTCeRjNtmxj4xiQhHNPmNRrXvGKyp9,9432.719143572345,1127313,$1000-$10K
GwGcqZf7yog6eHMD2ad9Um3cCP6RXrzDDFT65yGnzHzg,9432.711637194934,1127314,$1000-$10K
HRGDZff3t5nvJfLDD3e4WLHm4NH9Nsfh6W3Q695bpA8c,9432.706486596591,1127315,$1000-$10K
46oy8rXeyUrN6oa18NZjuAi1SiKPmv7yyCJLMaHJCfGx,9432.70510684631,1127316,$1000-$10K
3L6Lzg8GWmpj6bNYYDgJ8cc5uqssZLMGzm9dNZ8C2wgY,9432.681654929576,1127317,$1000-$10K
8TP6E7vccfC158rw6q72wCwkFctKipx7t8TBtr97MMxa,9432.667240610985,1127318,$1000-$10K
HsGnrAQUUtLXZD44obv23XkP4tQ6X4vtBTBihRMchN1N,9432.617078751096,1127319,$1000-$10K
FMA3ZGzUftvekU5AQ8zr27XPXHN5uG7gj1BQ6AVxVLCT,9432.60673731625,1127320,$1000-$10K
rKGKDnqZEY4y4Qz7eNWNjcQ752rYKFVqAm1wpV9egvG,9432.590906668369,1127321,$1000-$10K
AybJ6y74t4gS3Bh3nMSxrif5pbbCG7sgTfzCpuv2p8qF,9432.552781441882,1127322,$1000-$10K
HEUwqSNXZDmRvUHdCuqSTrypMGt2MnNxS8RWKihUHusv,9432.541303035829,1127323,$1000-$10K
9NS4Txp3GUqdPiC3hGWxC4622e8bJsTu3mdRYBPdwm9r,9432.493183470302,1127324,$1000-$10K
E1o3gfmEEY3z4Twn2L22rJZW5REE32RAA52sDG28cDqc,9432.49135927562,1127325,$1000-$10K
2e3Szr4HNTPSuBrG9L7edaVeg5Brv5XAfdsPRMUA6d1V,9432.478289848863,1127326,$1000-$10K
HXrcmfQmZN2Hpe75kGSo5cBG8DjzhRUv29wYdpLHyjuV,9432.441986544743,1127327,$1000-$10K
UusRvfhB4D5vtjRe45RnHt1Y2Q1PX9m2JHbVWKaECVM,9432.418106634033,1127328,$1000-$10K
4FL4K6jnb4hGxd6LxB3x9g4UXK48GXK3pfQxoFwoRjnn,9432.415,1127329,$1000-$10K
F9z4Qg2BsX84bDhsCkyy7CrXkgwbp9Ji1BFezrYXXWLo,9432.405375843151,1127330,$1000-$10K
8Uac2tCPWdnyh41MvxmevUJ7133rXf4bq6KBoLfUfpPN,9432.403079544998,1127331,$1000-$10K
GZhWLcspd6GWmbgMoZQs2GQfQFJV1sPs6fWHTbgxgSUn,9432.4025045113,1127332,$1000-$10K
CcR9KaimUwYggycWZ8SGuLAnchekcNmvoCycGQ5uNDfF,9432.391678648346,1127333,$1000-$10K
5BSCZDfx2dGvph5q54vpYADiEvfwi6BV8Rpg6S1VoKCt,9432.367831608468,1127334,$1000-$10K
GW6aS7AJzP7bRi8pacKPA3LtRCQLJuhrrpi9apA2uLR4,9432.349985554833,1127335,$1000-$10K
2mCHbpXr2rdwk4ZFkSmi5mAkRQnbYUr4X2vufC4FyYgk,9432.328427868788,1127336,$1000-$10K
3CavyGUWAZycJy8bAtampyFUwWuWYBLoeA4kqxNn7nX4,9432.305289231834,1127337,$1000-$10K
EVWNeNata89ouncmQ6sMX1wcZP6UE7fJLqHUBMJALEix,9432.28988235744,1127338,$1000-$10K
GnUKr8ySwxgZzgEqCjD8g4X5uxrhuwYJKNEtpw5P9PST,9432.287619785606,1127339,$1000-$10K
5FfGgJk9ujq44bYNamimo4KFuDXZE3epp2HeNMnvs67R,9432.263545398051,1127340,$1000-$10K
2CzEk16gCTBLKp3FZHHXY6Kyw65Edv8kh2UDKXHc8S7P,9432.25094621985,1127341,$1000-$10K
3TpLFjWded6snxdv2vYtdLjuxGGGFdrRjaMrt3TEz2Bm,9432.210496793214,1127342,$1000-$10K
8B7gKnxLLy46a3xHd4T4HWfiuSKKSAocpJSnk79zqvTh,9432.201397485,1127343,$1000-$10K
GAppgFz2xLB9jJ4gSZ6GofeozPyA4rA7fVcuYxTcACP4,9432.201375611392,1127344,$1000-$10K
D1LXHZ8UfbNBTC42cfvhLWZjVRT6dGKPQGRndAjBq5ay,9432.191548477029,1127345,$1000-$10K
3XEa5hJx7MccJND2rWNhdZa62QEAKdFXUcRZh7bePdTG,9432.128992431213,1127346,$1000-$10K
Hxmu4WeaaiJEQdduxd23Z3VTz8z1EkUFPQ1woHWED5pL,9432.122310467297,1127347,$1000-$10K
H2BPCFcHVYdfT3D5RNnjf2UbsxKV6aMb3ViXnzq2TFzT,9432.116411060135,1127348,$1000-$10K
F3Vdzdy2fSt1MoFwnrsEMirBt1pSFGvZ9WER15KwQVWg,9432.085950320128,1127349,$1000-$10K
3cx7AMEtw31hqi7bSQZHCPeizhmnxpjg7QEKEni3vcxg,9432.072233444253,1127350,$1000-$10K
2tRy6HE4aAr9ChBDCSZriMux8KyM299wXTGQezjBhtGB,9432.015972225994,1127351,$1000-$10K
4CfvcWY7ki2PhMVq39UimcdJGMzyj1Q24RZfav5mEsdB,9432.009281553266,1127352,$1000-$10K
EBKXpZPHfdJkyyX9qKuH9ckgmSEQdxzJjzGX2kZFq8y3,9432.001100887304,1127353,$1000-$10K
6cL4RX3Pm9fNTfwQEFMjd4Qd6ZcExwpZaEexYHfnEeb6,9431.961493803869,1127354,$1000-$10K
BDQ4NYqdCgNTwwmgPJBthEpvm1EZxzcDEsy1iDPFbe53,9431.93606464026,1127355,$1000-$10K
6w3t6HQyEsYVE5CoKud9WSgXauNATccusrqpwYPJojfM,9431.932522919205,1127356,$1000-$10K
hzF1KtQqj6c98DzbGWSRkGtrjts9Q9Pswm5zYLzDZ8U,9431.920786886074,1127357,$1000-$10K
Da3MK6NL68KS2Pb83mDZdqaBJzYa1AbxJY8B3Ctac4Wj,9431.911875899756,1127358,$1000-$10K
3bN7mPGZUPgWAuH58VqBAdQMfTuWgo7T8xgSRj64QEVA,9431.904152657025,1127359,$1000-$10K
BHTgrhQcHHfHGDJkNLgenD4eZTWTeycGXVztHPdCBxYq,9431.899635980379,1127360,$1000-$10K
9DzEJoHvZH4mMS8uwKBNuDX74x3aVTa3mUvc1uKThSQf,9431.883134217984,1127361,$1000-$10K
CGbRU3aJ3FZpBkPSA57YqafwJ7mRP8T2hoKrxe4u59ZB,9431.853600348462,1127362,$1000-$10K
DBMGdcYn6KwaHEnBwoRHfLgS1B2KAaPVb9H589KuT8D4,9431.850758692459,1127363,$1000-$10K
65B9jsvvAtU82T9jqQVGTJEQSNWmyBdCgMBMebphfedT,9431.849964490752,1127364,$1000-$10K
2MsHiKcD9yYmFGuBbmSCvVi4wK3hX9AKPCNBtsNiteCY,9431.840915140589,1127365,$1000-$10K
6WPPuJK2JjdymLL6Y9ZN5fX9p8JB4WnuA4tms4XVQcnX,9431.834829998852,1127366,$1000-$10K
7MaNB39swLDTGafMs5Au2PDUR2XEtGPvzooBLsfHxoev,9431.825644155153,1127367,$1000-$10K
HEbVpg1LDNEup53oDSQbLDk4oaE2Aw8RXEfLwhpC5dAE,9431.81379245414,1127368,$1000-$10K
BzZxyBsrhHU8smWL76SSRE3ABuRCQ3Vhx56AN9YnHmRn,9431.809149680481,1127369,$1000-$10K
aPrZKc6zLCNYG9zQGKteX78Gcjp856TYRn2Gv8tEtKq,9431.78173717888,1127370,$1000-$10K
8ZaFxnkC7PzZVtMtKGH6jiwsGSj2sDy61w7j8MhZ1sqv,9431.760635125616,1127371,$1000-$10K
Cnx5DVnZHFu3aB8tFV1D54jnEsoWLNeC8e6B2fu7GQxd,9431.718095281658,1127372,$1000-$10K
Gi8Sfxxq9tP7K1bm8fkpB2bKoithyXxzrMuxArHJRXJe,9431.69632285215,1127373,$1000-$10K
GcoNT8dyyYV6L8LaiMprYw6LQZXUGxvWgLE9mFRmtprf,9431.69065105838,1127374,$1000-$10K
FcyECLpHKzQJkTUDcT3wJwDMN2YkydmEFqbT8myJf75z,9431.66355208558,1127375,$1000-$10K
6jJRUiDokqY2zHdGQBNsCzEZyCfSFdbUG71HbTRNWcbB,9431.661167142925,1127376,$1000-$10K
EGuc8soMRWSPdCuCkxcNH3zrfCZTVbZXksR4KrszDsHV,9431.578591489804,1127377,$1000-$10K
FjFexRTMvPDc6HjSrrphLDDZa14AFww3rg68yHkaKkKk,9431.57729656364,1127378,$1000-$10K
8kndL13xMMhmLHSZuHAs4MWBoPKLX1Gxp4HBgKNa3qJZ,9431.573617314825,1127379,$1000-$10K
FGUGrmM3EFDd6JLrtwC32ZSs7pQSrCnKQzjNgvTubRzA,9431.57222608829,1127380,$1000-$10K
DbdU1y499JdT3JZvoJhKQj2pApSvRNjM9wAheK7JkU4d,9431.571693903063,1127381,$1000-$10K
HWUZHLzexAfXChQ19emFpeDK1bSJcYJwUE69riD2uDG5,9431.556227570016,1127382,$1000-$10K
ADmmwt6HET463x2ktjkeeDUyJGucadGEdVdyx5wrgfjg,9431.54408682087,1127383,$1000-$10K
AyG5oFu7eecS5hDX8p2L1XpZGiSBe6stWxghNJi5demc,9431.539283362772,1127384,$1000-$10K
5vFW5TWcNJitiHwCqDCTdpwGkANB4kUkAYx7CBr7djiz,9431.524034806378,1127385,$1000-$10K
C8GbZgjjXuqz2KBrzEKqFncTg1vjL7BbebSWGQMPYfNz,9431.522142055572,1127386,$1000-$10K
Am6FU3zfx7PUDtaz9j5Nq2hishdNv77jRffWgjXUruEP,9431.511078136968,1127387,$1000-$10K
CcAZn7YtDui71Cmzae9qtjhbL5ktJW98etZyGUuYxRht,9431.47809125074,1127388,$1000-$10K
53q2fzCfK5BmD8ceeckpowgcCefoRgSyvLpsMuwvdg2L,9431.466686437749,1127389,$1000-$10K
5tDkBeiwY6TV1jLt9dieKNWGG8yrAWjV1RcWpjeLYntC,9431.45289307394,1127390,$1000-$10K
4CmP1kLgDAJFN3z9TLgXmVGUBNdEJCeHwZNFAj4YjyGc,9431.43542192628,1127391,$1000-$10K
juDgjJzav3N5sugHbvHt9qUdL3ddfhAfgKhVQvepgE1,9431.421394467992,1127392,$1000-$10K
zEuKp9de5PuihtDteuqzAMLXGQ9LKfsaddRKitkw13k,9431.367204781425,1127393,$1000-$10K
EUiRi894eayugoBYtT2TeZKqxsXGoKvxHD2BvRnk2Tfh,9431.346860813292,1127394,$1000-$10K
82K8WFyZoZwTbWyEjHFzhJHZ1kQCQUAPpTSJUBSCRYqZ,9431.336246617022,1127395,$1000-$10K
nNyyT2b4NCewJ9yxFP6aAE5qwxjwy7cuqDhJ2L86Awy,9431.32116636503,1127396,$1000-$10K
Fr8RFTXeNuRSsap3jYVjxUBso3UMSih1FKurcETgksR6,9431.313427583285,1127397,$1000-$10K
J1w51YkkkgFPtiPmwSwssMKnYp4MZPMsvrb87Jid9tQa,9431.230895691022,1127398,$1000-$10K
BSYVJ7yPY2AgH4qFsbJbWKJa697CaXFdDVcy8qLrsx13,9431.23070009829,1127399,$1000-$10K
CRDYyd4d3MSfZzpJmNYPVSx37yDQbdfLMTfZdFn1C7fv,9431.188516742823,1127400,$1000-$10K
3RNjg7KNGMU2z2hYMQwhKttdvoAXo6Tv8HbGWDtNBYd9,9431.127632288162,1127401,$1000-$10K
HFapYHPEHNcNE6dN16EU7VoaTDKCvbMmBQkup2VF6JhV,9431.118079093696,1127402,$1000-$10K
EhMWGaU1psGTXQn9146uFDvfYpoH6a7NuFogYfrtoy5P,9431.106389362592,1127403,$1000-$10K
AqKM1y48vWqBgzX1aapWJKmoR3AworuKbAUzN16br79v,9431.09035843391,1127404,$1000-$10K
3ReLWPS91dEtnCmyHLCPUqwv916RahsZDRxhZK6VSNKh,9431.083319422945,1127405,$1000-$10K
FGP1GC2RDb8nwHkMSazrUKREZex3LpDu9Wt32jyPfaFv,9431.07629386302,1127406,$1000-$10K
6rE7fNrjGQzovcq3xFspqeSMWgBkwJyBSC9Y9ghXw3SA,9431.02621470377,1127407,$1000-$10K
5YkWAsVt1ehJr8gJgtKdAzEsHth4MxfBXzt3QrgtqxhA,9431.022157957397,1127408,$1000-$10K
8uDvfSe56VDzYvDi1CxoPH5iB34S1QSuqL8XCYQSgQXu,9431.01980151921,1127409,$1000-$10K
8KwiR8a66BnVWHmAnjkhrdqrmgvHBNpPKJG4hrFKQ5Pu,9430.990844425014,1127410,$1000-$10K
Bj9U1ofYoeqGGugjLNiy6pWZrQFSajpF1cF6ZEstU5tw,9430.95232033363,1127411,$1000-$10K
GGWJH4s3TSfxJU3utKURaYbzAYd9saP8BG52AiZW658r,9430.946662689881,1127412,$1000-$10K
6h5ENERckjTcEVQ65aGcntm7Eg97vcBUBF2ER9AktzeR,9430.874200255023,1127413,$1000-$10K
8i4db1bfQs5TNQKbvyk2ATXBBpU8Mu2AqpQCMT3CNMoB,9430.872140281715,1127414,$1000-$10K
H6SC6N6TBU8N16v8fHfifPRkijmozqim8VAs5r5hJgMA,9430.78108156223,1127415,$1000-$10K
Hd8ZpYugPvpL4bLaEZ6bAB5JJaQwpaFWXYVuRoBr9po3,9430.743534098237,1127416,$1000-$10K
2vRA9tteHqR2RezKHgcPJKuJbgu7PJCr5EqNhKjtJgZQ,9430.738117973948,1127417,$1000-$10K
GK4hCi3K7nYZCtVXKNAEQN7r72m9G5jGPnpCnbjykioT,9430.731066046148,1127418,$1000-$10K
9mH3R34Hcb9T1QD1geEFsr3TeB8Rru9Thqsy4V8xMaoR,9430.727226048653,1127419,$1000-$10K
niggaVUuXHHnRwa8cFSqgXfXSCSAkGxGksjtdizKiPq,9430.722373280398,1127420,$1000-$10K
C6LXSqS3k8Lqg8PyenqnnU3o3HBmZ3gNPsnASPRqJQ2R,9430.710342136368,1127421,$1000-$10K
C44dimAMfuFGcHgUTx2yefSk8v8QnR7MDLUY8jEcg1QW,9430.695767190571,1127422,$1000-$10K
5DL9wuQ79oMtYVJAJ64k2DYDA6CHwscz6EXw4rbgXt6Q,9430.69336324061,1127423,$1000-$10K
Eu1g6tRrH6N4LgBdAgDyFyc6ew3fv5auTR71nMTSw5Lb,9430.681408877654,1127424,$1000-$10K
J4FKVG7MPegSrTy8PaHWgc9KJ9A5Pt8u7UKeENfr6Qcd,9430.674344433246,1127425,$1000-$10K
39VPdU18BTJWwEYYMLjvQMn6jrmfRSdQFUMVrgYZvaB5,9430.664481368805,1127426,$1000-$10K
H8Keate51TFM9Yjguwc446pPn3grb6RUHxXs4tkw1D5U,9430.663081580897,1127427,$1000-$10K
3nesSyVLB8SE8qSenokJnNwT1cYA5P9vYZgRnUPFMr37,9430.653605501639,1127428,$1000-$10K
vA2U4QigSdzw9UGB12AL5Lbi6PndEzUmToRUQaF7dwK,9430.607426687477,1127429,$1000-$10K
4Szx4TrhB3JFaXhRgcXcy3Z3pTmGoPdbfeRBsduVUPNy,9430.57856326432,1127430,$1000-$10K
CzG6KWrio9qxC1Cxv8Sv6jg8HU6GzRohXMxjot8pk8DX,9430.577177825086,1127431,$1000-$10K
BsEi2RTsuqbQgyChWp2A2VG4QdBTEvXxRjUQysfvFnM4,9430.562960129115,1127432,$1000-$10K
3AyLmSQhnUkLa7uRM9VtYfHKUHrW3pv1sFX7GtxPSXfx,9430.555979190178,1127433,$1000-$10K
GxdPZ9M4dTP3uotxwmdzrY7Hh68FLKhQPBKspJaPEHv,9430.543540250961,1127434,$1000-$10K
J62N3VJjChr5NGiuYjbkig46z5sjjLKiR55UTXekHrXb,9430.534671980637,1127435,$1000-$10K
FCmeYkRzoF3fW6xFtbZoHQKqY8RbWCg3mEPbWd1d3SvK,9430.511164747788,1127436,$1000-$10K
BA6awFHts5VDsixwShuooFsnjuGRtFRBd3D91B5BJyLE,9430.494844420393,1127437,$1000-$10K
CQ2tcmnDoTrF3XZ22gCMpCweECWXPKkyip9urndGNXrZ,9430.490459817662,1127438,$1000-$10K
3Rv2W3fWFBNU4qaabHynt6894dUTJok3U9KzRc8oNsFv,9430.47177927951,1127439,$1000-$10K
CAar8AE8vuJSkq3e4NVViYUnEwr65mDGMgMppcGNoGGE,9430.470835045318,1127440,$1000-$10K
62PmKerSyT8viWe9FLSKJgvJXQCwpzEN68mNbzQZeVE8,9430.466736052793,1127441,$1000-$10K
H3orU7WrNBypiEivmcB2Cwe6wnkq5XfQuycKvzR1zbhf,9430.456770374645,1127442,$1000-$10K
7HVrLXtvDHyvCrKYzCt5zbDRqU4EWMeSRQmVLBUTrm1V,9430.45643103763,1127443,$1000-$10K
6fwAqmnwgqFkamZJkx5bGS8jqiCkLCD8EjpHmV3c8UkE,9430.421851897536,1127444,$1000-$10K
FsPBhNBxNDoR18YMQLmV6nE5mccgD5bgqPf7FuuDYGJr,9430.397473769746,1127445,$1000-$10K
2QU1pAQ2wt9x8weYboq1YL13ppkieYbjRHCKZqYyoJ6U,9430.363627531504,1127446,$1000-$10K
3ou4PfPLkUPzgLzXobYGPNTz6V1ymG7bqpQxPGz5CQR4,9430.359532684299,1127447,$1000-$10K
4WAHB8bmnZcDx3AjuDvHNPCPrw3p8emF8ggYeDR9D8d5,9430.341990561703,1127448,$1000-$10K
Jzk9qnTjMQfjhj8rZSMstm8QjdQJweoQG17hSdSkBUu,9430.330183253775,1127449,$1000-$10K
Di6yVDvjKjCHWoNCC76dVR6DqfWDHUHN4pzjM9M45671,9430.312932557546,1127450,$1000-$10K
CjE5rK5peCkus16F4KBBwFEU5touyqP4Npvz3xH4mtuq,9430.312386388607,1127451,$1000-$10K
7hTAFHkPYuoHd6okqDrQWADauuWgnk5hwf5rtB9qBtM6,9430.310386019279,1127452,$1000-$10K
Fzxg2k1VHTcQJLvTa4wmWK4N8uZNECzL4hdWtDhdcRHC,9430.278980496594,1127453,$1000-$10K
9ryZFKvmS9ELXvRoouymxeGEG8jdF3UqABzq87Cdtd4a,9430.264786007407,1127454,$1000-$10K
CM8MdVGaRJzoSUS4UYBYP7VyEv7CSwXXPh7kQTkVo2c2,9430.251596419928,1127455,$1000-$10K
BHd9Fto5rCv8fB1eP3Js4FLZxeJDjdhJXMGFGrRyyH8c,9430.234446814868,1127456,$1000-$10K
55BLmN6doC6nzwq45eCsTABcqwxyT5vnQwAqumAdra1s,9430.220731317628,1127457,$1000-$10K
8fpG2YPtSrEFMzKicYzZqvJBZYQvrFu8LgQ2ATdarAja,9430.215140041635,1127458,$1000-$10K
HT29t7oDVRxserzMs143DzMoTrWXx1WCwX8Y1ftdHEBH,9430.196137253524,1127459,$1000-$10K
7t3KFhNGJgcy5uAmhpHseWGaTMCXsqxtMRpSCLyWbnaQ,9430.185816240413,1127460,$1000-$10K
AQiuBbTyk9sLHvqgJJkDNMhpoRFUAdXaCMXyVcn3x1cN,9430.183213433555,1127461,$1000-$10K
9rGYqiCWPQJ9pwjNZLEPow76YxyVfJRV8gtKwfmFkW2n,9430.163919715418,1127462,$1000-$10K
WXveWWmGoCfKRWkhtQjFSdd5fCohkeDXd7j3Xs9mxeW,9430.149545682418,1127463,$1000-$10K
2bdxK93BVm3rifq9M6qZLK21scw83Zcg3yaFVJgAqRfz,9430.145752320834,1127464,$1000-$10K
GH1z4ddSXzMuViiR7CPhS5KA36cU3B5mG1BqrDkNgnx9,9430.141920731221,1127465,$1000-$10K
CsFL8bbNTz4QpAuHyQVPWLf7fCGJaWYQtKRLx1shTEve,9430.130153680588,1127466,$1000-$10K
Fj9CiZTVC6uSsUJMqB9Wc2YrQSunFhEuw3cs9kjqazve,9430.102288751012,1127467,$1000-$10K
HaBGrFsCCFS8i1TmvSjxD51qfqnLwnkN5fPAyxxvQXBt,9430.089103065318,1127468,$1000-$10K
54aUepCkdsFNdeyksqG44qoUXnuv3FnR6dzMugPg2Hzk,9430.088874958527,1127469,$1000-$10K
8C6xVnXcdrxKEqBSuYozsiXQAjU6VYt7h42c6zWi39rz,9430.087080656916,1127470,$1000-$10K
3hngvxAAxVFD2Pwu6zG22MdUbRTaeSYvsvVAnapTWgL2,9430.08323294508,1127471,$1000-$10K
CtKaAbgQmthvJDs34CQaERviZZRigosiPvwPwZWxf3Q6,9430.048789565715,1127472,$1000-$10K
5LXGom94C36zirsTWPvrH5ho76cu1uPHEYSN5NuXeSPa,9430.030949952421,1127473,$1000-$10K
JSdvRY4KJHdH35EpiTv9bm4T8zfdBu1dtbEd251k8pH,9430.024231738711,1127474,$1000-$10K
CaDJipkHhrGQ1zHYS4P6WsbykBYzsQ5FGzkqNCR5UKye,9430.01874444788,1127475,$1000-$10K
4a9A97B2uxxbauF4A25cCA3F9NE12Z822f5s5hcyprW1,9430.009294344942,1127476,$1000-$10K
Fqwei49cptFJexpJBch2iTKRf2WpXVrkGGn56ZFh1MbY,9430.009215588527,1127477,$1000-$10K
Fu5Le9i1EmoJpa8ecQXJuuC8TAwVFcCX9sDhNzwGMQV8,9429.988206097718,1127478,$1000-$10K
3c3WA2vit4JJynDPwoTzgKBgwcQZnZYZaaD3DmzBhck4,9429.987955690292,1127479,$1000-$10K
H66e3A4kg5UoHPYRX68o8qdPA57P8EMa36cwEwZpPqCc,9429.984648444182,1127480,$1000-$10K
6Be5mXfM5uBSq8PEwFsSs9dJqMDNmQD17wYFpFRnN4S,9429.960306871366,1127481,$1000-$10K
792HVXTtHEsiwY1edqxDryGAaNsbusAhWEDvGAis8eSL,9429.951760899909,1127482,$1000-$10K
BtZt9eCJvWC8MqcjP9E5Vpc7ho1Ar7nbpN5bZ5mpqMFC,9429.938913223797,1127483,$1000-$10K
32ifM7qmG32WiWkgCakF2XF932dQsr63yfqL785CYnZn,9429.88119110302,1127484,$1000-$10K
7xxQxmEQMLueYg5tEzySPd4ZYdyRnUFSH7kUWWWDRuYa,9429.8724018103,1127485,$1000-$10K
36xjgwe9ENPLpxXBjXHW7nAVNcTk8e9UXuPEGzemAH2x,9429.85345383343,1127486,$1000-$10K
E9UCnxsRQYprwQU6D1Rmtgoq6FGqo6d2pbCay4ACHaX6,9429.837200351401,1127487,$1000-$10K
AuB6FAe1WRZEyCizsuf2HVaZjRMUxfPW28UUWfCyb88Y,9429.83431522057,1127488,$1000-$10K
5SrZwPeyQ482vYfEYnGDNfAvbP8KvWszp63wgBbrsDaT,9429.81320635468,1127489,$1000-$10K
5BisW3zX2CXpd6jiowkAgdTRRHYvqauy8Ej9TxobbEwX,9429.789649850762,1127490,$1000-$10K
BqVq3STvm52aacH26jabikDhYFXJ5m6hMuKNvNe9o4rG,9429.781972972947,1127491,$1000-$10K
CrCE57gWFKUdtyaYNFftA9aDvDXXmSzhR75Rio6hpd9S,9429.773416435748,1127492,$1000-$10K
DW9jEi9nj13tg4SgSZDKVEjoGgR2SpMeuWSb64s2oYa7,9429.748047071063,1127493,$1000-$10K
abNz7UQHTaFUM1AbVrJZDFn3VqPjKQQVc1BmvrwCyem,9429.745439878236,1127494,$1000-$10K
3YmRxKDBbwUrgUusEgiZDtG51R9YKe6Aw6JULUszE9Gc,9429.73504957586,1127495,$1000-$10K
7TEe2ok51ZojDDg1CrGKQ8DMNpR1PYdwXmw1nKe3kyPY,9429.707112935801,1127496,$1000-$10K
GcFc1SiqWDwgMAT3d3hKdhXKPG4Cc1ut4E76HAVu1TCa,9429.661160830634,1127497,$1000-$10K
GR4SCidM4exZvkkWATATUnZSQYZ4piaxkR2LLukAABZo,9429.655899814847,1127498,$1000-$10K
84k6VyzNeC1o9bvvirVct3Df3yjXAb3P6mtivFAKYCZz,9429.654921523947,1127499,$1000-$10K
7pnb5prbfs5ttP7uNkY1Gk8ruS88RpECPxjSV3aXW1Qc,9429.651774992604,1127500,$1000-$10K
4Bvo5eqNJr9ZPM2132pxpbYRBir4eRSt15iQrVFWfwNP,9429.63375857652,1127501,$1000-$10K
F3PzPqhPyQ67uwsuCEPwe4RzYFEG4g2ttWsjGSYzBDjD,9429.59872115255,1127502,$1000-$10K
GLUGD3nRXqkKCjNForLpkYgwVXEa1y7kPLji8a5wup7J,9429.590327902704,1127503,$1000-$10K
45UmyQjjz7kLm7KpDLYniJKLkwpS7YGeyCudEKmg8vEm,9429.5842642185,1127504,$1000-$10K
FNc24YdEfMNWjB83abFpYSJisUkAzDm2Cmp6346ktuxh,9429.572206790692,1127505,$1000-$10K
GiE4oB1q94yAJUNsQUinvoT2jFFnK3bRcfzVrka46Vge,9429.569636127953,1127506,$1000-$10K
6zt8uxNNpW9Ah9qWNRS3WvPXRKZz5RTq6WzgiaCCKcz7,9429.549405864605,1127507,$1000-$10K
Cy3cGg2XoJJBTfLYoaTQQuUNPBnLVBYxdtorfB3WcG3N,9429.548258312818,1127508,$1000-$10K
CZMzpNgynqPDTt6LQE7dtiCyFtQdixLvtxyqGFkswLso,9429.540219287614,1127509,$1000-$10K
6gi1HPh6QN6ByfiPbXmwViPurQAF4fPyhU2dq2z1tSG4,9429.535867969324,1127510,$1000-$10K
7pWjAJCD5dkhD5SZ2c2avzfZ5ZyaXAEGx9bGHf5RT481,9429.534589291405,1127511,$1000-$10K
B9A2BdVY2HTanFiRXZ7JaTLrvbwUV6bM6H4qBnRCtU7t,9429.50092575078,1127512,$1000-$10K
4FRCgk5ogVZN1NPVaP7WiSa2znbARzkxCePZ23puhdW4,9429.5,1127513,$1000-$10K
4H3fgsZMdKeX33m1eCs65P9qvLdtnDdtRfHrWyTsS2dD,9429.433092889281,1127514,$1000-$10K
Bebb374J3YjASPzwWPB4EBgPUyz3KzR5pzCweTquivvQ,9429.35741814172,1127515,$1000-$10K
FTxKvvLzhAAy7SJTPgGeaMy9yVduFC8YBZqMRi2NZPyp,9429.356423662903,1127516,$1000-$10K
Eu9eMqCh2zE1XmaqgSMLFBR32x4XBboRymXz4ZviyW6Q,9429.350014684323,1127517,$1000-$10K
8ToLCu1oNVPBgvk4vgURcBbnfgngRd8bYzWdNVNitdy6,9429.334649545011,1127518,$1000-$10K
8H4MKspzw7Gv2664SQEmtN7VSFsEV3K1QJLnNvTtaiAT,9429.316116217473,1127519,$1000-$10K
DGd1vg4ioRGZNMmD1s2vu7bY9fh4dsobud4DofKyHVaN,9429.28120675829,1127520,$1000-$10K
EQh3yfeRmsxaXXg157RYkoLxL2FQB8uySGPJ1AKnx6K,9429.277349299246,1127521,$1000-$10K
AkxiVcwHA53g22w39cEFApuuPcyzoEsY6j75D7FhqGPR,9429.251140917033,1127522,$1000-$10K
7htfNwEw1U6ss4TdfuRoMcvBbmt6E4gKSWSM13fGUJep,9429.244403068435,1127523,$1000-$10K
22uMZVSArYc3u46r6zaRiHunWCBcoCgpgbzhDpcPHmsg,9429.231257274552,1127524,$1000-$10K
4fjxuRmfDPgo7MyXeYRvaF6kELdCnA5Bs2vGCfBkGePN,9429.2300635168,1127525,$1000-$10K
5vFhg2P6u9XRnuZcd9ztzcAgzXdAoUad5wX9BvzbSfD7,9429.21404717892,1127526,$1000-$10K
DokpRxPw3C8xXyUTA4mQpMsRySxVZdfxDzedQomvLR1i,9429.205262319605,1127527,$1000-$10K
5ZFbGCotkC7imQ8N1nyB8UKHaXGuBZDznb6NcRsmWkmh,9429.186303941438,1127528,$1000-$10K
3DMuexm5m3f5qrTZ1vjemzoKGpaorsGW72y8XjQ8URjA,9429.15365905755,1127529,$1000-$10K
52ig6kHU4iaAchUh2UzsjxJnYnxRitNfzomKb9ZHt3SW,9429.15030715418,1127530,$1000-$10K
8VUo5n4SwYD1k4Q9AConWjasXMxJSv128yaD6oXpP4Uw,9429.150008215915,1127531,$1000-$10K
4MfDB3TwbYQwN4Y6zzmkmZsAo7e3XeKYr64523z399dM,9429.145384712874,1127532,$1000-$10K
8WYjBtcEnsc29jghXPzy1AFCijob1LFk4bU8Df3jPJH4,9429.122000000001,1127533,$1000-$10K
FgP6hDMdfSxEqnWSwc45eLMQQb5XWTBZDDqkVfTEc7pj,9429.115693289044,1127534,$1000-$10K
4L7118UTaUmWaeKVGKPUmJKzN6nHc6EPFTArE5P9CJHa,9429.100981200214,1127535,$1000-$10K
H1MMy86VXRYmccj1VBv2dKCxETUJxctaJMgymtNi5TZJ,9429.038117414922,1127536,$1000-$10K
9okMQ91XJ7n17d7U72jLzp687tzffo89tkUm424BqPzv,9429.032181887345,1127537,$1000-$10K
HLMP2DrFAhXHyVocSBHwG1RewEWHNXmSdAVLabxJwW1z,9428.994200844842,1127538,$1000-$10K
Gh5KYrxPobP4xAYihmyqaFTRkJ9PRw3hJfadMX6VB5NB,9428.986693273318,1127539,$1000-$10K
G1QapHRyeLL6zv4tiRgQoACx5c3GKyBpdvfgerDLqV5A,9428.965814831718,1127540,$1000-$10K
HvHKXUdh7VkineNKa1iiz69UGPq3qYD3jLd25fEpmL1,9428.963330578754,1127541,$1000-$10K
AFR7FVZMfTXXg1Eugad6sEJwrTuWv1C5Pqjswdb87CN6,9428.960755036393,1127542,$1000-$10K
962ZWRi5TR5XwyRkf7dFHxgohVFaZENPGTqFYoHVLqj9,9428.945101403177,1127543,$1000-$10K
BgYovMXSUtNcBpXyfavrxfPT71BA66xk74Y4sJ4tnmgi,9428.937773821694,1127544,$1000-$10K
8oY7E8YNGLVtMxqCLVx2XAnudnJ97w1yvzcqvsDCv4Zs,9428.93341963421,1127545,$1000-$10K
D7ZvVfBy7TzEhoTi4XbC671TULMjEHzQBCW8RL4zgZJK,9428.927626885032,1127546,$1000-$10K
9STTTKwnQmk9JfR5gLcGrBBsVtfNCSaHYjBBi4rhLcPC,9428.917781696882,1127547,$1000-$10K
FE7BymRBCU6LfHDLkCdob7TabsensbzMDW5utDhgSF6g,9428.89306132236,1127548,$1000-$10K
4J2x7attdiJa49bXqNEKCzhGzfdZBgbXXKbTUMWhE76Y,9428.891234610493,1127549,$1000-$10K
GndZNo8pNEAkxqAjaMFLz4wzP3gGtg9jfii4fujn5E31,9428.881857685752,1127550,$1000-$10K
FLHoTugNiTrMv97d65oompTWc8a7445i79rvTqHNV3Ym,9428.863556856644,1127551,$1000-$10K
EhmSXAcLZeMXLXRUHGbhkDVJx4JTRrUA2eq5kMZUQHbo,9428.861893765537,1127552,$1000-$10K
uASvfwY3Dgprnf9a5x3sHdwRaxs9RgCVepiVcduTxTB,9428.77223824186,1127553,$1000-$10K
9qdDQBKyhhTJVNKUGERMEVLxS3ZqEZxNztpnKvrbLMxq,9428.766821126734,1127554,$1000-$10K
6LviK3FYA3TLxrxUJxDjUokEdsANTrHQhzFhXh7oeBA,9428.763798176551,1127555,$1000-$10K
2ZEPt8Bx5M6PGAorpGbshz6LaEDZHVed34U5df6nSYSK,9428.75059070469,1127556,$1000-$10K
6owcS4x8Xzh4iHAH4eGcJ2UJctj7xiiTswimFCn1adg1,9428.744207911424,1127557,$1000-$10K
GPREEVTJtHiDAHrZv15MyDbcJKujhBZc116A5xR6zbFK,9428.713879903797,1127558,$1000-$10K
D16rN6fDeUHUVK4MAfNutK6mooXNkUHbmFjeemYquP18,9428.708614568559,1127559,$1000-$10K
G6FGDVUoCJfTXvH1PwbKVCqSFT59PAvbhB7JM7t9CAMZ,9428.70469817082,1127560,$1000-$10K
GpbkSMFaVfN6ReW2HA3LaroRKa466weFyKAJ8naP34PZ,9428.703398040787,1127561,$1000-$10K
G2LHvQfbdfaCBdZXV76jukKJ6G2xaxQFdn2rrzt4t9u6,9428.670018591463,1127562,$1000-$10K
H3jCd2hPdTPWSrPeJhE4djNQPmVCUzjtFP29dZzE8Wu1,9428.665588437378,1127563,$1000-$10K
AEygauuua8VRb9xut2Pzspkvr1aRDdLKpuJC8tuNkWyo,9428.652948492861,1127564,$1000-$10K
2466H7dVfbbPLvFSCnsDpmtRjbAMpkHQp225wV6SPsW9,9428.648095093266,1127565,$1000-$10K
5Vnfoy5zSggKMaZuas8e5UMn725kjTgFxdbkagPQpy4S,9428.644383033225,1127566,$1000-$10K
FmkEePsJfX7j62fQXuwL6vNRCVrs54iCL2nRC7wqXhD6,9428.6322691184,1127567,$1000-$10K
AQCsaiswa2NVNtQDMGk28ckXjAEammQ1TSmzrH2Uz3Ub,9428.624425204714,1127568,$1000-$10K
AjAVmxjdtDsjB3sVfQGdwqV7pJwox4oQSXfQ2bnZs5NW,9428.604945805162,1127569,$1000-$10K
2FP8YimTru4px5MERZaQw3vBYs6DnFa2q7uGFA79B6k5,9428.579040488039,1127570,$1000-$10K
9JWefpw32EnuwjNrJrexjCbZV5eotpyzt2vGLTHEeXiB,9428.56118819295,1127571,$1000-$10K
5ZFJ3GsVQDLA6gNJnyiTphvoDRozU65ieYGozssqkpaf,9428.560789808385,1127572,$1000-$10K
T2LmiBqmhnCL5Lgfud4k6S1KZjY1i2ZhrNzpRDJLrSv,9428.559831695959,1127573,$1000-$10K
FFa583Wdk1omf1az6EyBb3zuUDzemHpQCx1mHowWfEZn,9428.541079371262,1127574,$1000-$10K
Ctm3Eo9xAYUc9uPZXfwF4q5cUK52gW86XHZHM9zgcPM1,9428.53943265879,1127575,$1000-$10K
BAjxZVNm5PsKspYxYG9bgUR5418FxYMjL8bnK9TtvbeB,9428.513801258447,1127576,$1000-$10K
8SevwSHcTcRL58P9szVVTJNxJJsYaoJdvxT4YDAfwatt,9428.507037694706,1127577,$1000-$10K
ByMcSFwg8SFQ9iir8EEP7DgwTyiTQvCnEwkrZ69dFYVM,9428.47695093318,1127578,$1000-$10K
2tat7DqVikH2TArqHY58JhBouDu3uyg4KPx9jYvAqnmP,9428.475896360063,1127579,$1000-$10K
FhJJFecwPhrsAtQqs85trzkSQcG5jWUXAFMKYsHc7WLs,9428.406606464461,1127580,$1000-$10K
8Mzv6fimMSLyJABWmqN6MnC6ByCSfcKez9qpJvvLh8Uc,9428.39783344465,1127581,$1000-$10K
GdUpKwXd1yiHmW4NnSepNzMcoc4rw9RbNojyUtdCKYqb,9428.387485551551,1127582,$1000-$10K
7PWoVJ67HEgGRb3DhBdhHHXd3f3hMrJXC9NtnxHBjwq2,9428.38501758864,1127583,$1000-$10K
A3hJhqSbJbrYrcD4NgEqDonqKyF4hBZNzMFBs8FBPBGs,9428.383166269223,1127584,$1000-$10K
BKSLpgpeFhKkUftfcgDrKZZcd3VNg9kB4QMSBUdtEEAE,9428.369777643808,1127585,$1000-$10K
9HeZEWAzuRQek3pPA8fn7iqsUBSwyi3yi1TNFMReaBQT,9428.355859334732,1127586,$1000-$10K
61TM1TZ2xM2ViAxoLeUCKDzAmqcFiLBudy5WZZoehwrn,9428.33952930002,1127587,$1000-$10K
7HXvJ3363NE7Y7iVGJrdHms2ySVSJ7JYaUbBSCLzE6Di,9428.32906180849,1127588,$1000-$10K
F3ARG5E38GWBtoFNLMc2nE6HE61iW2LPq8bPFHdkzvks,9428.319731023448,1127589,$1000-$10K
C8iiSY3ATRdoRXJB9x7K18sfRqHCkiPxSeJyrSwyYdEi,9428.30940830051,1127590,$1000-$10K
GaCqUNP7ggMeaKJk25fEXURWsqJmwA4NxJ15zn4aGvzn,9428.308085125029,1127591,$1000-$10K
BXL6CgSYcLTgH15ZAGqNDQJtgQgU3jpvAqvvnEb7u9jp,9428.297958404131,1127592,$1000-$10K
7w4f3qWsqqWFuw1in8ZYUUEn2dFLCs6HHdyigx43ZB73,9428.28755579979,1127593,$1000-$10K
46kmWTfENg2xZzKHPeamWF1LBYqwMjUSbbwzDagLb7DV,9428.26705571765,1127594,$1000-$10K
AxbHH3qaGvi27unu9J7JWgwfCLyMnQxY8UFx6U6VNBX5,9428.261122283744,1127595,$1000-$10K
Cj2kBByNXguavqvFspquaNFde5wupDYYNMAqFQMgH8QS,9428.160969302742,1127596,$1000-$10K
EiAjXss3MUYzTmhSJ6FyYud36XbArk8GK1abGJDZAVDv,9428.146837708851,1127597,$1000-$10K
Fo8kKJ4kqoz748EPUvQZR52GEBLLqddXczqUDLmRdS5V,9428.136040961806,1127598,$1000-$10K
7HTLSrnziQHXGfmXHZMfuL8keJQBmfPmABzaRpCwNoTg,9428.129051956521,1127599,$1000-$10K
B2RQTGcL6xKHr8a5XcCqaWntVCvePo8Q9jrFBy6JzEPy,9428.062796321821,1127600,$1000-$10K
7XoSegwygL7kefojmB7W7ML6Rm5trsYs5Za1DDm3CGAo,9428.046209977856,1127601,$1000-$10K
5U3RNbmYMJra95LYh7fTPoKE7UagciJPKMrB3KevtSHo,9428.017652804168,1127602,$1000-$10K
4usDb7vTQ9f3VZpMGPWT3gJ5Dkg6wz5WsKMaqtsWLfEt,9428.013505802008,1127603,$1000-$10K
8QefWj1rsNZZQ9octmFMuVn9SEeAD3qXRpCoAzNhyyBo,9428.005705017793,1127604,$1000-$10K
4PEQrtwdpFm9Euck4m9EHuFXADvi42V5bwByzeirM5nW,9427.977868806516,1127605,$1000-$10K
2HSYhXojCNyzCdu2o86YntBCXwEAFEv3a1BY2rQ94JVa,9427.934326576515,1127606,$1000-$10K
C5nvf7hk59qJpcQhr9maWKnQkD8QY7XA4BkQBEqi1rwW,9427.90791731334,1127607,$1000-$10K
H4hXnKr1ht2n3TdwWWJPLvUe3kvqZNb6Zwu4ynjXf3bL,9427.901958638524,1127608,$1000-$10K
FtfiJ9ersc6XHx4Xd6vbscQCymEGf21QbnpbEqgFT4fv,9427.884843672911,1127609,$1000-$10K
7eBEuk4Nrv8dKdm2vZ3ofS5WJZz6iCBJWjcAB6DxKaDw,9427.84974958141,1127610,$1000-$10K
8Gc3TbQrM3RnYCspACQcquhRHX8VymKXrpZ754j2TyQu,9427.75291733601,1127611,$1000-$10K
HLQbPQUKDp9xJdHSJ2TsDgmciTxyTpDjeNttfy1dq5Gv,9427.722540549094,1127612,$1000-$10K
7e4n13m1ndyegRKzTpfBneVNt53K6kEE53CPNnk1vzVm,9427.711636345957,1127613,$1000-$10K
9LvMNo6nnDC5LA5MpnqE8CGMqVtU5VuEmyDuxaS4Swj4,9427.704666320189,1127614,$1000-$10K
EEYFfH5T3teZX27yE5poa3pEwZ4sULxQQ3CaQguE6zna,9427.683982572846,1127615,$1000-$10K
8H9uUE58AH1DnkrWpZEi2XEc2sRVQcAQigZkW59a57Ld,9427.677944230094,1127616,$1000-$10K
E2Nm9xsd3g6fLzPcUgPn8huAn9BQCRTfCdMxrjn1w3Es,9427.624260178438,1127617,$1000-$10K
p1oC4sWyHuji1WGgDuLKTjHzxyQPTwwG7wDzorTQWx4,9427.619825381515,1127618,$1000-$10K
8XwqXUXj21Co5biAWzr5BBa6akEz1QmZT8KZHye8DBtt,9427.596738328592,1127619,$1000-$10K
6cvyNf5WFP9YVXU5ZDvW34H2MUeHbnx2itYTJc9THcFH,9427.587845137075,1127620,$1000-$10K
2wN59Pp5xPJbt9o2kh6Cb8k6Jjp4oVHa3eakk8Mwd23j,9427.571756828678,1127621,$1000-$10K
j62KwpZcWBWkC6ZpiTohjidGtmuacU1RzPkDU1qkLG2,9427.54795080986,1127622,$1000-$10K
EyhTeK4fJEk1CQ4HbGScUDCzTKE1daCkn3vGc1qKsFgJ,9427.46677802766,1127623,$1000-$10K
43NvNPsUaMRmH4ByNMjNEvt9pRGLFZSBbLtXsr6ZmDRP,9427.453235597299,1127624,$1000-$10K
HHqUZN9fcJMcu5Twjawoys87egq6urpyPJsxk1G4Wb2D,9427.413463110264,1127625,$1000-$10K
C6LDFYcvwmdR8HevkrgAj6fQzUTSywfuHs7ytCewewRe,9427.407938010118,1127626,$1000-$10K
ATTnwoJAFi5txfZQPMWL3UQe4P9B2mGzxqahApxCLdoE,9427.385255202407,1127627,$1000-$10K
F4ZW2o1tLzjMbhVLY7qfz4kPiCmK7rEaqDid8AbqCMQp,9427.364445917145,1127628,$1000-$10K
2LkU7kWbdgcVrmcT5biEZexNZs7kWefsb5PfTqQxeTk9,9427.359518918516,1127629,$1000-$10K
BXNQiZeMS8Kez1kTxYPGkruo2edMdxNmht3jKU8MRzbS,9427.353959136075,1127630,$1000-$10K
FpajwNDjBsVuhTcL5zh27VrxPQDqFhWk9zy8igBdqX9q,9427.353807939497,1127631,$1000-$10K
Fzy9qLpVXbw9oEuDuLk2jG6zM9SYC8hy3f4PMK3Q3Pri,9427.336759631413,1127632,$1000-$10K
EVXH2Wn8GAgZEbQGy5CPqbdx5uMPgSzwzX1Ru4c21buG,9427.332291721044,1127633,$1000-$10K
J6Q3Le9QaZMB3Pv77N651uCZayURTA4up9uqGQsQkKCo,9427.328865498073,1127634,$1000-$10K
9iJD9iWE3g9KqKp66t3C4C6tt5nRgkcSkytQHAzLpWkd,9427.32145839771,1127635,$1000-$10K
CkhdBYpwPNGAgrFP7qzskceGWL4PGjaoWuyMbs5V2j63,9427.316023286992,1127636,$1000-$10K
FZHLTcyecB6eoBUMLMh2eABMUd7zqjEL9QaWQ89Zkitv,9427.264671006806,1127637,$1000-$10K
CS4Aug7KZXrg6LPpQotcJzfeR78QUUUw64wXwUvSYFxp,9427.20899956707,1127638,$1000-$10K
7JqDyZW3w7aPeG56FkLqJQ69jB8zo4BZVS9ikCsJtAHw,9427.196321865107,1127639,$1000-$10K
QMNCyERbgN2FxCGiSfLTUMpwfeDUnr2r1TBpbPAm5yA,9427.166556441603,1127640,$1000-$10K
AL6pFaYQFPcqa7UksvBnbw9bTHcYYGPraYAjd6Di9qwU,9427.13814172402,1127641,$1000-$10K
5RvAhhLPhCXsYnbd43oDkv1c76i1YwnRdyeQFBxy2rXr,9427.086742736108,1127642,$1000-$10K
2wi3RnqHt9hwMScNVbKWPptdBLG6U9nbobRzuf2J52LV,9427.07818530686,1127643,$1000-$10K
2S7yjdGjsvU93X8uUcNT8DSMvA78KvmuQAXfg8t14hsS,9427.068870228817,1127644,$1000-$10K
G6V9Ac1BtWLEdoMXGocbduFqVzKsRJsRBystrAAnMKiu,9427.066711900696,1127645,$1000-$10K
955Qb9LH53Wyt65ogAm3ddWtj75k83hT3auxq4Guzgvc,9427.028215480459,1127646,$1000-$10K
Dr4Spyd8nULc8UFQMjisn3AcdSgv5JFXS3tknEJioy1D,9427.019437682116,1127647,$1000-$10K
5EwXMqKFpH88PE7U2jRYqhgvANGqgBxvVckEuC2qwYn4,9427.01277070411,1127648,$1000-$10K
EG8fwe8eF69U96snCktGoh5fURq65KVGks9yfvLogF9d,9427.005716813059,1127649,$1000-$10K
CTEeLY1oaiWwGeQBzKmdXFNsjfLTumi8qW4TSgqNTV6D,9427.000509705076,1127650,$1000-$10K
EEfaZMnV5kbNtAc8PXFmMrykmorSJr28jsADo8hjjBZe,9426.954432778586,1127651,$1000-$10K
25Uw6Qm5KYBcduNs6QHaRP7RDmgbYJY6KBpS7V7dVSQn,9426.951732811309,1127652,$1000-$10K
6ARzunpuiwUBKZu6rFQbkbh4sAEWnZQ22cs6ncuxvngR,9426.93479228209,1127653,$1000-$10K
Duy4XhJhHBGVZggmsuJmMvUvZbGNYYB2ygHqUTtL4XTo,9426.91424218662,1127654,$1000-$10K
wiziPFGDRzxt6QkLjXXQQ1ojr4zZVmJWiUz6xNuq6FH,9426.880919671852,1127655,$1000-$10K
8wEC9YvA5RGBGXR4K9yevnAJ53Xr9iuZBNuEBgPtdiF,9426.87101071164,1127656,$1000-$10K
8hJsfYhQxn6AGgj8V3iY8XGHntWBeY94RorK5AGmQhPs,9426.860919192977,1127657,$1000-$10K
CKMBn1doCRfR7z6PdvFQqcjt92MBGQp3uDMUEUwxSWkw,9426.854024696022,1127658,$1000-$10K
7S2hv7ppUf7Rs3ADEHrwFaqGJ6zF2aGKZgCyjMSV9DWX,9426.832990556795,1127659,$1000-$10K
AodBG3ThxrChNNeMp4ZRAMxLZaFV9PwKdDamTgZdEuV8,9426.822545870646,1127660,$1000-$10K
DRF3tap2YeUji4gqBS5Lzs6kjc24F3cHhUhvq7R4scsh,9426.810609307597,1127661,$1000-$10K
FsVNknvLQSpzr13dTt3xPJ8eTky4gY6kMTfU5xzsUXzF,9426.802048566398,1127662,$1000-$10K
CW41d4H1CzmdnXX4yFnUrMyY2mWJ6ffecryZeZzknzF3,9426.781053685176,1127663,$1000-$10K
cV9mdZH7Q5pR48vdRaHSSvxi83nMzWeUQw3hnY7iKP3,9426.78041222742,1127664,$1000-$10K
9LHZZyqBJq6Tj9f1voWSx8o5ubTu9MzM3AU7jo11111,9426.752766127194,1127665,$1000-$10K
AHGyPSR5Bhgnvh4GQETsCUG1sk7EYGDdfSUsipSKtPQV,9426.729394496195,1127666,$1000-$10K
CXuDXNUaEfKRha3VBJPD5EDfjFg93KawCLStUjUdKxg6,9426.679727017789,1127667,$1000-$10K
59EpQME9tPYntSRngUrzdXPBDN871XmGwzbSUJCuzptA,9426.64655173496,1127668,$1000-$10K
FP8jgjgBqN8Tc9vFRHvcb4fv418on1GSaSM5KVZ9w2Td,9426.636778178048,1127669,$1000-$10K
92FUxFzTDUtw5hHx65hHEApTDksD4ZMHZ6o6dJieETGL,9426.61853482424,1127670,$1000-$10K
9xHF2HVpqjQecdDutYrDWpAXo7AKfEqGX9PV5fXujnEd,9426.608452410492,1127671,$1000-$10K
CMoQYuBoLoYjDZA4P9yAG1qWX9CYBvvSgRng9AhxkZq7,9426.589908783108,1127672,$1000-$10K
6iZQhk3zsmX8sLCB4dW9RD7TuDsqLJVvoBDdgnJt6mH9,9426.586168194946,1127673,$1000-$10K
8nuZ5dzRKXm5Syd5cjxX9n2dpnjvKfq12tgzME7WXa7p,9426.582111423932,1127674,$1000-$10K
HsYAQJoE3LYjWh9NgW8r5Hnwisnq3HWX2NjKUtVCuhGN,9426.530301813224,1127675,$1000-$10K
FqQhavNU14HRFWtpbBYfVaRUgTZqwsdYVAh5hvB85owv,9426.498995906979,1127676,$1000-$10K
7uAS82hYKjc1Atx3LLvd9k9jMbPMUg8oQBtuz9dcSTaS,9426.485321516182,1127677,$1000-$10K
AE3gZ4LGexWXEP2rA2oXvSMFd73DVDQa8bUNddYScpL7,9426.483831099009,1127678,$1000-$10K
AvaxRzKYqfvku95rBjihgVkytUCiqpHrSUoARSftikSP,9426.478893508276,1127679,$1000-$10K
Hy28gbqBLnw4QRQ9Ampmm3H6hA6s5ergwWCHpHVBSw3J,9426.462332196648,1127680,$1000-$10K
85h5zFdjtaWUrt8EPR4ekUYsG5Gbc3NzypSzYUvunqe9,9426.42950308486,1127681,$1000-$10K
HoksFggax4PosQANJLVt8Rk1ayUaiK5WT1oPRFrfXitX,9426.419501850058,1127682,$1000-$10K
DBmPZmRem9CkDLyRZDfLLe9kDjujF8hVPsAnv4iZtGhW,9426.40630018157,1127683,$1000-$10K
DRy8CVvbPap8NkzRSZaJVwjCq8TpSspUCVWcyEQTn3W,9426.389300266277,1127684,$1000-$10K
HuSc8McGsRcr3kYE45VJ2EM1VrQMe5ojz49tzASGyvVj,9426.3707543477,1127685,$1000-$10K
J22QosyvoSrmpDyWq3mDCJ3iAEYKT9kqB5pSvnnmNdyQ,9426.345411118826,1127686,$1000-$10K
Ct8xCQjVunxByaNv7wLkmyPZR65nkg2BBFq7QmMCZWcF,9426.333362877938,1127687,$1000-$10K
3usqCVHErcCJcsguSHbPkjfh5uThEVEXhEezMHhZVjvo,9426.3061253329,1127688,$1000-$10K
7p33Y1YHncaxodjasMGoKZrNgPFmHUfUf1oiVA1d17Sm,9426.27194658975,1127689,$1000-$10K
GLf29DUR9n7g9H5SXJAf8m2GRPvoXWsEw6viZ5erSGUV,9426.249319754394,1127690,$1000-$10K
2zDujHeZJ4MPTMZXKewiaqHw2peqoHYSmGDy311CfWub,9426.23149617008,1127691,$1000-$10K
8d7wu9UESaMKmUC3vD5UKjxCc9eG1sDim1it97K7ATF4,9426.211324300486,1127692,$1000-$10K
9Apa3w6iv5ao6iMAY4QqGVS9V77DYT6XtjMD5sDYS7Fx,9426.179163364443,1127693,$1000-$10K
BYoQXQPRNEau6n7obNPDG4tGucGKp1PHz69BSRdhKKNR,9426.1681104883,1127694,$1000-$10K
DR3NFBRYVrLwXNcfFAVZ4ZisAJRunZNKuNS8ozbz4ex2,9426.100103277,1127695,$1000-$10K
7rZ3NVX5nXJHXwojiUuYiZoqpjT5qZnxG1bHr9GBpLYn,9426.09845977244,1127696,$1000-$10K
JDCwQ3fBScMBEHhmNwCTcj1ieqnMunPgDajwf6H8xvVK,9426.074259984773,1127697,$1000-$10K
13uYQq8udEwCE5gWzGCjwuYkiUU4JKgaRUc1iWDq2gN7,9426.073754235962,1127698,$1000-$10K
J7PjXA1N5VDPm6M6mJB1hHLPm1q2mjxD7EeJzVkF6rCH,9426.038751712289,1127699,$1000-$10K
E11XkiA8pqGGqLe582CY42efmXsdjSPu4iWAncxVePGU,9426.033786344799,1127700,$1000-$10K
8P2YLfi7btJ7br7hz2jV8oSj2RSB8QRetfzHszWDNwCS,9426.000459540053,1127701,$1000-$10K
DgUmcmt7eEAQhNt2BztKaHTCF2Q13b42shEA8LHmTQhh,9425.994009841294,1127702,$1000-$10K
95JEzUbk43oyBAo9QEUyjog7NspCJnqn7bEN4cLqh9b,9425.989896263225,1127703,$1000-$10K
6e6n9Yw2yGJ32Et8MnDgU65voefh8iL19HZo3NkAnT5A,9425.984948074733,1127704,$1000-$10K
HYkK8v6Xjc6detdoswxk6DxWbFfHc4N212QDSCbN5KME,9425.982795888081,1127705,$1000-$10K
8oykonkkNKgSHcSksvm2kmYJ8FxmjtXq6CkVdhb9CPQ9,9425.970996554595,1127706,$1000-$10K
3CPrszjFKNFqFcqDZEvEc2RxBjNsysu7jKadDtcR8SLN,9425.937895616113,1127707,$1000-$10K
358GxBap2fjz8WjJBgSkFkrT85L6nC3eiNXTM9jEZnkh,9425.90949394582,1127708,$1000-$10K
9mvrFtKAcYaf2LqGkARSpdhXnQop2RRohc2fg6GfxYao,9425.894951067145,1127709,$1000-$10K
Buf5GuenzCgS4yjomQd31HwajjuwHCosNytRGrmgBLjZ,9425.86754206476,1127710,$1000-$10K
47aNnbR6ppcY99mLWRKUW7FhmGwF7SJ4zNVohZWcspB3,9425.86507559502,1127711,$1000-$10K
AGPtwkj1gd3QemNPJAzeiCQyobjwRfhTGzSc6uYd4NsR,9425.8645169228,1127712,$1000-$10K
HAjNoRhyw8XXYCkx9jwpepB3yfzrRp3f2qmafSRBHnYd,9425.834363918806,1127713,$1000-$10K
GYYJxdibujEVbhD4Z2AGBWnyz4cvvj74FLi7jFyMpL2g,9425.810474811555,1127714,$1000-$10K
Cp1CtEyng3gNsLY6sdz7shuccS5VZ5Wgh4VN9QZw1cu3,9425.808842439954,1127715,$1000-$10K
4LGzyUxDr9LVm3fvScTe9LRyLgSzrcZ9476mPPdnDkm1,9425.792167413,1127716,$1000-$10K
Brv5TXxLMqrcx6KiLVJxg8Kotvf9RNGuyE7p3bgzXxMT,9425.753390448313,1127717,$1000-$10K
3hdjzFGkXYd3E7GZzPf6Av9yv7xGyc3jd4QrydY19VZP,9425.750222168588,1127718,$1000-$10K
HpWwU83GZHfqUHVawCLtLPMCep2myAKZoWDAfUiXS6bi,9425.738835694037,1127719,$1000-$10K
HJSc59PkvTtd4sG3HETZJy5NeHzjfxDypTL1pnGsKKmd,9425.737404132133,1127720,$1000-$10K
BdY8DrHEsDJK6XVnuewFnpcYEDA8cTWy21CbbgZbLWB7,9425.725403217892,1127721,$1000-$10K
6g7FUFYGuhNrhY1BZcBPEW5F5BWfXQBEWcmwhPrhsFRw,9425.696839238397,1127722,$1000-$10K
63PiMQ3Z9Q3Q8iiVLxNZZDEDPEB1EUYSFAyoxAwcyJTo,9425.68666594779,1127723,$1000-$10K
H6tTRUFmXY44FrnVQb8rHMaVc8tEm2akhzSvRJwHNGsp,9425.682483424938,1127724,$1000-$10K
HF5mVDzH3AHaZ7aVy9onNMVmc85Sia1XjL3FLtG3Rtft,9425.671064979559,1127725,$1000-$10K
FWVojAm3TgRBdoksZawdveuoE7TEdouYpJJS7Q26Nfc2,9425.66093276456,1127726,$1000-$10K
HdabMXMWHxgnMGknhK4quEiewppdG42yVkhxev8zEzmR,9425.656006230085,1127727,$1000-$10K
AUjEWN8uMuFMbMJVivJZyyVUKLC47mPDXDkzGmCsFcbu,9425.652409173072,1127728,$1000-$10K
3UbQDRS2WsEq1JNG3pTRECda7WjZ3kZR9cp4bYWwWkxd,9425.647094158165,1127729,$1000-$10K
3j4kNAZfLNzYg5ZbFQRiXtKFqjYgjED8pipSkuf7ghLv,9425.638995767236,1127730,$1000-$10K
9FCdPgJMw2Jv7FLoD2qwnPTCzJjJoA9zSr4tg2rRmzqs,9425.632438325103,1127731,$1000-$10K
6JC1Pa3LYwUjHEJiGWCSMWCqJCcSALAqP9GeYWLaJx6J,9425.62865278229,1127732,$1000-$10K
5VrjBhgGhHhR3UJ3Mi7kU6kDyYgAkZMRmze15eSGS4Xu,9425.583843110417,1127733,$1000-$10K
FRhjMU3zHyQBBvK6sCaV9bePYm65i2QdGP4kHu6zz5kF,9425.578560548915,1127734,$1000-$10K
AUAgVjzypmuE3jUNF3dyEVJb4sCJTVRgqDjDKAhXnzpw,9425.565789273398,1127735,$1000-$10K
7HbmUbQFcdBVpgsfJVUXqyxBt1Lzwjt2zJeJbiDcnn94,9425.54782405964,1127736,$1000-$10K
HLbDmS5t1ntbJ6tKKnvAve2BJWuWRACrtjhqh3M3sMHP,9425.54180850869,1127737,$1000-$10K
5ZyG3WMZaTKSZdsm1QCL51hA4GPeuFYXVJMa3Nf6HCKN,9425.528167766553,1127738,$1000-$10K
JBXoDaqrfkJJxJSJAevbYXAEocwaquTrJrbpCyVR7heA,9425.5199572463,1127739,$1000-$10K
AhCwjFGPr28h7m5PX1PUqk87TVZ2G8ey9tbBMxJ54cmv,9425.505447106338,1127740,$1000-$10K
G8HwNqRAzCtngHP73ib9hR75XeNyxCYSpsdFziLUKPwr,9425.50345969378,1127741,$1000-$10K
G3Ttjn47J4WCGAYCjQ6ca3H5A3Ppisn2Q9RG8sRrufZa,9425.48124200716,1127742,$1000-$10K
8UTw7RV7rVmjfCZjskA8TQ3MgH6G65gi5LYyu4XrJbLF,9425.477554558986,1127743,$1000-$10K
HwbVbNCBSPvwpG1bRjcAoPnsUcAeLbsKAi7kXxmC7yMx,9425.476191769418,1127744,$1000-$10K
Bgum65CxnfndExG8vKispX4sPBjjNNghFoawM5KyYUCy,9425.472912380788,1127745,$1000-$10K
EpfMbiML8HvYYc9tbEtCTy1HTGxEAbekiYzsC8KV2vNf,9425.46148588473,1127746,$1000-$10K
2zntAyKVqVPtUGuRD2bMaC1QHpknXEpfcPZ3uiof63FD,9425.449676077573,1127747,$1000-$10K
6poAFqzUNKXFXff8QpFEXzrfUMLwvdMtweAwL5t5jFpR,9425.441095036054,1127748,$1000-$10K
Hx9DPKn1H6kKJJW7nDLdSZaebXdgkskQ5JoMu5u2izpX,9425.429096854657,1127749,$1000-$10K
3qnpNJdKuzy3uvwLZyyhAw6twmyCNrqAawEXr5aFt3E2,9425.424610993952,1127750,$1000-$10K
Az6XyNRFakE9RSs6dZPeiyXYtu4939jqQsMEdQ3v1EC8,9425.407668729982,1127751,$1000-$10K
rauDYkUgnN3kpcYZfYc96dpBrfbedD2dUkHPqxZ2HvC,9425.391863843879,1127752,$1000-$10K
BjvrF5wwMKQd2vToKLZgG4WMCJCHLLEXAgdYyr4jbHkW,9425.371831065488,1127753,$1000-$10K
APirj3oogaMHpb5rgakBFbRwbhgqS7ECFhrYzqokUxp6,9425.337968350259,1127754,$1000-$10K
AbE9E9KAvMLZBq3zqpTKnikBRUaaeo63pdWj613YfUP1,9425.321528177868,1127755,$1000-$10K
DkoaEn8QRUDvqgmcSXNkyB5ce5cZG8gePrtmntL23fEm,9425.282029363127,1127756,$1000-$10K
FD1DJibDAKnknmKbC7EEydEY1MQZVK4AN7nyDGSkZEcj,9425.26818900282,1127757,$1000-$10K
8wkJn8xoRpuRkGcbXCE7gBhwLcWJSX7L2ukg5Wm2rrHa,9425.245341939351,1127758,$1000-$10K
6ke8Vi5GCA5EzjV3Z721s3eYgUZrt7P1BfayxyTssgpV,9425.237766219061,1127759,$1000-$10K
3t5e6yMKicttrv9mVgij2v5mQqs73WxX7cW6mNy1LrQm,9425.227257282691,1127760,$1000-$10K
67CuEdg7giQdGKiJb8Qpie9SVChgFVh3sf9Xa4hapYc1,9425.21286579042,1127761,$1000-$10K
AZanuCJtBC5KhbDpk3TYcPSucpA9jDyKUwZfmAF97w6c,9425.18336509043,1127762,$1000-$10K
Ff81WcYagmp2vRJTNdEFmN6Drpw9EoosRKVW9AwBij2o,9425.178787370238,1127763,$1000-$10K
rHK35A6Cf6sYepTUNmXtgPZ33jC7V4qKY5mwLB65dWX,9425.178649854079,1127764,$1000-$10K
D2GbyURMNmQBqL5CaZ1uWENMT1QobKucH3AcJuWft6AV,9425.17588840498,1127765,$1000-$10K
ETYQ121hEZLGTAmLFaYzpjD9as4dRYkZik3jdEyKPttF,9425.17546938618,1127766,$1000-$10K
6msYFeeswvuaZ6fBbY8ztxWychYf8dyxdGafUzQx3HmZ,9425.148724251336,1127767,$1000-$10K
nGWa8PTRnVvdjPrgx7MhQguYxW6KwHA96AZkFXh9FZb,9425.143535960038,1127768,$1000-$10K
FZdEDLcqGmiHwzfKrTJcSfsdYm8teKM9iADzzGf327Xn,9425.111016165614,1127769,$1000-$10K
Cf4LY81sW4rmMjFLYNnRHe4PJgmLszSKqqrvmzYb9JyM,9425.11054381011,1127770,$1000-$10K
C4eF3kBRdz66N32UR9C2QZotx6AZqqoCzmNFRi7ncQ5h,9425.108398088347,1127771,$1000-$10K
5LBMKcmprENQ4F8k1UFhujA3WUDrLTtDn64eq8MEQhc6,9425.106992321322,1127772,$1000-$10K
4m2DWGwNqgD3LR29vdtiW1aUryCnsX31xsR5P8tzLrFj,9425.104386369143,1127773,$1000-$10K
4zdqdAXjjkjeri2XxRc8KxK23BEPDmVziNnfrDrTkrUo,9425.097120677961,1127774,$1000-$10K
6wRkQDU93F7H1ZJRFeGCgrV8Z38Bor1MWWu7XqbULcDb,9425.076517521791,1127775,$1000-$10K
HTwiRhHqgyq4V7xAZuSoEFYc6J3y7oVrW99yYRv2UTjJ,9425.040776684966,1127776,$1000-$10K
8JbMXZcGzfCEoi9x5JTxdSJZga7HJzPHJ6DjS2pHBehx,9425.017839962211,1127777,$1000-$10K
6gx34MUPHN2j1tn91fuE2xC5bKgWcMVJGLTaRSQSQCwW,9425.017472858068,1127778,$1000-$10K
4BHWMjLJmmZzNKfrDsZcD1Cum6vBndq8Bq4CY8Dwh7pB,9425.014282597034,1127779,$1000-$10K
F1EqskzndKT68gmNoQD2jz3VRux1fAVFfxY7DWCVwQuR,9425.006964018028,1127780,$1000-$10K
4JMEUC3vyL4fgrFTXwzeACYzrSrL5CAvtgRuKAN5BZ5D,9424.98638123229,1127781,$1000-$10K
GTzKyhejacgefAMp14xfeYeoAUPRctXE6jRkfHkpjEib,9424.978008753014,1127782,$1000-$10K
6AXxPAf7YxJNhQRSXSsB9A2KgXc4DfWpPLGPMz5n5y9r,9424.96996072394,1127783,$1000-$10K
2EGeoeWbrRizBzyq4Hoqc5Df8fGHfaddftPQcsAv25o4,9424.960982352668,1127784,$1000-$10K
Akh2fZYc6XRrSZLJFdbtYkhY4oaiBsWvVgwzVerL2umt,9424.953556248762,1127785,$1000-$10K
GhhzH2thRp9b66yBj6STXM8MAPqTjn1MvgEsWLh18mVK,9424.915371357341,1127786,$1000-$10K
6y5zVxE929ycqQfzQYX7MCaBP88d8JRRBCHeyNDRFJGH,9424.899145973457,1127787,$1000-$10K
6WmEM895mzXcGwgirKgKAymTJgb3JGCiuFKT2YgKz8aE,9424.88657993331,1127788,$1000-$10K
5YDguRnAYVEi94TTpDPxpaGesrbnyWzSMzytwU1ZSXVZ,9424.886010114451,1127789,$1000-$10K
FWUrZnCvUXag8c466jrcFK2CMWWzs2Qzk2XmkSqsACGV,9424.842535806949,1127790,$1000-$10K
DMsPKisBp8NJcQJdizSBxfAhpGXrYkYF8C2bfdhNhN97,9424.817036771068,1127791,$1000-$10K
5bRQtcuica3a5qktfWZbuYwG6ytDkTDWSe9NSahZBQs,9424.81443987967,1127792,$1000-$10K
BrACTd6cm8x166QMD6oK7ravygHNYitJsUV3VdieunBc,9424.722646318527,1127793,$1000-$10K
AGy4QfspVVbEhpjY25A8JTFbyQLHGx6DpEMwPwtozMCa,9424.686213574038,1127794,$1000-$10K
Dzu6MZcgKgfYv599Yuv8GMWHh8dnMCzM1Wo9KtgffS4j,9424.661621910298,1127795,$1000-$10K
6EAtFHFuNp9mzkSjUtZSta7XpcMt5NV12RpB6c5v5HRh,9424.658832573356,1127796,$1000-$10K
H1FZEW5RxdMcdCUE95XM1VArjqMpzoYdPBtwP3nCDf5K,9424.600549010658,1127797,$1000-$10K
7AYcU9G3qRQ64Mfm5SNPPt3f7m37s2RuLP74QBrehhMw,9424.584090674962,1127798,$1000-$10K
2h4HtXKfZxMRW9RzYMd7WnAd9SVUsfdq5REvd49kfbLT,9424.564797009683,1127799,$1000-$10K
HRhonSmwGBkUpvS3rwU2tqi2mrsjXkL2BPP3wLJnJk69,9424.537856919778,1127800,$1000-$10K
2GmCUQkbyPEZBZ1V9CZbxqWrvLZTyqvWEownhQmguF87,9424.52020906177,1127801,$1000-$10K
HcaWB5dqEtTRiodcGEKAm2pi8HAjyA9Jp5HvUGh2Zesn,9424.483921319348,1127802,$1000-$10K
4XtY4S9AiKAx1PGjc64524yvuV2tQjaua81n15qvLw6z,9424.464186901125,1127803,$1000-$10K
5XrJ6Ftj2jAP9Az9R8reGcnrsfQdXKqdYUa1aa5FMWck,9424.451152481472,1127804,$1000-$10K
CuzGZu3uNQ5VisLmHquyur5yVQWL4bZj1g5QQDSPTsRn,9424.449456534057,1127805,$1000-$10K
CHNxd2KScHXEhstQ6nbdQrkG4jU6j4fy3qFjA3cgbZEk,9424.449264977113,1127806,$1000-$10K
C2pvQmztErR2jPZy7WiGZzbduDfS34WogBaJ8JoMazVH,9424.441397742075,1127807,$1000-$10K
GMUMtkRtkXAKg1c9DVabZDgEyezoap4qv7h6h4SES2S9,9424.437227471522,1127808,$1000-$10K
FR97V1WLKMXaPoUabSwHNamzF13463LmpcvJBFg36rvf,9424.435731266778,1127809,$1000-$10K
D5nzqi4rRFZL94E7vmaQyRBXjXgWmskjP8B16wRNXiXC,9424.41268582597,1127810,$1000-$10K
7xQywJeMnUqF3qRrKRYgqDwMfqkTBKCvYrVYqwn1fHs4,9424.394686818889,1127811,$1000-$10K
83wpUUL6D3WGTM2R2ra5KQT73afj9emojkFbHkQZCo2b,9424.384230196467,1127812,$1000-$10K
6EU2uNoJZLzHmh5P3obsFVPeTn73Hpy62TckWtTPWaHt,9424.360535351847,1127813,$1000-$10K
39z3SPr9QQo3qp9Dr57pawsycdjdrq4AwSWFpkiUUW8p,9424.354514164435,1127814,$1000-$10K
FFi435xHcrNemKkzX1ZhCDWQH498KpQf13HMgeer5CGi,9424.35380162176,1127815,$1000-$10K
FDsakyCKAEAyaMY3q3EXdDXHodjQra8a7SyRW3Eqzzog,9424.336285592277,1127816,$1000-$10K
5FLHWiE5ZA6ysH3fBW9DN2vh7rrDtvzAiQkqT6krP2Dv,9424.324957127983,1127817,$1000-$10K
5bH3TEbDLXdXuFGJKwx6dGcF5jmyeMiQhWFAB4um7L1G,9424.321898166669,1127818,$1000-$10K
4q4KmVPpUHQK1wbatFgb7R2QuAEu9VbJmUvfpVW3bUj3,9424.312940911059,1127819,$1000-$10K
A8vcpj9mHWErTjCcxAKPdpjxjzpfjqr5RcnmQQGwMcfo,9424.309977926709,1127820,$1000-$10K
GhxbQHj1kcUxX4uKe5h5CXyXQSdfRiu8MWLPxi5oZsxP,9424.30328246176,1127821,$1000-$10K
6wVMzEVFrCh8TCPkVcE5NysAagHukz81B1wSoQCvuTZe,9424.301909249682,1127822,$1000-$10K
J1HRZfnoyKSQddW85m3rqhAqSER29q8wNs2C1bbBxEyq,9424.240017583732,1127823,$1000-$10K
9F58S8mXKRTvWdod4RHBbDy7NCiBMda8EVppWDpfS5Fv,9424.23314682196,1127824,$1000-$10K
9cnSTGDEVajEFuy7DTNMZdYRMPEw71o5FXz9d3jCEbcs,9424.2137008726,1127825,$1000-$10K
Ts9LFHkvy5urJivk9EXtQHff25doHCqqMvusP8MUPFU,9424.213662351689,1127826,$1000-$10K
GA3uAR3RjhsLQDUdfcBnCwDWSryrATVS4iHRzPTgmBxT,9424.195438312865,1127827,$1000-$10K
7Ng62pwGe8gjRcQBZeXEHsLZwxUw841Qcn3j6uqbUTy5,9424.189174518353,1127828,$1000-$10K
FgAMaEpot24w7rcdgZMED8qPKMLo3sEb7iCVCmdn2cP9,9424.180999999999,1127829,$1000-$10K
GWdNRQMuB9n7hvxJRLy5JNcs4xxznrSoJAp7UcvSM97R,9424.156164252221,1127830,$1000-$10K
6RSSSB8Ma8T8LjGTpDPDpMuAExybiJYpXMuet4Wpb4hN,9424.154737437839,1127831,$1000-$10K
HLHD1dQbtivNhFmESbGZiGFz97EWABePZXguMv6Htpzi,9424.082057476924,1127832,$1000-$10K
EtH2pKTKqRbNTxqV88zDrTvASPrVZMZA3kKfNv16WYQK,9424.054248972305,1127833,$1000-$10K
G1n4foA52oGhCWgndtHHVgokQhEzNSMB5LNBfrEC2z2f,9424.023481298902,1127834,$1000-$10K
HE83qm67KXdqXq1zDN8s6ZJsTwccGnPRuoqnSSKtpNJL,9423.990862929286,1127835,$1000-$10K
2D2Nf2iiUNTGh3A8UcZ3PETBNL5YgMWuAEPNDfQAz2yX,9423.97576599913,1127836,$1000-$10K
ALRPnQcARSnCbLBgNaCDXXSmFJNHWYHPJuyMm89jjmSN,9423.95767997624,1127837,$1000-$10K
EBuR6Z4jugrDCUpBDYSWuxUhJ99ThYz6aPCzuX3bW3z8,9423.946922592859,1127838,$1000-$10K
8B1T3rvtvBoNY2sM7XzYB3VpqVFiJ8zuJjWbogFYtdwB,9423.936047622909,1127839,$1000-$10K
6JJq6GMAWAFrCYN61mYbj8aJk9TVzb1334VFJmVuF2CT,9423.85305072606,1127840,$1000-$10K
7W6aHDNY7H8UKufomnfgZY5PLSrxVCm6BwwVbbz5S6MT,9423.819005325622,1127841,$1000-$10K
8vamgtfbkZDYjwFQSVdFVXPCpPwLbRZPsJovpFWW8XQx,9423.801698545618,1127842,$1000-$10K
GywmxeokZMe6Dh3BApKMqMjPDtc1UAndiWgkDmfQk3NR,9423.800625255457,1127843,$1000-$10K
GK2E6t5PXe5FJtnFvidR5asRnnt7eEBQN1R3oyiS7yeN,9423.788736450108,1127844,$1000-$10K
4XHjaJcem6kq8W4auZdHcFvTnKUchnm991uu551KSmxE,9423.762773746947,1127845,$1000-$10K
9huT9MgVkh3gx6krPSpn2sxVpq8pmLkwmEuS4wtgaURy,9423.754586320216,1127846,$1000-$10K
8rWqYTFaWPJtkubx3iYCuuhkcJjTDJVeqmxZghcZXzTf,9423.748042863464,1127847,$1000-$10K
DipHubqA9umDt7EmcJV5iA9g5pPULRZj3pzHPkfhpiP7,9423.743554986242,1127848,$1000-$10K
GWBVw8xvhJVv4WuUtWX3DYqC2YxmmYCWC25Yj7BiszTZ,9423.721193619609,1127849,$1000-$10K
F47aKeTuij63rDTeE2u7DHZbWZgAa7tZuWs2sSDw94GB,9423.691288967351,1127850,$1000-$10K
HsAjzb85SE1ce3JRGU8aT8SyDdNQdNaDL4V4L1x8BA48,9423.675187362309,1127851,$1000-$10K
J6j5DiXZoofnVZmG1jq1ktAjyZCSRaJrMZqjdqVhPL1e,9423.664484271008,1127852,$1000-$10K
996b5JdHiKvqs574h8CgG1PjxteiBdvyN3cRK5zqC1q,9423.651070571053,1127853,$1000-$10K
4utcKeuLiEHwZ1A4J1wJRqn7vfpdJg9jhdyChe9p4iQS,9423.644092825929,1127854,$1000-$10K
4QcBvAJKvcuQB679DvXHWkUNMYpSCrncfRnv47hYFsty,9423.626204215052,1127855,$1000-$10K
AAZwBcPWotzcF5TJDi3pggRjw5xUhv32gU7ZyebMupoV,9423.62341594779,1127856,$1000-$10K
6gAktWTcQQFL9VMaXyM8QNK9BeUuKWykTtXdmMt1WuNK,9423.620565652956,1127857,$1000-$10K
FHiMMoGoRcVyaXrktpPqkgxwwkEPTCa6ZtzaLs4qCs87,9423.617384113355,1127858,$1000-$10K
57XTqbu6xFadLYEkhrRmuYuNYpbju8FyHSjBALktmW5v,9423.53034877896,1127859,$1000-$10K
4xgftuX7dThLF4SnyRhA8LKMFJJRiFmXKxMLJwGhQUYr,9423.504310871229,1127860,$1000-$10K
5p9mJWMuJgM85j1BX2LYkQv4nFABkTa2XUEpxs7KtKPr,9423.499337458792,1127861,$1000-$10K
5356v2UPdyH76kN8Q8AXd5BmuFtVDdyNpa5a3ECzh4eq,9423.468236710885,1127862,$1000-$10K
4wCehkXzvBDHSCiY3FQiCPrL5HAbjp3fszkeJU8Yo46B,9423.463923504609,1127863,$1000-$10K
DevwAjmi85QuXU7pVNHipDn8YYM5APEQa2JiB4GSwfjj,9423.458263077344,1127864,$1000-$10K
GfkhWbp4a3NpyYzprTyA5tsH2hFdETf4W8KaPG6jWpKp,9423.456681219086,1127865,$1000-$10K
GytmgV8f5i4n88TrRdDUuUCxCXNsoAqtfi6ekm8A8AKD,9423.455335921317,1127866,$1000-$10K
hzK9vczEuBXVJLtHfC6rmjkqa4KmhraEgrbPvCCPV9e,9423.451560996638,1127867,$1000-$10K
4qsSxMTwzmH2PxbPA3K81QSEh4osSHYv6GHPM2FpdJHj,9423.394043173095,1127868,$1000-$10K
4efw2LeKeXkEXqnfJbjgKvoTtjNmzePjXQSQQiZdoCyC,9423.33948876168,1127869,$1000-$10K
2VrxZUg7nEWETiHzMZm5ih29WE1WRDWRpeNZhZudq8EK,9423.32594216707,1127870,$1000-$10K
4e1uFnpybxZQWbRVxZyz322cazXWMq2Yneq5giM4kjg7,9423.275520276668,1127871,$1000-$10K
gGWjuJ8WeCxv2zWL3bvtKcDeghs5ZPS37tY4YFbuqdT,9423.26076346918,1127872,$1000-$10K
8c56esCRSg8YtX3VREhLFjjvFZwm4BkSKjDh3kJS1z2i,9423.25310214546,1127873,$1000-$10K
ChXieWLSgEL2gSFM9UFotvAB9H77RNP5EDLAM8XMTGuA,9423.252055807468,1127874,$1000-$10K
4gTCnDyvpdqyanqKL4PYjS7zPZxCmduGM2L7zD34QH6s,9423.24863331775,1127875,$1000-$10K
25PJRc4T8p9hf6xZC2YRQJ5r9pfCLV6xLyNLVAVX3GMX,9423.239439955738,1127876,$1000-$10K
FCf2DW3gmieHQvji8TF9UGQHMExQbmgwnUwo5GD5r6Ef,9423.21710356294,1127877,$1000-$10K
3H3q3ibj4MEUJhtdGgcBoV8WtGxi98G1ZYJtV5XYAD1G,9423.21143403157,1127878,$1000-$10K
2mafx9xN8E96HHG7QnvhTeSWdpLp1vNw8vdZNY7VLQTR,9423.202314834221,1127879,$1000-$10K
4VbLPzNK9YzJuu2PSZzCtqvjgcF12vdj9jRbjGzkqZkX,9423.175655735064,1127880,$1000-$10K
3GuCkeLoj3Ca4C3aF28KKXHogbHxj5M9Aq6LHm5Kpuhc,9423.172976026206,1127881,$1000-$10K
DhhGh39hPLbnGTjZu4SbGkWEnSUvtaGa3tUgNarrCnLW,9423.100467940989,1127882,$1000-$10K
CQTETuGdFjNByGSShzUJgLequ4hQ7XS2E63TRuAVLuR3,9423.038315137253,1127883,$1000-$10K
6WVQwp9enVfhAovieZe9PV9LwyNzZT4u7S285WGRh4dZ,9423.035708395182,1127884,$1000-$10K
GqyyK29Azfbz2MZcrkCEwuTWzCZxsapGmoVT6sMrezy1,9423.027742010345,1127885,$1000-$10K
4J8aTbnyeWWBLCCvHyEjD6VJb9n12gxAPM71UF7SGct2,9423.014209722429,1127886,$1000-$10K
33w3WgRwHRWAPgWPphJBA3jJykdwXsE8RDVXYJczNWN3,9423.014119872134,1127887,$1000-$10K
B1CJyaCCUVE6BGBWaL8rZPNAVrGJc7hdYRBQt46rJuBF,9423.01389585952,1127888,$1000-$10K
AbLTZcSxtFJPrEBDdQfqGkk2NkfncsPJa79eG2LFCVFr,9423.01075915503,1127889,$1000-$10K
2ULNbVLgXEinVZTi7cZfB25m1viv6Wgd1ZmkuqHCNWc9,9423.00885108613,1127890,$1000-$10K
3vvwEAS7WJM3Vh8dzhXwg8EVZxLhrA9ViVSDbxWXuFXu,9422.991585211523,1127891,$1000-$10K
EfGm64fbWGZxEZK699cD8WZitEVMtxwm8wxCryw6Pq5H,9422.983643831349,1127892,$1000-$10K
EBUqZ4XxpivckvAL2XZfX2BNBS5AxJ7ZhGpboDt72BLq,9422.97417646898,1127893,$1000-$10K
BvBTGDaQedjs9Dqzz35PdzkEpnbVpkKxe83GTAxd8q98,9422.974075155154,1127894,$1000-$10K
DaGY9Yjonobn88zArXCKRVDB7RCoivguYpmcLXWucMzq,9422.96601667373,1127895,$1000-$10K
Eg3agyqfTzuwMEM4oYp3ybnKBvZ292ekR5co2ZsWRJmB,9422.937323273178,1127896,$1000-$10K
G5TCHk2LYtoaUVrMHUjeyLCDbpTzSH4VTrBz3eRYAi8v,9422.932328447083,1127897,$1000-$10K
J4bEwT2aZDgDjDgf4MjeEBsqwrnoBe4gi7ePbGgS7aGK,9422.899804418174,1127898,$1000-$10K
Ceq2c7sTvbyJTuEvN3BVg7C3JheubRSMfQUCY3VRc89x,9422.89861204731,1127899,$1000-$10K
96mF2z5in1WzbK13C5iEWx1vt878ZVGDyzN88cha6erY,9422.874746951766,1127900,$1000-$10K
2zNA8jtG3biPv9BFoDvjLMSC5uXn8EBgk45aqxnXAcuv,9422.863715109348,1127901,$1000-$10K
Zyg6CMQf4Ax4JFbky8VLKHHpuFeWX8Cqmd43mnRYmpR,9422.861935874727,1127902,$1000-$10K
99sSVp3XbNDiWTkpZJWdFE4Cx1T62GCacxAvn2yfc4wA,9422.8225326155,1127903,$1000-$10K
4LocDkbqExSytbD1yjRDHR71LBVUwdNXiANzPEpfRA3s,9422.799120237709,1127904,$1000-$10K
3AXs3gDUBimXGBvp6HzFQ38pufFGNHHrsTWZ1CraBbH6,9422.75620673998,1127905,$1000-$10K
HiRG1SwFEf7XhrDqqAmyTfWkYyJjLJZDzoqhKuiX1UQL,9422.73506240606,1127906,$1000-$10K
3CS5L5K46WzSWs5vTRMR3YNwaHuHpH8os1isgCaHkuRf,9422.720960424875,1127907,$1000-$10K
5hpZt1yc4rZi5CnBMPEseryrxdZoeCWoVK7y9cNQTK1h,9422.716240643427,1127908,$1000-$10K
9PLvePSzyVeq79na9hhGhdRmN6FQ6AYq1N12ieNtcnCt,9422.7160316464,1127909,$1000-$10K
D2R3e5MjjA9f5u6UaYTa4wLJxBrk14fMWDxzqLpXKMBU,9422.714938651856,1127910,$1000-$10K
CdFNRmkUWYh6qK2hSZnjNVJGxxscG9KW7WWrquz6yzEU,9422.69993224457,1127911,$1000-$10K
k7Zn4t1pqwyioQGnLZwrMusq64etcS8orhecimo2NhQ,9422.675407948336,1127912,$1000-$10K
Cd4BoxSnjUgyHqDCCQqdSb6RGos837P7RJK2Fo6duXS7,9422.667618302059,1127913,$1000-$10K
4JGRD1VEhrPfrZYKmH8UbNo8jBFSHis7Z9EYQiachGch,9422.655204135459,1127914,$1000-$10K
BSbSviyhv8DwfTk1yrYsUsHWLPdAxhJCqUay8KYUUBwC,9422.653003683257,1127915,$1000-$10K
onBiJvA54H2wVfisbsR8WM34Pkoa1epdDR1DVVfbKwJ,9422.643102681846,1127916,$1000-$10K
Bqy2mxLR5xUBTTWLuMzWo14tthUyMvsaV43r6vZfDt3w,9422.637962980247,1127917,$1000-$10K
jNG4s834E2XEnWM1R7WLXUTxVccgSzNBazmfyAJNs4u,9422.6355522799,1127918,$1000-$10K
FdD1GyGW2yGF8QzgssQJTudfVPpYxCvWDVByNFR4Fg5W,9422.62106445561,1127919,$1000-$10K
GvAwJGR8ucuXUFGL8eZpiART4EuoE6D1sieA8ZF2sWaj,9422.620932737558,1127920,$1000-$10K
2JQDmzj38NkCudGgRs1w692qgx22XEisDZVrmbbKPhHT,9422.61114096851,1127921,$1000-$10K
HNiy4J5jv1FjocQ3gnWQ143GrLgSvPFFEyngVghas5x7,9422.57952725852,1127922,$1000-$10K
GCtWy2r7ksQH2WWFMcHvQxeTf3xmU94em7bXtnW8xYXz,9422.55638525737,1127923,$1000-$10K
2xfCchYVntcKQwXcGoX4Lm5ZWgw3Ey4ME7SY8MTo7skE,9422.555676889726,1127924,$1000-$10K
9rFRpQ1tgasNHfTLwU8SFuqWskVT9wHVRuXgn8eFNogd,9422.546886819473,1127925,$1000-$10K
FyvPscbi1mo1yPgDZazkEC2mKPsRxfdLZxoC1BAKg9z3,9422.517134438962,1127926,$1000-$10K
2zJbzBkJrq9CS876ymnoPsw91w2pbW4C84CtppJZnsMP,9422.451035908512,1127927,$1000-$10K
BzAzFBLwGYnQJW4RubKuNynoGtExVrKLbqmyBVkSSdN6,9422.449549411982,1127928,$1000-$10K
BQpPH3j8EqLaZ6cd4txPLv2nP2toc2pBK4fDe5FBVuJr,9422.428797326056,1127929,$1000-$10K
7YTQESJpdzChU8kDn3Up81dfLphP5uHqWXZQkz7eMXRN,9422.421563625683,1127930,$1000-$10K
FpJsgjcP4pTe4g4U2LrBk4hVFuTo44fXbFnGTm2yxRMh,9422.398834347667,1127931,$1000-$10K
C7RFG4s2TotFwCPcisDxoky2jjrWb7VD7w1uPz6ecwiT,9422.39620839384,1127932,$1000-$10K
FEEcYHoe71wqqgH99SEs5Vvbui1rS2fSuebgAHEyMPgZ,9422.373004942949,1127933,$1000-$10K
7qTDZTx1hhexd9hhhq1erAQyyxydkQeu6MxyPeGdoavQ,9422.36502582452,1127934,$1000-$10K
FfHTkscMbDU4KBjDujCwaZu5VD3m5cCaUZsFsKnx9giR,9422.360780978603,1127935,$1000-$10K
8FbjmZSHXuRwAQ5nj3eMcUQ5VymYsAMhsyDbSj1XhwYA,9422.351300966353,1127936,$1000-$10K
B4WuubiyGsdxE7hQcbYjJbWn2RATf3LjVvrwdB6d6Zoj,9422.345174051317,1127937,$1000-$10K
GCnhS9TUdSddpufwGBWzvxm5wzTtgRi4k7GsrTH7oosK,9422.339514743458,1127938,$1000-$10K
JBnGqQupsGmctHk3ouLR2sgQxArBPKrpiD28HtUP56yn,9422.335168701145,1127939,$1000-$10K
9yrzb5dZNXWmxiUJFyeAbPZmbmj1TsrtzEDtYFTi7tfQ,9422.315610590005,1127940,$1000-$10K
2Ato3HAPW9W2cbC3zUDj649E3UDeA79WmT2Kx4zBGe91,9422.294725491109,1127941,$1000-$10K
76R2AvQm5jbF6aituF6KzbyKDtf2Ny4Nf1Te94iMtNe4,9422.283690288292,1127942,$1000-$10K
HNayTevSnCTmoLqaEFm62kMuvKQiEUfXchDVTvqh8uFp,9422.262758413986,1127943,$1000-$10K
8s8HcQVQ8We9DQVXBJnrxTGoDsZVGvRbcpWKopmMbAWL,9422.258152774619,1127944,$1000-$10K
AP2YaeJyjjpT8VvBMUT5X95qnX6ba2rK2wRQQgVc2FAw,9422.249543031501,1127945,$1000-$10K
2viuKku8MpDa3hCACCW2Wdov6CCg6LJfZoLYKVKoEa9T,9422.246995336269,1127946,$1000-$10K
Gpom5wT64fmvN7Dx8T2suBuAtdZFZggVN4fGiVKrHgg4,9422.24523587138,1127947,$1000-$10K
7AStkfU4HpLXLTBTSXGukJLi9qRKz22bSDhasJtjXLcb,9422.208117965138,1127948,$1000-$10K
791ekcyGmxKh4ac86Gee8FtgSgbjFYBwYTsmMkoezaGt,9422.182328428453,1127949,$1000-$10K
7MRtcmyt5mBn1FAb8ck6Fgjjm79ZG7nkqmgKqk3osAX8,9422.154805237105,1127950,$1000-$10K
5GucKao76zcFNKZzcQcSHYMmHsRLBRKtoDpUJeZKSvt6,9422.134312633276,1127951,$1000-$10K
FmAe1NyPuab1P3KHg6AAH3CDqULNegwdrY1AjTynBn7e,9422.111894106334,1127952,$1000-$10K
6UYjyt3ghB6A1LqD7J13jJWjbdxpWTQ8NB29NoyhM1bF,9422.052546830319,1127953,$1000-$10K
8nSLH45GuLYujHE9FZm82jh91PpNqc5t1cqCBp4CdZgc,9422.04554628033,1127954,$1000-$10K
EpiqFKUg7jLnSDRQ7ohUwEinQKH9NmUARi3AzB7V6xUk,9422.041136430227,1127955,$1000-$10K
EFfiBPpqpHkS9pTwFZKoeugByjZQLao8s64wafcVZs3m,9422.019337313943,1127956,$1000-$10K
A4hAa7ZohjURNxtEzDgPuFNKyq48U3yTFL1AwwgQPsov,9422.008575721004,1127957,$1000-$10K
EgzxzT9vtCaZP17btSeHJUDDWct4y5MVoivJtwVsMdhr,9421.926430256892,1127958,$1000-$10K
89Zyvc9ieBURYuHLNHzGcujrCDv5RYGQSc64Uzm4XtFM,9421.891713230232,1127959,$1000-$10K
GiBoMhSi8npv3ryqjYs6CcBEKzGf914FQfAFLazYvzD2,9421.890528448177,1127960,$1000-$10K
9qDM9cJQrj9dTh6ya6hJ1qTr6b9rtZJVFBwV5Z5cZMAf,9421.875605981902,1127961,$1000-$10K
6RG5XBrGhn3ejAjTYKqSPzggXYMaYSjJoS8ZjhmnLo1V,9421.862276717478,1127962,$1000-$10K
HzmbQn6e4FobqhEYMMwG6T16rrRPBRjXU4iB9jLk4vCv,9421.861658759311,1127963,$1000-$10K
5kmCfwAszoCJw8zGd2QKSoUWesFMCGYJe23zKTa9iSHv,9421.833752162536,1127964,$1000-$10K
25cfCev8ZPFyFxnCvdjbmuFvnMPj5nWiA68ZSbDEz9D2,9421.820187354595,1127965,$1000-$10K
F6574kzDqZ2jbmvDgw5rRxXeRo7egds6XVfoKTDXj5ah,9421.753815603572,1127966,$1000-$10K
6mphyR3JE6ySwPZMGFs7K1tMS2abCYX52XKVFG9qAP4V,9421.72183098375,1127967,$1000-$10K
BaSfyYX849RfTP4kL9V897jA8bSVhCPfhcaBvHmSh55L,9421.71324724819,1127968,$1000-$10K
qBqd1CNzDH8uKFcYy4hEitUvcp9Sq8rWB8SNJyg1dju,9421.676365102248,1127969,$1000-$10K
DXj1YDCY5hwKH3m3ZL5wbgjajaKeMZg33xRqSshWuGu4,9421.664759004325,1127970,$1000-$10K
C6YMmcqySytxM8JEh41FBBAdZXyiNWeJKwX9wBX7adzW,9421.656893688083,1127971,$1000-$10K
HYQDGLUK5HhAKQrMUN8M7KPmXe5CDBZxaxnS5RVxV1XQ,9421.656104974783,1127972,$1000-$10K
39Xuo5bCGuGBRQDpCFfaKtEVMioHJNu3C1HehrJ5YbkC,9421.64824844944,1127973,$1000-$10K
Gg9mmmQSC4PfTSpH4ppU8VT5eSC4rVuByV2cag1gac1Y,9421.645970605474,1127974,$1000-$10K
2crDbVVpnFHqmYtdS8PjXujZE7gzibxo5D76uLDT7ZrP,9421.645382405197,1127975,$1000-$10K
G6iK2wtC9S8bW5UVeuJvC2XUGHZjffvAomUHdGWtHTz2,9421.635720799335,1127976,$1000-$10K
CcPFdQbUz2tzry2FptUm6sk2MWATKgrkuVqzb4gEd55r,9421.591031376522,1127977,$1000-$10K
C86HvXg1kuMtXGPusnYF8A5LmVJULpVZdqkbMw4xRvbQ,9421.581148428904,1127978,$1000-$10K
542XYWKdhagePcvUFX82tTWJjmAggaVNmYqzDiHcG72j,9421.560338246998,1127979,$1000-$10K
FwqGAe58gDYqhXsnDWa5p9Mv4RTEGiNVhoqx34RLUGpL,9421.559809007465,1127980,$1000-$10K
2B7J6sY1YJfNz1EhjN7GeEnhE5XL9BvFT4AtkMSihWRb,9421.536929571535,1127981,$1000-$10K
3LQavd5jMvaHnN6d13Y7UFEcpAGGEKea6goFL7wTWWtf,9421.533329731548,1127982,$1000-$10K
DwuGiSW3bAS1MEYA6Zr7B5xpmyHSiRNqa4Sascekwnyr,9421.513258986113,1127983,$1000-$10K
3prZRGXX5tt6PCjkNCQtaw4bgkNYYXt6CSQX1Vse8AiM,9421.510443896204,1127984,$1000-$10K
E6y8y8V7exoYE4NzRUNUbf2WN4LRv5MqY99mDDThDxi1,9421.499931058072,1127985,$1000-$10K
At9ChUAaWBbPt45NfbrC32Cvr6NeLUCLGUYQRH2PdT6z,9421.481947373024,1127986,$1000-$10K
BUwYtu5RpLcmHSVCqvtkTh2fUXoVojAdXpQZbStiapVx,9421.472127830471,1127987,$1000-$10K
Hn2nAufW1637MBSgv4TtqwD4rPGMWF3seTz7D1YiYqzN,9421.434407326811,1127988,$1000-$10K
GRS5FK9QePcxhrKXtruHGU7xT11A3TyN3u4BbhHwLFZX,9421.416261837447,1127989,$1000-$10K
8aiVyy7cz2rS5298dxKJxfg6CnBLz8wXGNn9KhTjLq97,9421.407149949204,1127990,$1000-$10K
4KNZNLuE5rWFRXJHy8kaes2YpK6JwXC7WWZ1pFoDztoU,9421.389460945053,1127991,$1000-$10K
H1UKWVsiJbVDzmAnQzyMMsrL1CnP21gnHFzAMQ894WHw,9421.339376894824,1127992,$1000-$10K
ATSfr4jyLUKkCGafjpfUD5FF7Eknexw41qcJSEtZUaP,9421.327111198068,1127993,$1000-$10K
AfsC3urBt96tTdp9eL13Z9KkZg8LrcrfFUm3BzevEh5h,9421.318387634672,1127994,$1000-$10K
FvpNzRopbRnMjJEFFuqAE9AdgRquUnxERviyKfb3zNUb,9421.29913553069,1127995,$1000-$10K
EUPC1eDS7jxRyqyemDx5XHwwK76FeLiEonKBHY4Xo84V,9421.293883684906,1127996,$1000-$10K
2dt1CJhz37C77PaPXXug2rxu9ctFuxmXz1YYsh9Xghcn,9421.286968102346,1127997,$1000-$10K
Gzaqj2tQPTKALrBDCpg8kLbpKMt23WJoR5JCeqQH28ev,9421.240595927142,1127998,$1000-$10K
DoDiSkXbtbH3YHn9QBNPLyKEanvv51Fbgdu5LMruX9AG,9421.223879462768,1127999,$1000-$10K
4JkFWAJGAfJ1wXM85pqDyf8DhYUsHaP7LF1Nns8wAonp,9421.21318051106,1128000,$1000-$10K
FCJyzHYk3ysER1gpJoKNdXgKMhMb5Pt67drQ7cRZsyAq,9421.210484679816,1128001,$1000-$10K
7QvgEGzT3DY8fNzZjqSMCcYAzLF2iCsLj8yASeyMM5Pc,9421.189155699694,1128002,$1000-$10K
2XmoxaKmog5KUqmvv7z4nc7JXyXMMW81yNQXsoz79Qx4,9421.1876657488,1128003,$1000-$10K
FTJ1Ttxoec6hpvHyswCtSiutiU4rLTRgFVdAPmJoUjjr,9421.167583135923,1128004,$1000-$10K
CNpsYqB3gD1ecb3HRa4oCfAR2cZcpZYShrt7ETZZu6ba,9421.159731132935,1128005,$1000-$10K
6TVfMnD4XpBtya4imL4uyW1DxzNkQGT31i3bW3JBMFAK,9421.12172149969,1128006,$1000-$10K
BtxCjatfHhkBwRUtFMTGmW4728zSQVVddYnddbhR7MaF,9421.113063538629,1128007,$1000-$10K
8TvNnQMLrfmPzjm3gWyoeguiBqg2k3ZRCThuax7uF7v9,9421.101856376072,1128008,$1000-$10K
GEqv8hmVKmMeSjrPJ6D6bC2TB1bvpRL4TLkk4j1GfobG,9421.082339943028,1128009,$1000-$10K
HSyippDPq5gWL6nD2Lm31fVi8UzRzE3knyoPds2J817R,9421.071482312647,1128010,$1000-$10K
AjyqJBXbnqD18tscYsJZ4P9tLGBsNGuVqXZaQQrrUq44,9421.064580401428,1128011,$1000-$10K
BXfN2HdxCjdBRvqXGa3fKShc4kWRQabYXs3FUXafvPex,9421.050240640678,1128012,$1000-$10K
BaShGvNpSRGXfZWZTKHqHiiZB71WXNU4csFTkArhYieK,9421.042610140772,1128013,$1000-$10K
3gTacotegm2EuV4iZarxuZWKr8hsAz6raiJ7eMHWQcyp,9421.023019367658,1128014,$1000-$10K
BvjZW7WHHLyZiPMCLAzXTZp62YRtXKonLKR6J4wGqUbY,9421.014773804314,1128015,$1000-$10K
AzHgwDBgogZNiqwod1Zpj1VkyNNKJu5EeCqLsCpF8j4E,9420.973970290666,1128016,$1000-$10K
633RCBFsb6QdTEPH26AmvC54B4mv4gq2tLo6m7zmUg3B,9420.961781486947,1128017,$1000-$10K
2AR8ukWkyewHJXRXH1H2LrpkscQVgSthTvpbHNTsRSfb,9420.947034578538,1128018,$1000-$10K
5uXRJUN1MEebE4KpPzQdrr9V9dFF65pMTPHeSLzo1UXR,9420.934207326645,1128019,$1000-$10K
CtVL5DeDq4wAkfu88Lwnuo7MGhwv6E2hitbadgZi5c4g,9420.912865083747,1128020,$1000-$10K
Bn5rsRX7oqDykwMd2pxM73WpQ9vKmWD5i6QWwoiAeiff,9420.902986234163,1128021,$1000-$10K
HGBt6siZ7o2RpiCR6HQD7DHxKEm9wsFwh7oqM9p33xTd,9420.899005330184,1128022,$1000-$10K
2suCiUuMLuGKpTXQnt3m7Lqafd3DJaW43mafjA8Vf1LA,9420.8810903105,1128023,$1000-$10K
EG6xv3RAffXCn3V7aciSseNRxEndHNJtEof1mRhzYEhh,9420.878942717343,1128024,$1000-$10K
3LCnM9tJf4AkpNMKHJ6iUzUsHjWNb4nzK2Dm6oKF8xda,9420.873845607262,1128025,$1000-$10K
HFzhtHhbpEnCeaM3XZy1mFaWU5DjoNTMe3TgW4zUQU7G,9420.8640338664,1128026,$1000-$10K
9vbz63NXDNFUvTP9Z7jjYpzkmq9NYM9pVvGLN8ZG6nnC,9420.847894747425,1128027,$1000-$10K
3v951DPCzTq22CMVDW9ETRyewiCRG1weBFPUxeH2wQut,9420.845963557891,1128028,$1000-$10K
67naawugBbxTPufNZmZkBXUVSx6VoQBo5yDSwwYibnjf,9420.819017208583,1128029,$1000-$10K
EGggEmYVmrkB8mJMK96qmxFPoZTGbqnZMfHpYoUUuZLT,9420.81385296506,1128030,$1000-$10K
7W2d5KE4Nev5ap1gktq9PR6nD8bmA2di1Vosb8Swyy3Z,9420.81076006391,1128031,$1000-$10K
86ZTs8u8xfrRBdE53MviMUGaUj5QLe5EBP1nECbbrKKN,9420.779103510671,1128032,$1000-$10K
o66TpXGqAbPuYhyEVXdXH6v7Uq2VhihnJihgmiXzri7,9420.762965643518,1128033,$1000-$10K
gUjYTRDzr68NBXtDN5XFzGEeaELRnMdgFaZSpAeJMNL,9420.735235445092,1128034,$1000-$10K
92NnZDuY74oTLXqrSoVusyvwdHEss6GFMXrsTCVVqXcU,9420.726590538177,1128035,$1000-$10K
2iS96rH32h39Vj9Z8VecCyi3HJjVzbUifk5RJGoQ2u1M,9420.722265310616,1128036,$1000-$10K
CtSSYVZFzWpLmcXrMPnnVcPvPP9TBp6bMvpendZv5Hpm,9420.708634303632,1128037,$1000-$10K
4BV4P7M181mPqcSiCWcB7C1nkEnVG5LsgsrtfKAEaxVJ,9420.708584089129,1128038,$1000-$10K
6FBF52B82iYGrcvP26ctu1Lm1xLrUnSQ5yfozEHZrCyo,9420.692472738323,1128039,$1000-$10K
5KELfFGVM5NGHjyZuqrJXixRtU6fbWyYxQGfnwvX7RXE,9420.631077018288,1128040,$1000-$10K
9MUnHzhQFDdTFgEJvq8BMVsBwYH9KvQwFSTyQN8zyvhR,9420.612,1128041,$1000-$10K
76FSFuqajohKfDvC3PuF74jdo5yAZfXUvpK8qvcmyqXN,9420.60411058487,1128042,$1000-$10K
3mDLSzLNjGw5ATuWL2RXueNoBds9YQVmf8C9BgCM6GuX,9420.602273280707,1128043,$1000-$10K
9JNQtLSkAmxorQeji5XRKX81zWvo47A2db4Ly6LNH6oy,9420.570522513415,1128044,$1000-$10K
5L42YnMwgccsh8mH9p5LRjrdta5QW69ytY2e3c6jxvNP,9420.569445836922,1128045,$1000-$10K
G772NPAcv3XUgwrtEMmHWR6PWNaBT4d9N9NDQudyA4mu,9420.559894693706,1128046,$1000-$10K
J1HcxdJLkxoNwbRFZ1nAtfHegr2Dk2m1g9dUMiWm8ymQ,9420.554972244467,1128047,$1000-$10K
5JupEuo1ggvwBaC78RaS4RYRZjQWEu2d3xEVeNssAidP,9420.537244476596,1128048,$1000-$10K
G2bZCxcQvqvu9keFu138ZYrH66pUNtfUtS4bZMpn5joc,9420.535255449759,1128049,$1000-$10K
Fx6Fj8wKAJTrD7w7aJs5LRMry3qJgdhUfy89mHNDEbga,9420.534294329454,1128050,$1000-$10K
D3Pgt6xwSRkdk2FU6J1mzHkk1hUcZANaeRhdeq4XsZ5V,9420.534062401031,1128051,$1000-$10K
D4cczwS7xD8fz58bTzcJxPMnWi9fNWHhsaBM2hjoMZqq,9420.52647370564,1128052,$1000-$10K
6HLRmi8bgMf6x2hk8xUJMSWky4dBep7paZoHmBuz9tR7,9420.519813716895,1128053,$1000-$10K
EXigJcY5T9tccD8HY9yjSV99J53om1491gHQEZQ4HZKo,9420.518699177608,1128054,$1000-$10K
3SoRhstSNQz1e7EgsFtDoKHNnfutbSo9eETWMevz8k7o,9420.50261833718,1128055,$1000-$10K
gLgx2Prah6V7LNGxb5fkRWzNsJMHUSk3GKfXcSMT1qK,9420.45323927702,1128056,$1000-$10K
CktjjfjTtYcdjS1PLAs2mqikCwDZ6wa5AV6HXn15hAnD,9420.45070353911,1128057,$1000-$10K
2uSv36MyLsV49XZ1gWwGzw3ht61pwCdt9jKxqJ5vfycx,9420.448226095878,1128058,$1000-$10K
9FzqnEBPRHh6Q52TwGNKTqzktJU8EkfvWYBDB9CBH4Mf,9420.419500373522,1128059,$1000-$10K
41RRWGMRSRrZKTbejp1XGaw77NYujLf7VTQXmkeAbaEU,9420.418592917209,1128060,$1000-$10K
5cSM8RCq7V5kUFwHwcU6U12f2xszYvmcEejgC95KRiaP,9420.418303533113,1128061,$1000-$10K
B9dmx4apD61DzG13nEZuBjE4FJwYyj3T49wSCGGL8iNr,9420.366099262594,1128062,$1000-$10K
Eg781acpSkzEsVDTKUvxfgG96ze72dJJEaxjVh7XTGNn,9420.350205620945,1128063,$1000-$10K
6edU7kNGDDYffAXzkoRMTbQLYqhkYvXRKmth56nQKmYU,9420.335510598417,1128064,$1000-$10K
5XMU6LktCGRpgSQwZwSg7rJEjgxtEK7RJokXkixPbAzN,9420.316908257755,1128065,$1000-$10K
FBFvY5PAuA2RhXfnn7wuzgaUbMvQJVsjA2i4M6Fs2gry,9420.309639886831,1128066,$1000-$10K
FaYryHAz4h1ZtThPhKcFSxHY3vhPbcRZnWk5nb3qQdy8,9420.309158921054,1128067,$1000-$10K
8fL6QFW9UDFHrvBmuaX9rgiJn7ys2ecGBFtN5nxGcKZV,9420.272382115641,1128068,$1000-$10K
GQfvNjCwvqYYALmRF696Douvzb7AmMxbNArxVMZEqaHj,9420.265530146555,1128069,$1000-$10K
6YGKAHvroaRmzqzPPk5YFYKhPXimdHdBhqhfE4CrJa9H,9420.237553331737,1128070,$1000-$10K
GR1dcSCKdwB2rutjSN1htpTXdJNL9Z9qewF3zALuRKY3,9420.223903245378,1128071,$1000-$10K
6YEYHU3V6htHyEUTpWEuQhTRULvRezLPcFDB9m97FGeB,9420.22040770497,1128072,$1000-$10K
52swgPx16SRTTfasLeLA1Q4Ya8GUWYvD2MVTisGQxyE2,9420.21127450899,1128073,$1000-$10K
FH5aPJTrkFWKypENpFxDHmiUGMx4MT3DH3XFHZNCR6wC,9420.202353855268,1128074,$1000-$10K
A4uXuCToGgJhW38zhcoQbzmuHUAq2zJduHx5XFtqJmYE,9420.1990519805,1128075,$1000-$10K
Dgt2rcfkTU3M1CqWaivhTujBvS2PsfwwfYqtge4VNqmc,9420.19210834913,1128076,$1000-$10K
369zVTorwiG6AvQsq1tr4wj3ZPLb4QwMTi75a8jbSWap,9420.170364505571,1128077,$1000-$10K
3WX6vU5eKZjDyracr727pXWBJVjHSzLPoLoxSg1P6GVd,9420.166166740715,1128078,$1000-$10K
27pBFG1Jhyt4KCJKnVnG4ADRjQ33d87CzVdYKdRUihV1,9420.146952141999,1128079,$1000-$10K
hTV9xQ13zYvJ8VkQNPWZkQW5uAW5BTa5vQdf2tPUEtu,9420.139846952497,1128080,$1000-$10K
Go4QccCzsgRG46Nv1U9eRk7DRH5HVwJq5wYkLZ9sy1ed,9420.130972096435,1128081,$1000-$10K
poQUndyDcxmxgGXbNG6ByMVUoAqqUptB6FXxe81NRfm,9420.109892441142,1128082,$1000-$10K
91XcEPPG8A3FJw9E3fgvDZzsxFYNGDuamA7jGfyiaMb3,9420.102829857464,1128083,$1000-$10K
7TZEnwNRT46LMQ2G5i1515rH49gMZ8CANq4PC1mmNbF2,9420.100928013255,1128084,$1000-$10K
9zRLvRBYE6ot31RQA2Py5DXJaopmTjURf9vcZ5RGJtsc,9420.060685390708,1128085,$1000-$10K
3SSkHQ6D5k9x6A4Ye3RbzLAedW1mQV1JwRucfYZiRFhx,9420.049362193671,1128086,$1000-$10K
EqDVZdX9u6t9hLAQfPPdqL6u6Gk7hRFSyBPufj3MXyTR,9420.04573264691,1128087,$1000-$10K
HJdBxQ6B6Bh1DsdPLnFQebDHGtqB9k7cfzfyasGr4CoR,9420.006429200996,1128088,$1000-$10K
GeavV8Yd8MxVmEJNTNhTT2EJfa92BTUpB7x3Wc8iazo7,9419.98897139249,1128089,$1000-$10K
FjR3dF8xapDM7B3sJtNzMoVwtB6ZcJ8Dw8pcE5HYgNbR,9419.982420078111,1128090,$1000-$10K
5ogtVKcgQQEkwcLCTNqJk8a36nV7g6Vf61nPEWQCrMRW,9419.968850836156,1128091,$1000-$10K
Fs5QGcdhEtia6MoqEcJGjbuYaEzCmfgU9fnPB8CcRKRE,9419.961477702547,1128092,$1000-$10K
FibXUEWhZ9ySHRScgyavv3ULUvuMwfDf12ddcL7Rq6tG,9419.957092869963,1128093,$1000-$10K
2y8H4Z2Fimo3NiZa5Mk3DxiYE8oKzGH6Gir3UE99JBZU,9419.955485286599,1128094,$1000-$10K
EHrqmwSXvnf2PUXc212EouZn12MTd8U4fvDRbUkEafU7,9419.942653284668,1128095,$1000-$10K
8q2gbrm9KYdq3Y3M6wAuBwjy3C4JN5MZtxcsYiFMLhiH,9419.912173142198,1128096,$1000-$10K
5qrPDBmqAvG4vw5dUbFd1abRho3Ywao9S3TqEdwx453m,9419.90884195212,1128097,$1000-$10K
i8vvdoZ8mW44oDkHcecuE6qdnam8ah7GjvphsGBNJ1C,9419.898469257329,1128098,$1000-$10K
3SkT7f2LG5JJfwhyQMbdbJZvgdLDQo4E7wfX9mZrERFY,9419.89603527611,1128099,$1000-$10K
A8g6CeGYSQFDkPkrL8pDTaYga8CXNo9AFrDJmKZXrkpK,9419.89017868231,1128100,$1000-$10K
D6U9oWF1wVCvPiK7Q9QsDKhdfTFaAg9cUA6v2h1VFeCT,9419.848085684307,1128101,$1000-$10K
AkzKTuD1cdM5vjSdGXFQxruTnuu7xa7iG8fePfx1rtRJ,9419.834369865723,1128102,$1000-$10K
ANa1bXCDUY8ngXibv2ZCAeJv7CSA7Q3zWwywkEfbiVgU,9419.833337038928,1128103,$1000-$10K
5QXPf65CWUCniMJgHDyLpGz35JM1yRautcuoPcKnfLY7,9419.821481274923,1128104,$1000-$10K
CyoMp4Kpe5KyQR6SBW8JWXfFc9h8hDRyjuCJmpiao1SX,9419.783542794563,1128105,$1000-$10K
BWs3mb7CTRXovw1x7VTJV8CSAqCDkZFto6r5Ph8MeJYr,9419.77277356979,1128106,$1000-$10K
5iBiJoKDqefzandSf5U49uJ4og6ndrWgbz5cdcFT9pTc,9419.762542776645,1128107,$1000-$10K
FSMWf5Td6vRHkLqR3cvWp2fyUJXacu7C7E4oKBS4p3Kb,9419.749301826303,1128108,$1000-$10K
EwcLEUWFbi1kNayEr4Eqk6G4jL8HaZu5qLJEjYMuUE89,9419.741804329391,1128109,$1000-$10K
AGU3p5iJ3fA98wvKbSc3R5VUi1QPZpqiQ3ePZVAbAtaF,9419.704307142963,1128110,$1000-$10K
6t9YWaLjrYpmJKUyVpwv1ctHkmqGuDWMTZb4BcQxoMN2,9419.68853817444,1128111,$1000-$10K
DGHRzuJkJGSxWELnfZ69ytXj3ayUGAFg41yTY2WQj2G4,9419.673090943916,1128112,$1000-$10K
7y31JfhhXydBZgmWLrP3kShS8CknaBFahpHNEUq9jPk5,9419.662800833254,1128113,$1000-$10K
H4CujBTxvVwf9w6c7Lis9a55uDn4QnW9e31EBz5n49Y3,9419.659935176482,1128114,$1000-$10K
GPBtsdvVtBiQM8ucK8KcUf26JovVvTpYew7VXUdEPKRe,9419.652071011493,1128115,$1000-$10K
EzAWQN2N4gpBg2yjoPUAnwuyTWbJ1pzzBSGD6p6ktcW1,9419.63251149519,1128116,$1000-$10K
2wLerGXpw7vVwUYLxCNBBoSXmT5cxyurZmmcy56FvQvN,9419.627441253559,1128117,$1000-$10K
EZKkSaut61Sso6s2rq3iYj4AnEPo2r3XthUHL3mXbWhf,9419.61070224769,1128118,$1000-$10K
AAjJt4rDFygqi8CBJjFZvqYBKfGJwTPZL4VSxUcBLNnK,9419.59463177322,1128119,$1000-$10K
4zVhxb4KqBehkv5sdcdzzFvcsF5EfScJJCxzRCiqmY3u,9419.584866135752,1128120,$1000-$10K
NZVmcwzzMvg4Jc4NgHTLu6HeWkEzAe4DwTXHJLv7Fn4,9419.58342780078,1128121,$1000-$10K
2Y57BpBEoP9iCq2cnhSyCWqT51g1kFHTp4vVNSXvjujx,9419.55310809796,1128122,$1000-$10K
Ga4ceVWTJva21QTf8mQpSwsGp8hQKXC2gPXRaWMe1BVq,9419.530036518241,1128123,$1000-$10K
BLn6frLxMuWsaJzS7NGfyLPKwST5JvZAzcS3kq8xAhpF,9419.513943156939,1128124,$1000-$10K
2T11QtmjwKg9xUxNyp2bMQVb61dXc5s9S897bKQ5JytM,9419.496396164128,1128125,$1000-$10K
4WZW4VQSzqVvmrqd9gXDooYokHwB4saWJnqZ2FkuBTN7,9419.470678884032,1128126,$1000-$10K
87QKX9insCC8M7Yhu9GEB727D4b51uxdbTv6AfZu746c,9419.46774430203,1128127,$1000-$10K
8jbM6t7tCZbV8Tmy6hnVfqwcNh7zmBiF7yFypmeRHdKq,9419.462816515981,1128128,$1000-$10K
Dj5nG8gAVxbGmeJuEsZPNAqD5cYFypFxod93Yn1SCMbb,9419.462711234,1128129,$1000-$10K
6LLvotvUuLxYxNJVvD1Ru6M3mjh1eTvaTuVTQpfJWvhy,9419.449682399709,1128130,$1000-$10K
Faj9pj1y5FuPWsK3negbmBBxsY3NYJBa6D5D2XcJcik7,9419.43583497735,1128131,$1000-$10K
FcY8XTY2jmb5mu5eo7UCpjAmo6xWLuYGanqmZnpBBYGP,9419.40248818429,1128132,$1000-$10K
DSgW5UZtr3dwjhdadyzvAQK6TEkUsTrjR1gDAnzXSJgZ,9419.381721707061,1128133,$1000-$10K
7UY77WAQiuvYCsUUY13oceXXaSR9bXydNeLR3bXSuuTZ,9419.34771794571,1128134,$1000-$10K
HX8AAb6KqJHDKWzV9HbZ8CxGKup41pm2v7NkwgPf1ZDF,9419.3429085728,1128135,$1000-$10K
Ea2fD6GgiAnkoMFQdtec1BA39z1ubHt5hSvLcKGdY64q,9419.34254119862,1128136,$1000-$10K
C1eU9jaYagaSrNfZZKKT3dm57nSdZborgmfippmFRDUH,9419.332179816474,1128137,$1000-$10K
Ajj6BcKsHKYs29hSGtAayZsPHTTtaLQ1Vorw1kQm1ZdA,9419.325981376396,1128138,$1000-$10K
FX2WGo5HYC8TsmiXyPis7fWCWWZTE62JPzJ7i5wrzyeV,9419.32464825192,1128139,$1000-$10K
6kFdJnZBd8ftUH6kQ55nqKTwWgwuWWpE3cR5s4czenqQ,9419.319474471638,1128140,$1000-$10K
5VE69WAp1uom8Gy2JiuXd1KfQVUSJ5jgtodTpRwvYSFu,9419.309995057702,1128141,$1000-$10K
H8GysGuRgNr8TLtxXnFGQ4XGp8EQgb3UgnfSCKewkKtH,9419.308167949464,1128142,$1000-$10K
FLbypvUEXLizzqmDWjkATXAH3FXysLr6wNbtwzYXPZup,9419.295347641682,1128143,$1000-$10K
3tHqyFLbaZSLLUBhyXVWWUJbKSEY3HfZG7nukRLaBHK3,9419.272712883081,1128144,$1000-$10K
7dEwu24VToQxm1DmvWPKJYaCERG5buY9KXR2kFy5S1wQ,9419.25518075761,1128145,$1000-$10K
CF6btKSAXHrZyf8p5jt4XouaE55Cth81koQwhjwq99Yv,9419.24899942034,1128146,$1000-$10K
BSYbQbekzHygmToUo4i447gGFJFCDAdb3mb7FdvjLNq1,9419.242630535078,1128147,$1000-$10K
1Er4apGjDp5PnkaKAYNisaYgzfomEG5KugBnmHHBfdu,9419.2360539545,1128148,$1000-$10K
AY252hN4N7Z7W1ua1wXJfx64jn7VgAJaReKSp9xzLcp3,9419.217172215116,1128149,$1000-$10K
CW19W5ZLXxbwjCG74wmJwMseKzm9NhqZiPwqm3xFGR9u,9419.200751325827,1128150,$1000-$10K
HsKggScEymTTjU6U1eAkNneY9ZxzmZcQ1sSVxf35FA7q,9419.192919481091,1128151,$1000-$10K
DxgWmZuKTAWUvndVRB12dYUTVYSebyDYV4cY19nCjepr,9419.187836236866,1128152,$1000-$10K
GopRn1J3HDuFKNmzYADZ9y9N6rqJGrYvGYWdt2EXN9au,9419.187114677403,1128153,$1000-$10K
FnYFq3bbVeLar6xLHgtuVqULYTgHT6T5vYfMZjF9xHJ2,9419.164379941407,1128154,$1000-$10K
DjqhJM8ye6mWuCYzmTGneoCaBD6QhuSMjc3ZvTTwbN3m,9419.162534081901,1128155,$1000-$10K
8e4bNoK3uMbhQSQr8tFeXv3npwpGv1xUCiYjEzUvf1KF,9419.142985998318,1128156,$1000-$10K
DGEtvgSpVBc8vVKcMBGLc4L2WPydZanh4ZsJSv6sfG1T,9419.13680377864,1128157,$1000-$10K
9LDcvW8jQMnSDwvrGgXK8wHcpVViqVZFsz77ZEohscpa,9419.093808670157,1128158,$1000-$10K
8yoWBR8wxRPHzjazzvieMjxXM2KQ74bmzwvrRTkHcsUA,9419.045459365892,1128159,$1000-$10K
AaEYC79SNSjni2yyVYkTzCMWcHswG15eZ3sQHUEFHiS1,9419.042270105301,1128160,$1000-$10K
8QkQQCu3yKiKq92i4NkzYbnsxjjZB57t86Y9ZGb6KMpk,9419.042187893549,1128161,$1000-$10K
8GQyKFNHdY5C3mXpzh5nSxNZmHWT5JjGGRKTeGTnC6SH,9419.006843708834,1128162,$1000-$10K
EUGVzy2ZrQmGCFBD1AdrYuyVEsYXCSoD4GYnAaP9bGJd,9419.00655708338,1128163,$1000-$10K
Bw9SjrN3h6XHXdCGWBu9cKdqfAm8tpQ4unedf99xUxpP,9418.977361033956,1128164,$1000-$10K
4N8rKEY1rnLd4pjdVyuYS15AFAZFrUNJRoM2f497ewe4,9418.971585359724,1128165,$1000-$10K
3sGecyN18Sf8Fv7KTMf2GMy1KoWKUt2rPBf9ZWjG6Cnw,9418.96869724002,1128166,$1000-$10K
66S4stq9NF18i16QtxSj8adHwnknsbFPCX3SNZHtTTeM,9418.960117979734,1128167,$1000-$10K
B9bWkvnr3dBdcVeQvNtyB5PiyhheCNAfJWTcEEUgrNXC,9418.954144836938,1128168,$1000-$10K
GounTusWSmuWuKhu5E5DK2JnsVrXCuBTzwsW694W6hCP,9418.945586049847,1128169,$1000-$10K
4tmMbeLu81yeWqqFUNryfk3zXp56AB16uoKw6Tr7MJdj,9418.926776892511,1128170,$1000-$10K
bQA6pqGPGFp6P8n3uaqCZ6rNrJ38zeY2e1yVkSfZbb6,9418.925612147572,1128171,$1000-$10K
5mL2memavvKGt5Cs9E3pEqCGHs4TQWvwBB7rPUPhcQ1q,9418.915567007349,1128172,$1000-$10K
A42FiWwVyfREC6m1MKPtzRiZ7Wtx6J4qJw4diQ2JanWD,9418.871511048761,1128173,$1000-$10K
9tiQET12tHtRuaq5BTf1Xo2TAkWWaBeiHb8MLzc4r4PF,9418.86947332422,1128174,$1000-$10K
7FrcxNF1YnpA9SGyUL55j2pBnmgJ4YYprWBNz65sf5Ga,9418.868280584971,1128175,$1000-$10K
FDBeXaLoWFetgNfcAvtmWzKbemxciV7xArLxT3TWwxLo,9418.840476185698,1128176,$1000-$10K
9Cor94z1S5GAG3Nzsf53sgRxjB3Km3gjaDjFZ5w5PYap,9418.835974788126,1128177,$1000-$10K
6y3oytETPYJbUY5nFPkZQgKGtijbvqc2FDgKetY7rp7Z,9418.78829669064,1128178,$1000-$10K
G7DMCdRXu2yrCtyQ2hU5JXdZsnKkNHnLbhTRVuA7sZZU,9418.741253144837,1128179,$1000-$10K
FPkN8c9qSEuDWAvZCMsgebE2iAjLibd7qGDu7ZXYLyqH,9418.734415958299,1128180,$1000-$10K
D3zJEztgwqDBuf7uWVkgpHgQLBV23FUE3R1mGyYJHNfu,9418.722118074025,1128181,$1000-$10K
7ANyqzstX3vP3oyxVUqTx3knQudNEzz5wtUpruiQsfBv,9418.705383501881,1128182,$1000-$10K
CCokkGZ7nFwzdHRDhFMGcBa3581tCgpYQXUb5JZwgNz1,9418.686361265512,1128183,$1000-$10K
3Gu7rkBqBhkpG6nuW6ku46VHvm9XC8mUMXdxpRW7hWBq,9418.682721135987,1128184,$1000-$10K
7M5BzUfkCBiGqx561DHxaH2YvhLpTEijBjcSBeEPAupp,9418.672362992069,1128185,$1000-$10K
5hXAV5682ALrv5isLgczUC4rEUJkrhrzaySnwgzPSDZd,9418.67061956938,1128186,$1000-$10K
7TNak3ymoenC1xB74zH8U5G8Ci7Xxd5x1ghEcpk9Ludu,9418.65511729334,1128187,$1000-$10K
Cn2JVhfgzy59wN5Xn2B7fkPLPoM2YeLWYUnyzUsqSht5,9418.652124618307,1128188,$1000-$10K
5dz3bm6rqU26VVniBR61d7hHPGERsk7Q4GByEU5Zr9gE,9418.650147641954,1128189,$1000-$10K
D6ZWBdujW3azmQGnXNLecct4B4t1ZyVAJX18L7UBhPaF,9418.64794513104,1128190,$1000-$10K
FPwNFJFbU2hicUsbVDz2bCZKsJVNDyWvdGEjT1rxmwpZ,9418.62794549054,1128191,$1000-$10K
5szqiiqBY6Pcg738NrpKHWFEkjyWZHXGkbH8hxxM6sQU,9418.615552648951,1128192,$1000-$10K
J5FBr7wWAqfZ55Jqj1G86TSwuUAXmbArkjrY2t8rmUG3,9418.615041619989,1128193,$1000-$10K
7JfqkZeCvoaCtX9jLCkM3c7F3WoQxB3t43TFfeJF9Hbd,9418.605732454804,1128194,$1000-$10K
BmWGGQiBzEzwSPr7ioqC4uaeXwHEYF111yvtmhG59xGk,9418.58825312247,1128195,$1000-$10K
2RTbrP2N7q7d5Gm5MviveMWxxNfyTCpCFzsPLErZN79P,9418.583822982153,1128196,$1000-$10K
FnHNzWor1d3gCrtkzs598aQaBMCtf6r8QZUF11YSzwok,9418.578038770274,1128197,$1000-$10K
5jesoAHwLDFsoWpTdVXSUJaipo7iQqFRJug8QM5CaBxC,9418.569222375574,1128198,$1000-$10K
2nTEwVLoZgz9PNwqNdrmrbo99KLvP46rsYfQvwDSBNFa,9418.541145997799,1128199,$1000-$10K
DwXyHPnwnWjM9vcu3JGTtV7eZUF27AXAnfe76YZ4x4DU,9418.536675219211,1128200,$1000-$10K
CbekdvFgUHvpWYK6zcU4Lgx4dPnrEZkat7XFU2tFX2hr,9418.5340129834,1128201,$1000-$10K
6koTof5v8HpjGd7UvKZvdCPfeBfXVkVqmFhVqVUSpCY8,9418.51000617045,1128202,$1000-$10K
BeJLvGkatmdSkkyWmYCYWsonftczM5t8XcnwiwQwaBXr,9418.505718401993,1128203,$1000-$10K
9cho4deGgcPo92rsNcSPLaj6dFMWoFzCJCpGGy9Nqyyp,9418.48254739179,1128204,$1000-$10K
HBLTN6cuZex2vY1uMnfnUQSJnJQ71nx2cKa1Ny2ma5wz,9418.474988549386,1128205,$1000-$10K
CRyiAPgfTBVJXV77MJmfzXaxRdsbJbPPaHjxRaxbAWkr,9418.44337715859,1128206,$1000-$10K
3DYh7jpp24XsjJw8W3N4q2TGvkT1ERTpf4B2jXCggB5T,9418.391990667371,1128207,$1000-$10K
AC83F81hRSj3pCQ2PUk2DqX57ffPdzt4uZz1fYGN5Xpg,9418.356378747907,1128208,$1000-$10K
CMo2zfJqGje3V9XTXibBB5jiFh3i2tSkrRGYcuQBZusB,9418.338412183617,1128209,$1000-$10K
5ppuPCbHRJjLQLiF2jLHcoo9ci8AEyxSv2ohJjo5CKc5,9418.302499453834,1128210,$1000-$10K
89QgQFSD4Ae1tpeAoMaVB5V1fmPda7hXPTAwrWMppScy,9418.294395490091,1128211,$1000-$10K
4xd5LKVfbTfthuWJFyZh9HjNkWevWjdNdSKMJsm8VfRq,9418.27128042993,1128212,$1000-$10K
GhtdfC67LgGLNoQvXFJutt1hdZBFuT4sjvGiK8b11d1r,9418.265344834128,1128213,$1000-$10K
F3oHoJ17UyLf2y4TEnwrEBtY9ne17rEkn9uxTQEFn6sp,9418.255400147877,1128214,$1000-$10K
9cHqEdiH9r5DTMRjLG7QkbFuDUsotiDzFgCAKNGys6GP,9418.233465779906,1128215,$1000-$10K
9rg6bfra3jtdYPmbYgUiGrjaTGfUjGdksFtopFE6bTDJ,9418.22556518102,1128216,$1000-$10K
F9HZ4PPZGQrNhb13ev827n4ZJTXHp4Jh2BVhVNeCdd1,9418.1874415151,1128217,$1000-$10K
4h3UYLRZ1bYqu9AqYaVWfzQVBoeRXyhngUw2cpVfFwb2,9418.093264096906,1128218,$1000-$10K
8dLPzpHjQv2JCyEW9JkBtgjN41rGzP5WmUYtWjPjFiyz,9418.079989008816,1128219,$1000-$10K
79EYHyHix79HgmbbYmE8kNSv6VKS3qFr1Cdp8uUR6c9o,9418.073924473592,1128220,$1000-$10K
EFijiR7s8gq3iwysTRvHhfS7F78d1EfGtjZ2HpeDk8YG,9418.071143624717,1128221,$1000-$10K
3RJiQiiZzV4sy9KbhjRfQPzQ642xNqZZbFKTDuyg412y,9418.055199732067,1128222,$1000-$10K
E1SpjUPz8EQZ97N95UderpSD9mRmgoYZfcPLN7o8iKnU,9418.01122714457,1128223,$1000-$10K
62GXGNcaZhtD3NwBT1HEQ9UT256FLUuTJwGz2G9Uv3N1,9418.006344282618,1128224,$1000-$10K
FJQAFmocBRR2paGerQVoPqwB5bm7cCmDcvE6FX7zvX1C,9417.994394725145,1128225,$1000-$10K
4B8QAfZUMDUFgNFxE3e3ryj2fi5GWct3vkFAFdy6FD9a,9417.986922342267,1128226,$1000-$10K
5Y96zyhJwAPxHUFB2LhiPvqiZbBqimAc1Mr4mccqd81V,9417.934613714177,1128227,$1000-$10K
6ZkcSeCJYerHChJBBFUqyRxB6P8ouBwiz7w63MM7HUXb,9417.934495532942,1128228,$1000-$10K
8zsc3yWrjByzMVEFXBz8TKwNwnP1ipT2acZ3dKWfE2tX,9417.897739207792,1128229,$1000-$10K
HF8ZUeE42KKZGEanWavQ4u1zmHnWma81Ue86RqDR2jVi,9417.883519340807,1128230,$1000-$10K
DJJ6P9zRB16McabjF1M1Hpcdn51rNNFRkwaE1SwbERkr,9417.818490440306,1128231,$1000-$10K
7Jsq74YKEC8GaXuAxTEWmZJiFzLEn9W9fMbce3dmYnkm,9417.812765400364,1128232,$1000-$10K
9tEhQkE7uNnzj31ybiF7mSC76ck6sPTHhjAmtthsgQki,9417.80480461807,1128233,$1000-$10K
4bBktxFWyYdCZEhUjY1vUfKMry9T5eJ4STZmATVUbsih,9417.78137623928,1128234,$1000-$10K
Ajy4pFp1TJTWkuaTQ7o36yFZSZJ2rZmd5neG4JyN2oRq,9417.779670259131,1128235,$1000-$10K
5a9NXqL5NeWXH2gZQjwDuBnstWbFnUoA4N8Jn4by3GEh,9417.776157610953,1128236,$1000-$10K
63pPhMXz21Ab5pdRWqSUg7mnLwXJwzSTDQPBUzUs5LYM,9417.76500257614,1128237,$1000-$10K
6g3yMzxqKMvMaKRPogGU7JE6noimLhe4erMircgrWNjb,9417.75384026976,1128238,$1000-$10K
AhhSj67Bu62DEMyNkeeZQyTNvy18oEca66YCGFdQ3o2Y,9417.751515858667,1128239,$1000-$10K
HigTCvBLCJrKtaJDhSWH9MNkMQozKf3dNLkdSchcePNx,9417.71985324399,1128240,$1000-$10K
99J7jX8muJ2LGdXqryHB3PVhhZb3sjdKXFHtyZ44G2kx,9417.698834033328,1128241,$1000-$10K
3UBRZYiP4gHFhvss75kzUasrPcPhwUVEo1SiDFD2Vv3e,9417.672595866341,1128242,$1000-$10K
9d5YbGnLsFqb6gCnSbM7APgzSpNa4osmga7r29BsgpHp,9417.628528926825,1128243,$1000-$10K
BpN87hFcnP69mpjkaLK29eRZD9338k1kJLk8dDAiTZSm,9417.610310450966,1128244,$1000-$10K
AVrb6r7qFBKxo8DjGznHg9vQpd68mkRjEGixGiMuAAH2,9417.598530150974,1128245,$1000-$10K
GZd2ogwVTC7CVa1Vp556fYG5myCiiwHnhHy2Na922p8b,9417.598114795486,1128246,$1000-$10K
JFzfzW4YhmzqFmTW8qKK4LqJVXdKQb6BURccVtHc2C5,9417.576674682612,1128247,$1000-$10K
GJkVG2viejgsZLRH6UVrj6Bbp9yHDm1RKcQn7exBfM4G,9417.574522856476,1128248,$1000-$10K
2HwrABapkZaSbaNjcsx9e3oYTPJcJb1b9fRi4g45G5ua,9417.56762279425,1128249,$1000-$10K
Bhc15BWbGMEwp7eqnhcBPJ6sDMiwGfuYJBPBuj7kTZTE,9417.54213961016,1128250,$1000-$10K
66qRGbrhUnGJeRpLAJKeX56m8MfU7Tiyb5wnBv4ekxkS,9417.54057974595,1128251,$1000-$10K
42YwpkXkUQFHMmmch1ofZ5fD1HvPujBg6HTf3vyrbGpU,9417.532384140073,1128252,$1000-$10K
6ETK5vvsrEVrmMfYvpADo1PiB98Wacm8NaniCc9hPYfY,9417.5278941383,1128253,$1000-$10K
FtsBBdd4MUdGBx94LJYzbTuTuh1iRckygioc5MgZNvWP,9417.491974107568,1128254,$1000-$10K
BGgcWtPrssRun7RVoNCEPR1SswLMbS3Jvu3uNA85ZWE1,9417.484746487404,1128255,$1000-$10K
3FzH9CMhqvafm26uZGAmCSFJtd8ApnUmSu9LUts2kSG8,9417.476140261599,1128256,$1000-$10K
A95EdDHyxxcGUzqvTwfZj1pZ9aaJF43N8L39CGSZ8Hbt,9417.460997895558,1128257,$1000-$10K
6yTQte2kXYa5SKP4aLjErYhWNfq2zcaPVxfNCxZNk8Hr,9417.459168874948,1128258,$1000-$10K
A1BpdNwdXiEQRAXxnKwZh68pi7cszthq9uGNvB99kT5U,9417.426080781548,1128259,$1000-$10K
H7ZTQXiBBBi6Dk3nQtRU2i21zHJxukwQe5s18mWzyACz,9417.420564450182,1128260,$1000-$10K
4vnBPdVui2Y3TDJYTVVGbwkqu4YJKqFGJosuYro3Ndte,9417.416795930509,1128261,$1000-$10K
5oCudrxoTRo9hchCLQUZsrFCSt32WyNLUkWNodtSCFWF,9417.374650088508,1128262,$1000-$10K
N7ZF6T6ftmifZ6J2Dpx8TgPWRNZRQ8vamKFiBig5k7x,9417.353790627669,1128263,$1000-$10K
GuahGUeYUKxrC6G97fim65xWNrWRDHCpApoNxKqioNyf,9417.318077682607,1128264,$1000-$10K
3gw3LFxPJV3MnNChiximjuWdFxv4FgVMzp9pyQbrpQ78,9417.297537940329,1128265,$1000-$10K
BDmsr3hoXEh6fP6xakjAzyVqDqZBe4tMm4qfbzuMZGpK,9417.293188692527,1128266,$1000-$10K
6fS2tfs5RANoP6F6AhmxEuVGwnUL461oAVnWfH3GBMZg,9417.292456050667,1128267,$1000-$10K
GWATm4hC11VEeJaXV48EhqNEnJayVCyN6otef9DTVaq1,9417.27897442322,1128268,$1000-$10K
5cqXgxQXcebJmo6vuVWMAwCwBSjwULLTARg1A5Vxxk4B,9417.240583923149,1128269,$1000-$10K
CwZ1DSUo1XSCzacVRo7ZQBqaCQ8E7mNasCunEBBydxXg,9417.240550771392,1128270,$1000-$10K
Foc3o2ECAUtZh4PvQmkU4nnkxic6sy5QZwS5XPUFaJ58,9417.238608640251,1128271,$1000-$10K
9YgbXhRejodoaCfFRnnxTVFcmCSyuMmFwHooju92DKnP,9417.216976352258,1128272,$1000-$10K
g8cJnd7wfwd2WFNniUShAbo6fb1eriVcJVAJmM4PNu9,9417.215133239015,1128273,$1000-$10K
2oL6fnDaz9vkihZgS1oUW4LidpExn8vNrEknWUE37nPg,9417.21239935339,1128274,$1000-$10K
2EJY7eNBQpq9HmV4UF9pcLBys2GTtN4KayHTE6emDSkT,9417.183656315514,1128275,$1000-$10K
5b5L6mrpXwT8ectCuZiSPX3QpXQMtf7swTdPkXim5P97,9417.164922393413,1128276,$1000-$10K
8HSd3f3DWBq41M621YzVyBWuGdXUmwfLvFyjXX9LnZyj,9417.156251696993,1128277,$1000-$10K
9nrRrHjwmyK8GyGKGkGA1JapX7jUBmDSMniK1pZZ89E8,9417.144426054325,1128278,$1000-$10K
DXmKsmme7cJeSF2fYrAk5gAVewFn89tgpnW74JBq2zR9,9417.103725628844,1128279,$1000-$10K
4JfSNYeFVXfBGEDymcxcbnrsDPx2rR3G5JtCCJH1JWvA,9417.092777284364,1128280,$1000-$10K
7uMnhDnXys2MBeeGYAX4iKx4A7HifvKY1HwnAT1EHLRN,9417.083993484972,1128281,$1000-$10K
FjudbCZfg2q7QMrfFqcMJ5QodSR2JNc6CiJK5qxgv3tt,9417.074170551894,1128282,$1000-$10K
gXNyXDZhpKY7cyMR55szfrFGwhbWRt65ikcunnx61xH,9417.036080596157,1128283,$1000-$10K
D8GCRwQhVWXCX88MB4d1owJwgyhYvuQdVoKiNPWdgqK1,9417.031954576909,1128284,$1000-$10K
6E9VE3SUzYhybv6KxwSEpmgok9Lqmvekx4DwY9kdhuni,9417.02504332262,1128285,$1000-$10K
BCWxHUXMaJpD6DDVacUicfj2dajdw99U6qpybdt43Bnx,9417.024981836226,1128286,$1000-$10K
7cMRUUWirC94WQFMzbenhqGeeUg66H819xpKbcfhqrAU,9417.010792175652,1128287,$1000-$10K
6oiBxe7JxPCY4d7ghv8NX45mJLZLyugsBYz71rhLAzB,9416.947363571,1128288,$1000-$10K
82PpVeYW9wnaiSpyvSHDJ44JrtHQUgp2crijR5vXPr9,9416.930981824707,1128289,$1000-$10K
5DKrLKVYKrSfJ9iHc7pHJLAHKQEwfqQKwYCQtVJu9oU3,9416.930954087882,1128290,$1000-$10K
Gz6CpzSbnnUALs6FtX44yB7c6mskiE9J3YpYNaZGjH9z,9416.91274606226,1128291,$1000-$10K
5PuJphgiwsp3CirerLBynEAqsAbjBumwroK21SxqtE6m,9416.87350035105,1128292,$1000-$10K
3B5e1KBgYxwn5T9QcxSctpXE2KSocPUgVgAvandU8cDU,9416.857653802119,1128293,$1000-$10K
Bpf9M5YBJCKPmpAbRCFzSrUBYmmz3n1NBshsRHUwF28x,9416.842326401063,1128294,$1000-$10K
6XgEPivmVHyJmdXBzmGSTurUpwMAURGGPLhXNonfTVbm,9416.841648725782,1128295,$1000-$10K
699mUrH6vqdm5YHzt512FVZeoxPoKmw2Tfftn6Kx8jN2,9416.839304272418,1128296,$1000-$10K
8u5YSJatgpfv5vS6bqouwwDpdUCKLjVsUzBz4LxNzoyr,9416.784556153321,1128297,$1000-$10K
5CEWRhgNsmwAouipXA9gjGhECjZTa8Bft7HyLZmRrTbq,9416.778362776273,1128298,$1000-$10K
F2U9mATaVTcZpEhhkvHUA73EiHeaRCezkBGGEurA74fV,9416.768369588171,1128299,$1000-$10K
HgcZJiGNLJNvPqVVeYK1mLQr16UsjnNjQa9Vox5xe3nc,9416.754895444355,1128300,$1000-$10K
GsWrtD34MFQG1VsWPE5EwRtDFPFB6DBZEjhogwMZqBsa,9416.730657878146,1128301,$1000-$10K
HYisLUavbgnUKgpRHjvNL3f37d6WM3U33hL3hyduuzLo,9416.73031117458,1128302,$1000-$10K
FWWDHSjwVunXiYn497WED3RGJzyXNtMryAnaXeEhEPyR,9416.719317265903,1128303,$1000-$10K
AAwZMNQhhzGqvmaESzMo5bFF2fgtPbWiPnKZPp1hBmUL,9416.69013750013,1128304,$1000-$10K
8cgCTqSe9W6pCnrGMhAJju8SF7KrgYJsQpfEASaukAuC,9416.689682930637,1128305,$1000-$10K
9uXUHLJhcnjNFQhEkT8xGvUs8WGViJkQ9YMKHBaESXLW,9416.683538060075,1128306,$1000-$10K
8L3P3suUFerf5mJBUsFt4JWmvzkBNdcgR9gjy5XWTcZ1,9416.683503997398,1128307,$1000-$10K
2De9czwWxV27nQWZVdVNa2GqH96DewpDV5KNeSxh6GWW,9416.669999790805,1128308,$1000-$10K
5aNUFCBE8YmdLayKxR4UaQoxnWNFewboMhbUCx1GwXNm,9416.666768168168,1128309,$1000-$10K
4zQtHSTrebz8qFPeKtvEVCxKoxYpHSrEHC7oFTEKwsM4,9416.651734340941,1128310,$1000-$10K
Gc5fnmz8tR4yxPG3wXWnvfVxPAhL1wo46RfDXZhb7v3J,9416.651594424138,1128311,$1000-$10K
7pMfb8Dnh3rUdoF8gX6SUq6XCMqwvWzgLz9tecbi7wbG,9416.65051393705,1128312,$1000-$10K
2Md2Vb9hkG7sTn1521mRP7MRNLy2VHopY2n1jfnQLDiJ,9416.645788976675,1128313,$1000-$10K
97hF9YGEqnW6NyazbcY5o9DNMkgFDwHs3fPo8j45t6x2,9416.638025950157,1128314,$1000-$10K
51zDsnAz4sR5yjfVMMyDGxZcU7fn2VUimEbRv9Kku5br,9416.628653600112,1128315,$1000-$10K
2WwEAynHFjidzKbAVUQZVmdpzcW6wiT7kCxo99xsJVvx,9416.60747132237,1128316,$1000-$10K
KtfZm1YbWMT3yDkyFbLGJcyRzmeFURFMwxoBMDp3BH1,9416.596287497021,1128317,$1000-$10K
Dxb9U9knfCE4diQHeBMKP9tFWt3TR1WNbDV74jdWFNZ3,9416.55771472624,1128318,$1000-$10K
BJM3eievRBXNJKu5B1zykyfyMHM66HfFTz1JieBdnjtc,9416.536816922086,1128319,$1000-$10K
FbNKTxpWU1H8bw68nBDmjFyXY2Gc5y6wRzAWCNuNVw25,9416.52456728326,1128320,$1000-$10K
HmEFV1uAtY2fs6P3tmtXTt5CnPAERQa4hUSVLit9hfAf,9416.521393859119,1128321,$1000-$10K
AeB12UT5XbyD7QeRVx8LgrBMdVcPnkJvhYP2no2vUnkk,9416.51723762013,1128322,$1000-$10K
AtymeUTp9ocneokYoEjVaksB3HrxGtrgNqccotvV3uBL,9416.51188033568,1128323,$1000-$10K
3YsENm53cMBShMQRmcXC8Gsf9N3g8GSar7KDq2kjoN7Z,9416.504641710133,1128324,$1000-$10K
CwmKcSg4Rg3bsy345QJWw3N6XTrcZQPkGhzKbpsPWLnc,9416.499918573822,1128325,$1000-$10K
6B8z7QobBKcJSJ3izDuCJcvQXgYfG2Y89dyxJv48tmgh,9416.4888441152,1128326,$1000-$10K
2YCYUYxhoecpLBApQpj2tufVSfcMi4CVGodMW3seq36t,9416.487446805577,1128327,$1000-$10K
HH5HnvN1GPoQyf6Er32znzig8bi2CJZw3kemq9dVj7Tz,9416.46278558382,1128328,$1000-$10K
4twTvYoViH3R97M8Cga3TZteDwQVp7W2pBDW9JiaUi7Q,9416.4575697771,1128329,$1000-$10K
DU9LBkJ9kmhJ9ugDdWf9HAe3bEYXEHrNGsPCVW3oyMug,9416.42353757964,1128330,$1000-$10K
31iz6poiVb6EbGjaE7aE8rwQn89vXPiQchPeXFjbriU9,9416.40761587719,1128331,$1000-$10K
CqGWnhr6FR7EHwUnCnCVpiKWdAX2kGomHqpFoLQaexbw,9416.3890098688,1128332,$1000-$10K
3ufGNcXwbXMov8jy6hW5PCmGUX6xY9Rynb4NPurR9Gzi,9416.352315784547,1128333,$1000-$10K
9qiCA9aGw2AgTn5RwQnF2iuJkasMsLWG2aAZ2ehMMXfo,9416.318109015898,1128334,$1000-$10K
H4uBxj6AQ8zE6KwVKicHSC2wGwNSkNVcxix9p4N9FJ8R,9416.312235060806,1128335,$1000-$10K
4EbyLPDJZwiUZ6x9GTP5aRRey1MK1DH8hQ97eNYQquXu,9416.309832232713,1128336,$1000-$10K
oZw4cQGWu7NmtQzYpab7MKkH7pnKFninYmaRMfGbY6e,9416.274546033426,1128337,$1000-$10K
3GSLJg1LBjswMU4twVQ9jyLgXsVfsHpfd4Cku5yHv9bV,9416.247148325861,1128338,$1000-$10K
ARryhCZuH4GrL52ngXAevinL5LqQwiJBQcG2275mFeGC,9416.24520581424,1128339,$1000-$10K
AZdc2SwxuxSVWHDAJ5GQsZeHomtLenQfrLCspBJKrVaP,9416.231382138098,1128340,$1000-$10K
GuReQMn2iQHkwh2dzVDfPQjDWA4kG1e7HvggHXChkb12,9416.219126175316,1128341,$1000-$10K
Es4hTykRTwuyi3Si9uGY3urqwcJVRnA4gLG3PNp1sESc,9416.177046237322,1128342,$1000-$10K
6zgmfK7nLtBY4AofizqU1pFmGYLMwytU3C2LaRMAW77,9416.176287134607,1128343,$1000-$10K
C6BKLqATSY7LXnH88vnqJWJFZzFtkh9F1KbfRJTcFEWi,9416.162390851054,1128344,$1000-$10K
4Ph1qMxUnnryyHbCtXfqmsdXPivuaNxAxjJATWtZxCQj,9416.146997110662,1128345,$1000-$10K
9rYrK4NGC7n8i12YiUoZr2q4nL8FCkAQqvxGR7i9T1jD,9416.138277457041,1128346,$1000-$10K
CZDNhcfZRZheeVajBhkKtqYb5QR3yx1oHZS93wUHqsGR,9416.12663399116,1128347,$1000-$10K
8FjmAfdu8tFf59vkLi3F13NMa81DhxHPv61iGBnzy4hZ,9416.124857194625,1128348,$1000-$10K
6iiRhm7ez9SYtMF9JcuE15PYCz2dFS21Ke5CYAeu21Co,9416.12000625106,1128349,$1000-$10K
4a5gA23VtxURz2YXzbumhmHAVXbTAdhQaX4cQtQTNXX8,9416.116673189037,1128350,$1000-$10K
4CNRSy6QFygbc3XW1pKSrBMjN8w2jSKxbCB4DEjJbUTX,9416.110572377167,1128351,$1000-$10K
DkJ8LB6Am39iWXh9cvoab8YMQ1aspZSXoa7uKKk664mF,9416.08759598972,1128352,$1000-$10K
77aFFaFRqGYWqHx2Jpc62gGFxPwAeBuLXY61foUUqMjc,9416.071519122497,1128353,$1000-$10K
6UMWrBWSDpk1w6WUECoDiiHCdhKvuiGdZEfja5ddMfn5,9416.061475398987,1128354,$1000-$10K
ESfpPGX9UXgswhLKNqb7rvm5WPZRsky8v7mMdmo1HXeS,9416.017815543719,1128355,$1000-$10K
UpRentP1ubh2CeR6jm9YcBT4Ps9mDhmAN1UT5yWghGT,9416.014769745021,1128356,$1000-$10K
21DM8Y1NrFuBUKL6BoQkFyonLJDsCt48wU4gieyXjms7,9416.00341965883,1128357,$1000-$10K
6d8keDYLwuwqWUkeGRN96CoAxtze1goXhFVQUBVgsqt2,9415.99418040918,1128358,$1000-$10K
D7AaaLdF98aUmEQgrQuMwWRhYow4pCcWfSv3nu7YLckM,9415.989052393796,1128359,$1000-$10K
F8bMcWPWCBqK9gSBM6VjRcZPZ2YLwun7G5WoxokjDGpC,9415.983052489695,1128360,$1000-$10K
HMbf9XPJ5dqTS8RXxtXBCv9UBNiGAQGSp9qwMzkwNAJ6,9415.982440495163,1128361,$1000-$10K
8SjKxuksocW4QGLN4X8PbWt5fhjhUgA8vj7q7SWnvzHs,9415.97885525106,1128362,$1000-$10K
FotYLVdQpcMv1Sy8wbsPUeB19mNbqz7PYKC2epEX1VFV,9415.978806435813,1128363,$1000-$10K
6EM552qF3qzyPM3Jd2n9KPySB569HfbxsF9nMHYQeRYg,9415.959259058247,1128364,$1000-$10K
9aGcbDezR8XdDTG8DEDprKZ6QtY894AJisQoLopBkWs3,9415.95550061716,1128365,$1000-$10K
mUcLcXq3bs7kMw8ET5wSmWyUH9XoJZqES4Zhwmw7LTX,9415.951257974411,1128366,$1000-$10K
6jmEEomE7tS6eGZHrkVsgNPpZkSwvRnhXpKFguSvcTdu,9415.943691277895,1128367,$1000-$10K
FeD7cwK8AQ7TZzvMmEvDLeaviFVWqhW2hXKMQPdtfQ5q,9415.93967299847,1128368,$1000-$10K
C3vVY3e2wBFQ4QfWKCCbG5mGcbtCykxztt2GxwxwWvDo,9415.9351416281,1128369,$1000-$10K
55xhZkENAzJLGCmJ26JA2jUut1P2quVPDQDPDEqMz4c5,9415.90182897432,1128370,$1000-$10K
5m7HSu59myFaL2kofEpp1ecV2sMx6Q6WLJ1bKjjW3Qx9,9415.884227909093,1128371,$1000-$10K
9yDL63k8kHgCrQkRS9ZLtpfqHDdgSTmj2SxuDpZw5AHm,9415.884125759436,1128372,$1000-$10K
GAyozfUkPx1Dg9ijc3dKhETkcqbieGeur4773UtDaRGJ,9415.87058751197,1128373,$1000-$10K
Gk8bwMTiZLSUyg9Ygqdirva2m75epM6weYieQiq6Reb7,9415.836601760491,1128374,$1000-$10K
DcJ34XGygcSUpUxrenWteQU9mpHoAsWCqzj7c5SVDwVm,9415.799696566395,1128375,$1000-$10K
3p4ahgzoKQkfTgiqnmEgLNimNaUztw4Qnxpm3myofxGH,9415.79957440671,1128376,$1000-$10K
769HkYQ3k4Bn1oPPZLLqNemtKwN2dj6Z5LEihjLHu76c,9415.76384543656,1128377,$1000-$10K
AiS7Huwb9qWesAjeG8AnWCQZoCzBYcTUckJVe6HxkLkL,9415.754850727133,1128378,$1000-$10K
qSYxRqcCAjfhMPPLivU8uBWRFDiy5xzMycJ1Dx3qT2X,9415.742249306742,1128379,$1000-$10K
4XMVfJJEEiFdodJE8K9JneVRPMChjVKpVpoM2Mr2J3DZ,9415.73385721871,1128380,$1000-$10K
GaTXPhSxSV46pcde8kXjLcuAUzjVjKGjjZigeFFMLNZC,9415.69955502258,1128381,$1000-$10K
7Sn5a9hYfq8ktnRM9QSPggzZ56r9b4wEUE1X5RJFe9Vu,9415.69162804713,1128382,$1000-$10K
H3bv5T3WQKtwWNDseESn6zQCX2ySehqQWtxUh8Yjzxdg,9415.664392943916,1128383,$1000-$10K
BfnUKFwUfnTsyEkMChRNaFbBQFB7uMrrwgcEnyg2aMst,9415.662345274712,1128384,$1000-$10K
9NHja7BRoCQ2fHWEf93kEsdtgDX6czPUv6EGk2QVgH5B,9415.649620392265,1128385,$1000-$10K
GJkiTNFM9wBGCchCVXGqnLgkf2crQrSzKQzAz8ViY289,9415.64103541102,1128386,$1000-$10K
ABeCyKjAiTBWVQfnmHSsjkjscVXrduYFtWALuJNUWTYi,9415.635525125443,1128387,$1000-$10K
3YR7bhxCAqUFYAouMaGf4gKp18uA1zfT67zoFArQ3Axq,9415.633847989191,1128388,$1000-$10K
E5gFQEpmzgEoeVPgBmCRFinfk1sWLFuLVNe3VzFqZ1nx,9415.632546316972,1128389,$1000-$10K
34ZAVu4o8E5AKM12uyfbF9kvHSzrUsYP9VHrToQYikpx,9415.591849021986,1128390,$1000-$10K
3XX5XR976mDNJULBCT5xgDD7XALCEQwuAB5YvpVcDYMV,9415.575958050715,1128391,$1000-$10K
5HZKKjmTGDYV2PTUcWM6BcoLFDvya7BxgwGjY4RfPBqy,9415.55954427128,1128392,$1000-$10K
GsmkYyDttP1Qy7yZg6qb5nCbqYrmYV8WpAZi8Yf3AVtF,9415.512187617453,1128393,$1000-$10K
HSrwLXmwQZjV5nvQVnmv3UWb467t4xLLvtoQwUCqYkRT,9415.493573495205,1128394,$1000-$10K
7nkpk2L58uy4p9yibPq65CoBcB8rBvJZeWuPVcAXbq9k,9415.477382978477,1128395,$1000-$10K
BmErCcNxMDUiztEt7oStKeq3hD5Gv21wbY5xi2h59YBq,9415.47389017729,1128396,$1000-$10K
BpEZdra4xnw3ivbe4Dx1RMkgYY9niyUiZD5FWiSbtGFP,9415.472458473403,1128397,$1000-$10K
7SJHicVm9RLmtktDRydaUapsUoqy1WAc2SVQPc1kH9Pp,9415.46384318487,1128398,$1000-$10K
GY4XZ5WVC96E5P942t5KvTX9JWAsdAGp8JBjBVYoybfG,9415.46099046015,1128399,$1000-$10K
BXEo3gdHEwsAWbQhzkxQGao7koXGTiyp2gGB9K2veAMS,9415.45554462054,1128400,$1000-$10K
HuU35nFxyApYknWQzX1ApSHKuSsnBrhwNo4MJ5EgoXvD,9415.413262824057,1128401,$1000-$10K
7NFaQ6yNQk7bb6PAUevUiKoErvQN3jqa6FiJXPE4wEQF,9415.40478805593,1128402,$1000-$10K
2hxgCCuCF4RgPnBwKSuEY3YABKAcTpcJ2fMr1bDEweQf,9415.38532204368,1128403,$1000-$10K
FEePmwAFiWykiW1yEgxTqzzC53ZT1Fzpxn8gDBngDzrG,9415.37829046683,1128404,$1000-$10K
BFUyV5xszKJfs3jVNX3vgDK8CnZqf1igJYASiqA7KBdN,9415.3217495009,1128405,$1000-$10K
FDop82A6CPzoixmHtrzvrNtUsBABdXpiMzzKCJpT4tUp,9415.314531085483,1128406,$1000-$10K
GRqW88W9ohVtjSprSXfqtmFgWQkitBvbfmQVyRk3g9BY,9415.285616410845,1128407,$1000-$10K
2Nxgcbz9xw4xJJte8n8EqYiz3quZH8SUHwHcFaUus5xa,9415.271657778529,1128408,$1000-$10K
4pHEfxURwHDAKqcSem2kQvJ8NxK9LLWs8D4KMR2BL6Ly,9415.25000840359,1128409,$1000-$10K
72NQJLFTsxf5Tef8hLPNPiwsFELp1K6CVS2neokyQPo9,9415.246912447965,1128410,$1000-$10K
57fa7zw4fbZvs6iXdadjdWUUg3iVdEqVQhovmcYBbq5M,9415.219665655566,1128411,$1000-$10K
8gV8o1meSGDDP3jpvtNdMSP5mvL5jrxuqoiRiF49npQN,9415.204142347478,1128412,$1000-$10K
8nijBuP4kG2LWBAM2bbVZDuXYYCvh7xawxYMjnrTMa95,9415.19732166384,1128413,$1000-$10K
Aq23F4UADVrYBbX21tQAHW3GtaUureqqsBfPyemZEkbg,9415.180634537379,1128414,$1000-$10K
78BGhWnXZFZqz5sct9K2t9QJpUoJrzr9DhthzdFjXiw4,9415.157540922266,1128415,$1000-$10K
59KYQdrK8ndhaMg1kYDVWygVR2GyJPCMuVsDadNUqjTi,9415.151491914501,1128416,$1000-$10K
3FwmhCs8Bk24dzDKWd4pC1upC1r9pjCoYCD2xG7djwLN,9415.103862490903,1128417,$1000-$10K
PZygKZMcUm86Pzb8TgMeoDZ6EZPFZ4HB97tQhh2EvaX,9415.094610851233,1128418,$1000-$10K
96fY2me1PXFzCZqzQr1WFtnmkcvcpVQm3vwZPopCtgTi,9415.08923262053,1128419,$1000-$10K
8VGfqDLcgpzaRSnyS3iaJbz8qgdYNRQsRGYfMoiJHGCS,9415.077957439771,1128420,$1000-$10K
8nniidiqiTk7rRGqAG1GTKb6i7peXE25qyUMQDmFRVKF,9415.06444683283,1128421,$1000-$10K
6HgCfvzux2iXsk6H48VjRdFeoTHTSiUVdXZnYykkhvBt,9415.0479989397,1128422,$1000-$10K
6oWBiJ3HNHxC63zSxU5iB2tbPQsnmDhLrZpTENZaBaef,9415.010454091193,1128423,$1000-$10K
FuGWfjqYNKoCsLzo5KW8z1kjVcU5sDdiznFTJcho3Mk2,9415.004343295033,1128424,$1000-$10K
DUEe1cmenWmuMHPqGgTqvKH8nmt6cQp6XuKz5eRNEaw6,9415.001352783042,1128425,$1000-$10K
6RdKb7ZJj5uHTv4QNb8etFrk9SxSd1TfA2Rpfj7fQyA7,9414.993238652958,1128426,$1000-$10K
UFXfgCxMzLyCfDKJTr81dGETjev5cn9odi7FqMv17EE,9414.973086842529,1128427,$1000-$10K
E3ye7poGrrvPvAo3Qszp49ku9zgPsJS6C5xQzsVV1Gqx,9414.971625284938,1128428,$1000-$10K
9pxEphKa1zZMiN7tgStnaDsoiPGFZN3rHQc76A9bvqkh,9414.96563297987,1128429,$1000-$10K
G8xvYGSNo11WvhZvpXt37U5HEAu38EXrymn1JG37dXfW,9414.964004911082,1128430,$1000-$10K
3qRVEBhYg2mnxU2ukfJD5sweWkfQcbHqWMyXNxNkp4u4,9414.95939639351,1128431,$1000-$10K
EfX6wigxHMwqXyx5fM9AiqVvg9hmbWLwc3Bt8UVC1C5P,9414.932354704735,1128432,$1000-$10K
FfjqXLbQEBwvXhdGp2BLB3YgTyqEgEWEcPS7BK54qRyA,9414.914271280491,1128433,$1000-$10K
7zDqcGB27EZAyuMgCKZ6KwhCJmcqCvxqoHVQKwbvRaJy,9414.904456641312,1128434,$1000-$10K
BMqZbXryi6ACQ7cn9hy5hL1fKhcv1X8dRMpt7Vze4bQB,9414.88971567908,1128435,$1000-$10K
BrKSgPnyhoUDY13oyfxNsWmryAizKU3esUJRL3xdjerH,9414.876345458171,1128436,$1000-$10K
HN3ex8DpAnEaK4yYmgXTwRCtQoAzZhUfoSQysLxe4ATP,9414.869168655181,1128437,$1000-$10K
CB1L3W7fiSUo5yFK9nXqo6GVc2qNZgunWB7JzUP73zKf,9414.866361919545,1128438,$1000-$10K
8ZiFznEZ3rg5jkZM9NZvfrsk2HXgTLvcajt8g7yBBqUK,9414.84671862804,1128439,$1000-$10K
A1BB1Uw2US7EsdouK3PFy4QwDKHm1xysijBYd2jQGLem,9414.841584893331,1128440,$1000-$10K
EpWHDvKFXtZeLTuRarhwk2PcVCKgKSG7bpTCL7C9zQTw,9414.834229630662,1128441,$1000-$10K
DdhfXavcgMrgue3fpB5Ei3oKGBM1YyExLkAStXoR2qs8,9414.825725133427,1128442,$1000-$10K
FvNr7RaRDrRSQYXikUYGLwiEJ6jbmetFHUsjJSNipSyq,9414.808550284102,1128443,$1000-$10K
HRC4ecPMojLfgR27FYS6MzJr72M9RCpzQT7j4oXLydBP,9414.807174939479,1128444,$1000-$10K
7o7bdS4oTnVuMCc5HSZ127Zb1p4GHuhavQLJNA4oYeCB,9414.792183460206,1128445,$1000-$10K
hcmade4KWrDTn4seS4QVTecitiGYfCJ4sureUzeAEoS,9414.77976862521,1128446,$1000-$10K
9na56M1D3LDZwFDiE9EoUqbmrDX9bRM46VaTdtkRJGPR,9414.779108044908,1128447,$1000-$10K
882Fd2JcmQKFv2exLU3QC5RZ1TkeKMfm91LBqMnE5b4w,9414.75272649292,1128448,$1000-$10K
D57fmFT9dpkVSv8pnm7zxSTkuGrxUgNU3ASyxEyyWmkE,9414.718810697414,1128449,$1000-$10K
FtZCSDbo8iwBnBmf4aF31MWfRGAkaSxUnTW7uv7Lvat,9414.657663950406,1128450,$1000-$10K
EpJq8PS4AzpVbnR6jHoFgurK1mWXiiHPRhsyxHTkJGY1,9414.654306768009,1128451,$1000-$10K
5h6SM3GaXMTGK5GncizhU3YzHjW2VxvV1QMosB2GLrXr,9414.652213497513,1128452,$1000-$10K
5sjjddJ6SAiypL4Qgv1LuLSUX7AUkfZQeS36J6tWuC5V,9414.5926966915,1128453,$1000-$10K
4igb2aVszrAf8yPMqkM1cAiENT13LYc7QbZovkZeeL77,9414.555003823189,1128454,$1000-$10K
Gr2Bk5ccyrBhH7cfsjVVvKa8CNKCxiBeVirmDb61N3m6,9414.538024678071,1128455,$1000-$10K
545TYV54Hr99ZV9e6zjPd1jdB7yuA6xXFo2BnrLbPwDt,9414.512207415492,1128456,$1000-$10K
HEZCSMkaZh33Kg43hn3kzPgQ2acd5k2mXi7oZrpezPPb,9414.48825202925,1128457,$1000-$10K
2tqk5DF6RH6RoVttNSPsgohsN1vE4X5nTkayhAZbmWye,9414.486744018208,1128458,$1000-$10K
3kk18vhaEtZxJScDCneYDqEKkGUMkuFabXP5NesFxoK5,9414.467853420672,1128459,$1000-$10K
99Hp9RAy5duQJnhKEg5CbDKXAGMWvQpSGHRrrLwP2JM9,9414.46623590999,1128460,$1000-$10K
DJgPtSdJMXUTUP5poKWhR3Pm5o3pEbwzAQKfdD8f6f54,9414.410650460099,1128461,$1000-$10K
7FKG8XazMaQXN3kEgDMuqR2sUTxGQikhqeaA16CwKHmZ,9414.397593656271,1128462,$1000-$10K
2PpV6fAbqGPCQaaZtYdL1Zz7wTp5npaBUqSY8DJJQAcu,9414.384239092611,1128463,$1000-$10K
37PMDgKDHRkcvEnVRvx4uS24dntewarvvJLjVH8hReQW,9414.370142290467,1128464,$1000-$10K
HPZDgGgzUtaxbXo8wh5pPHitPnrgtjEJfaHWJUPfmjwu,9414.347512706201,1128465,$1000-$10K
7L7ho8ArF62Eo9aVoJb1adwyvPHzrCRk1hMYp98s1bfn,9414.289722433441,1128466,$1000-$10K
EnbHnFumPVoAVpWRJtXpYZgvKjN2GAii37NAmQFB61Wv,9414.256241948002,1128467,$1000-$10K
5wgGXSPa9H7Ch1EcoKHcBxEqKA558pjFBMVoNnVxM3cx,9414.236002648531,1128468,$1000-$10K
8DBHQekTxKAesZFL2w15RdzmYRWYrmiZJJLrWWuK716V,9414.224282174619,1128469,$1000-$10K
6BfkR6WoFSJvJaHaKRZBACzASb5yxMPwEhDaob4iPzxF,9414.218608301631,1128470,$1000-$10K
APDfwb6yMLveDDNudRVykhKXLzAgwxt5sZSepdSuSh1B,9414.19183274305,1128471,$1000-$10K
2nU7EbNaqBYPR8RPNxeZNgLAbpAseNxZ7ne2uMo1S9zG,9414.164187623912,1128472,$1000-$10K
9xpVHnsojWFjvRLapPbNVcksy3oAQVAQNHPJHu8UNuNv,9414.131249799108,1128473,$1000-$10K
CBX36T8uibB2tiHu6krEPepY3VydMTewJvNinuM4fYpm,9414.125223074301,1128474,$1000-$10K
8VDaHNZJgkPXSmNqLhmw12nxgqgN5bdjCFPVnvZwzft7,9414.09414239029,1128475,$1000-$10K
GVJAYH6CLTvSr1PiH2gPosHBhzBgdPFEKSgQPDFkGR3Q,9414.09203155767,1128476,$1000-$10K
4rSb1vNDmkgp7cJ6Zo9pTmjuv2TYZZ9wxaisDNxedXKQ,9414.087912641735,1128477,$1000-$10K
CKxEjTavWw3owv8w5tadgRf6zVcM8HqZLRv7L1SjwEz4,9414.0788084766,1128478,$1000-$10K
3Ji9nV6e9ggQ4fCVoUuJhTdpWZV95YW1jZiN3dKxAipY,9414.064777302587,1128479,$1000-$10K
5jKHp2ne3p4rQaduSH2RyzJqS7tuziPkRBdrf1EuSmt9,9414.063328896216,1128480,$1000-$10K
EMLkkUrrF2mZyQ5MnT3CGraEEdC9XdgP36Lr8qumyats,9414.063067789533,1128481,$1000-$10K
DfJ79sQSiZ1Ej28K3dXqxpjP5tPWmLmkvDwubUFFCvZJ,9414.034713492641,1128482,$1000-$10K
H2B3fcjzvaJYpvtG2rrp4B3sMMK1gRrT3ygiq1kazgQ,9414.034602431171,1128483,$1000-$10K
EtfmP9kDGvvpkVJ9iMkdTRdouHN4SrDMqrDpifGKrRSX,9414.013691247634,1128484,$1000-$10K
BDjiNk1xcYdgoaAz9EgTHeViXWk3PN1KeD7LYRJGd96N,9414.00326204345,1128485,$1000-$10K
t2ZcH3HZD2mCku3VQeoRRiwzspyQV41nt36zk25CPwJ,9413.961777835822,1128486,$1000-$10K
EWNFN9nbJ4EqKUL5DThcVHPdSSpVDaDwSoFxjfXsARFh,9413.959233833903,1128487,$1000-$10K
3xZq7yhoGB5siKq98TPrpQhmAszKNVarEhqtnQFRdotg,9413.916326790977,1128488,$1000-$10K
DktSJHHJZuc5zHoBZBWTf4LtvhzLrz498ex8Tw9qcTX1,9413.914012589388,1128489,$1000-$10K
HtW5SWLwcdNPtf7Ui52KSmhgrs1rHkRCuFEz5QKR72W6,9413.881404825228,1128490,$1000-$10K
59MMyG1hAaE9KUETgLBomUNtkvZQ4KGkWt2RLYpDFE1v,9413.861168091205,1128491,$1000-$10K
Aw3rjWhk8iH8eN8RMLt7mMxoXDhu33Gik49GhheFKCuv,9413.85288627117,1128492,$1000-$10K
BbBYcpG7zPKPT3BmTRV4aHoiw58RAmxhbpKdZVz9ZjkY,9413.850974124298,1128493,$1000-$10K
BatvxUMbMGQyZPNrePo8f8ve8vCCHwGpFcao9gvYs81A,9413.837176291512,1128494,$1000-$10K
6vJiwVCVQuiTAHGJftfdjRKvtrDgxSKbsE51Tpk1QVWM,9413.81018526418,1128495,$1000-$10K
9x9Ln5HqvCbY35sjkjY4qxjr3eRRFb1k41GSxot575hy,9413.810138131961,1128496,$1000-$10K
LC4NDjJxPmwdjL2iJs5Mky7naqqrVwuMGouM5hrggyZ,9413.808266684286,1128497,$1000-$10K
BuQhg95BrZbkFfQjFBFUVDuEus2byjvP88V9W9v5pdyN,9413.787788346612,1128498,$1000-$10K
AwxdghZQ1RW1pcV74JLp7PCumKpjspAXuiSDLzsDKYbo,9413.78388019858,1128499,$1000-$10K
78tA5aQxbs81VXr7ThrLvsiio1DhtLJpQZfjrarQwGhd,9413.769200972823,1128500,$1000-$10K
6hcsWDEScYAc6GofBRFGAXoSf2T7GXPjvgNkoFcRSa2f,9413.746412950342,1128501,$1000-$10K
8zWLdfNGL5zggAtKQm9XNbF6UXKnXGR1epztJjb7GEas,9413.737087903033,1128502,$1000-$10K
9UPnWWmkepva1yHsoF8C3AVnQSY5PudsydPB2qkheoGV,9413.726117148157,1128503,$1000-$10K
3mN7gFjzReqQTrbXr5UXMJ5Rpw48BYMLbwqv7p3GBb5S,9413.721389475233,1128504,$1000-$10K
9eXzkB1KQ8Yyy72iXFEUtNEdTVdbLWdYXScAG3j5Nxfy,9413.670761110883,1128505,$1000-$10K
Dc3LcdzcRkbu5AonAPcFBZKG8pkL1JuJdmj9jVQoUbvs,9413.658313187383,1128506,$1000-$10K
3e4UX463irKfbrp4h6VmApNn4Z9nL6Lu47VAuKa69dwn,9413.640644686779,1128507,$1000-$10K
CxHPTtsSPjnNGjXsQ5GKKu8omUgwXkTQnoUQsA5NriSb,9413.635322360935,1128508,$1000-$10K
H5k8xsYe5bzYxRUHoeHMzFdZm4eRvrFKVNNfZjZXSPvG,9413.597406749797,1128509,$1000-$10K
HXoQXJZvJJvWg4PRZovFom6bWpekAvbcbC9buWFdmZ1E,9413.590704136783,1128510,$1000-$10K
3bCEnRjCimfF1HtgVWgbUC7o8UqqhaDg1csLQht3fCZ5,9413.557249224134,1128511,$1000-$10K
6Pc1FdMtQWqCZQd3HdaQWvWkEqe5LuykPWwE78h8VqRM,9413.546526513932,1128512,$1000-$10K
FHjYC55AEN6SDKEgRPL2LmBmBLFnn4P2HCtRaoMwnoiC,9413.544079161036,1128513,$1000-$10K
2p4Hd3rSWG9u6YTZWSngRXKMPcDcyZV1bgGx18HqMGrd,9413.52230019458,1128514,$1000-$10K
CjchkKgZaK7rWFsNRYh3W9NF1GDXdoYp8R8BV16QzNfj,9413.480684663182,1128515,$1000-$10K
3TPi5vcLGgQ6JC48wtedaTDaTHP4zpcAtdU73HJvoRJe,9413.441455166452,1128516,$1000-$10K
5jpR73iHY4gvSN1SBM3EWcu5MS9pV14yfpCJ37Hg1wwB,9413.43850707792,1128517,$1000-$10K
Gz6E1rtrHnjJSwvH6vmDLFzppaL34QJ2JM1LYjDYbgEg,9413.424623179228,1128518,$1000-$10K
Ch8osgng9UZ9UYedn1Pa8Sjxj8jTLNNqw2xenmBgM3vo,9413.419556351735,1128519,$1000-$10K
3rBrszeXjgfmYKoMAkyox2bwHqnmyZzdnSbzmVjyK7QC,9413.388836279953,1128520,$1000-$10K
9DV1HfYQhkvuSmA33NWKbe3Fkfa9ayWjLEzSNEo9LaKC,9413.352698385548,1128521,$1000-$10K
FDfkkyMDU2H2avVqp6AvjzvgSng1tGo4BDoWmaxFQWoa,9413.350562834297,1128522,$1000-$10K
DXuhDX8m2miGMWytjYqCSVXu66U35gXgvi822q1pHu1h,9413.33599621793,1128523,$1000-$10K
BwE5HErMWcZQtZwoNKTzXsCSXrM7yEfYo1rqpemnRCQv,9413.32863633927,1128524,$1000-$10K
D4EjJNgzzZjonH8FM4zekqLFXcJTT1WVS5fpV3YSyoeb,9413.317909167483,1128525,$1000-$10K
HsBQmGNQ7CscMr3tPAruyE6ApYsfEW3hLe8ikKgMek7m,9413.30834040554,1128526,$1000-$10K
CBpF1k2rDupgNHyzxJFMdHEsMFMsmy1y7xFDk3rJubFa,9413.300801287118,1128527,$1000-$10K
FHs6idw7gxEgKAkwG3E9PuNgjPntnSZ8trA93A2w9DMF,9413.30040152323,1128528,$1000-$10K
2kjJpbKPQTRDne9aMPYkVHVSh4EdL4FdEi3ecbFwKHwj,9413.299659704682,1128529,$1000-$10K
4W6mvsyyfHTHzP8SvVfffccLSrbueSEknqwN3CVY2ope,9413.292224797386,1128530,$1000-$10K
FRgUfE3bAZ6Rpnr6u7hKTRsFwXqNg6FtKyzxUraZAqwU,9413.207706981813,1128531,$1000-$10K
4uMymvhNJ3jLcn6ZBrvMMUEYXH1TpfQH1KWPb7ScEKLc,9413.201838220331,1128532,$1000-$10K
EjQ41TFFM6QJiXChotexKnC2NmdheFzb4QhA47rY4uEz,9413.198922000607,1128533,$1000-$10K
FC6vo4tPEdgEW5fJ2xY1AMGKVSH2J9TSbZDWMBp3RcWn,9413.192401899256,1128534,$1000-$10K
7Ud889CyYnHYBss1mexJDFvRNjCMZocHnPR3cxeQcEF2,9413.178309520075,1128535,$1000-$10K
9AyUjTPNHYqkSfW6T6DSgrBPXGckbS7ayqGdXfZgVRHa,9413.171261131743,1128536,$1000-$10K
5cMbdMJxMebbPrYBQwv3iLmzQdDV5LN848q1SPZGkpzg,9413.162316389697,1128537,$1000-$10K
6Fvv2waxhZiHWgWJuTYTQoxtig1TBKeZkFrbf2AtFGFv,9413.151237515607,1128538,$1000-$10K
H8MBkD5h7SPiEc4H8xey8VJ4X2quCtudWV8Mf27JQCHx,9413.143141662062,1128539,$1000-$10K
B3SZNpG2RWz2Jy9i9ip7zLwCPyTBoBr8ak9bvJKNwJ8,9413.08913834626,1128540,$1000-$10K
QnaU62n1DDXaXu6kiqADcu2i2zZyHur24sd6rtJU4Db,9413.048086259687,1128541,$1000-$10K
Ab8hhCSzFh4Z1JxQzqoZ5hmMRQFELbHLRFJQK1174fgx,9413.0106868809,1128542,$1000-$10K
Bkt1GAAQwFqELePkLWprcyzyueTtWm7yKsMMJHqSGRQG,9412.999482050367,1128543,$1000-$10K
9FguH4hBV6tzNLHXnsKEwgKuEcAPZ46yWDtmigCCbcBD,9412.94016376001,1128544,$1000-$10K
G2k6KKm5GgBUKDnwESJwgnmTUjPEZ81bZSnuWv1JQnDq,9412.938354974669,1128545,$1000-$10K
7yxsKkcckJfL22wxRJhL6V4i2Vmy6pQeH72567nDW3m6,9412.923501438388,1128546,$1000-$10K
9c3yWJRw9n1CvzyZNbBiYckhgsd5S35owR89VjkQ7s8r,9412.919556556393,1128547,$1000-$10K
CPX3gB82zSUg4UGFvMJm4ee8hN2kj4Nfim1QPjjdkzbQ,9412.915959263157,1128548,$1000-$10K
CeiFBE5xpujYxh2yrWsVhnUWtxH31i78TvwW4o6U8tPD,9412.897534718535,1128549,$1000-$10K
9GE4JSoTcwXG6qhfTFtA4PzHSgsdDEKFxwYUEpqdJApj,9412.888768613917,1128550,$1000-$10K
5eRKLFuKCCkN99fVzqn7Zz6QVyfartpPvLz3sPcokVhb,9412.869496079466,1128551,$1000-$10K
6vHziiPQQWWRLG8PdijeFLHJwNRD1gQc47JsYnzb8JNh,9412.831095818303,1128552,$1000-$10K
8PUg8rT1Cifz7Rtno4mGu7GSfkBLohaE5EYVR92iarTS,9412.829310505233,1128553,$1000-$10K
847mwjvPmTHwb5QSK2sx52xntxmNr6SkSGyT614B2YSD,9412.813081476666,1128554,$1000-$10K
WgGVzJvjQUhBQErLK2G35L8Enoi4Br722q3kGbboLiA,9412.793321619414,1128555,$1000-$10K
FBPk42rcLaXc2nXgrKThopgvx6F2oTsVqiLbh9PgXfbM,9412.751249544204,1128556,$1000-$10K
J5CSaFQHrAATrsnn9T2mpmHnucgdCpstCw7cdkn6Z3C3,9412.734250422496,1128557,$1000-$10K
5KjeQ7FvdzDc51LGX5YVeBkarUcLbXqLkoovjaXLJvH3,9412.73356775416,1128558,$1000-$10K
8rnpPsqCD3tXLMFMK6UEbZTGbtSCvsoYFwxbg2g3W2hs,9412.732312866243,1128559,$1000-$10K
21HHcEbacBdznwPggJGAWbp9gQnea1Ga6HmSkv2tWddT,9412.731335698936,1128560,$1000-$10K
BS41uoKW9YQYvKARpj7Mc3mS73b3Pkv26FopP1QbEj5F,9412.70865993102,1128561,$1000-$10K
ACDqRPf2CwPgmMHfdFhAYA62HqvfQQhuVDCWqy9tv7ci,9412.65895505615,1128562,$1000-$10K
Ae8vQqyASxidvxDgmG2SkEWaVJTtuXFqut2PeBk1DnWT,9412.65283606262,1128563,$1000-$10K
G4WSYeL7n621vckgjZsbHqiGXnWaWhguSr2ZDFtvVN4D,9412.632912025161,1128564,$1000-$10K
CGAkqbgUy7bccVDBtxu67Gp1VgjWWq4T1S4Kj7Qzx37j,9412.62629950537,1128565,$1000-$10K
DDv38STpHVFF2LcrovGUncy8SGXyTgNtGXh9PSMuivFx,9412.612654030347,1128566,$1000-$10K
64FzzrvmdoA1h3NVnLXQ9rLtcav7JmtqS7z4Ac7L91BP,9412.5820742901,1128567,$1000-$10K
HGcfCUcrfws4cBw8fjhuQB6FdFWbv4oGycL3kAtMWbTV,9412.558467417344,1128568,$1000-$10K
2YBfAQj1Jj1srtrqwhQ6QuRd1pe61TnP15JwFAHuReN7,9412.527742232456,1128569,$1000-$10K
5KrfXkBTas3uMAskimdnPhQGAN7Qv4eRqqnuFcG32mvy,9412.521662374362,1128570,$1000-$10K
Z4g1qXAUuD7FpdqqkLvBe7EbwCtueiJMN9NNwYGExu3,9412.498085449708,1128571,$1000-$10K
59tTV6BgeGXqdeEWoJGL6ihw8w87JL66R5RSgyKhjTxP,9412.490917519757,1128572,$1000-$10K
2oDN6J6EF8YhbiewXfFA5g1wK7J6QQCcWdsekhjSLMT9,9412.48148036453,1128573,$1000-$10K
HHHK79GfCwXmBRo6G4M5hhDHMv4ScpM8cYLX1BnjpCbp,9412.47397033846,1128574,$1000-$10K
AfXqP1MaawXyTfAg66xjqgtif2fhz7tB72cJYAZiQYWe,9412.469538002137,1128575,$1000-$10K
9mxoPxvKKpg4bFT1Pw4Np1FCPXqKLwgiANcLtYVv7tyR,9412.436071362677,1128576,$1000-$10K
BtUto5sRg8GXRF73q7nDhSt6G25NRBXYZKHkPDt6ZqX2,9412.43313906106,1128577,$1000-$10K
A95SYBk7sAoCrZRtb3QyKh3mTKdooUEeXaweEPeZKVC7,9412.39370155624,1128578,$1000-$10K
8htunwcaukwq6E1W1kHyktKrs1Pea3o4Gse3cxxc5Xwo,9412.37918903848,1128579,$1000-$10K
aRvmtrsZvAHj8KrqsWEfrxFMkiP8vuoLnQZCfSMpjFK,9412.373028769422,1128580,$1000-$10K
7naeAfrg7RbN2Ffuu5athgNwvkcaNjGwksMb7hH8rBQ1,9412.31018821188,1128581,$1000-$10K
9D6YfAmEZU7eNSod21qjY7xLXDe1uG3c412wrfYAQaEo,9412.305699659008,1128582,$1000-$10K
GahJSz8xx13zjhFfLShLWdGz5So3eTPw8gi4btZcnBMT,9412.273254693988,1128583,$1000-$10K
7nsERQPSSai6USatoYUv2brYsaPrVWEAdfVD3PEweXgU,9412.273009350165,1128584,$1000-$10K
ErmFDFRX2QeUZfpTpHbuvosbFJF9m24biREriFxpfZLk,9412.25044995568,1128585,$1000-$10K
57oDZajrDFYC2pijgvcQwWsGpruYBUsVre4auGa6oRWN,9412.249621919129,1128586,$1000-$10K
99hGK3n8ejGeACUBtuwgYUTZfpGg4YDE7RBaza2CmFKE,9412.240003143877,1128587,$1000-$10K
BT3LA7w8f5LwGdJwa4EJXC4aLnWWBHSrLfSSrLGYHqhd,9412.229221081869,1128588,$1000-$10K
6KueGFdARh4A8jUoTPFfBtq6bCTjZLtgMp5VXS7w1a1g,9412.21904786077,1128589,$1000-$10K
Q47p6Srj1AQBigJ9e8XzYTpVM51gDiaDVm73T8j39tD,9412.21777660794,1128590,$1000-$10K
8WCCb3QbFoVvDSnKRdjneWoS2sYrWrdZSbMk9KDuwhJH,9412.209550658976,1128591,$1000-$10K
BRDWVjw1cYD5XdhyxfXdy48EE79arRvnjVtXqZdtmzcc,9412.207155680257,1128592,$1000-$10K
CDLodbCgf5wPkE4XCU9oWaSZ3tihtaze1WPbZCHBFeJZ,9412.199301775438,1128593,$1000-$10K
5uKTt1J2uVHSCNv2pTz6cJbpW3AWyLzPgkTcx6ZbzoQT,9412.196150959318,1128594,$1000-$10K
BPSN7nTb5cTERBArP8Dwa3qH2k4s7viGQxHdsvJaG3A9,9412.191782611295,1128595,$1000-$10K
Bwp2RAY56LprMksdLBjZEqDg2yvw9pWcbYHfhnGJgGkm,9412.176234367169,1128596,$1000-$10K
CitgB4nqLBhnb7yHNUa151e6t6XrcUAE7BgWKuqfw8Yd,9412.161804095655,1128597,$1000-$10K
EaGv8vZoeb5h1SyTi9BX6uSEVuhQraJwo28QuohPcK5i,9412.157621105505,1128598,$1000-$10K
3YzXMj1CFFNm1JeFGTgEJCZdXuwp5qnpSz5UK2nhRBwV,9412.153054083701,1128599,$1000-$10K
EUkgzvhjQvttsZcQuxTrWMcgJ1Qfrd455cVJEk5VMrp9,9412.144885733353,1128600,$1000-$10K
CF5HR3ibQs7zBTwbDhKeN2HRGspLxYEXhF19Z1va8fY9,9412.129246223118,1128601,$1000-$10K
71PpAmCrXABcyAvsvR7j2yTPEhn2XTAooauaR7DdWHor,9412.095884797194,1128602,$1000-$10K
EhHr5fsjCEpHGhFH9ygMX5kMEyfY8VuxiYF3zT8FsCRQ,9412.038227263422,1128603,$1000-$10K
CErguhcdmADMfyzM5Z5mCuuskxhDj6ejsemoFQCbRrr4,9412.036201819701,1128604,$1000-$10K
CpscAYTuQQRjpf6tJD3dfyorNNYakR5Jsxje3BZNTVQc,9412.03562815156,1128605,$1000-$10K
DK5t1q6PBejhB7yszSyFQbdHunDds6xUKZ6mXVrhfuJv,9412.035524229716,1128606,$1000-$10K
CRohwhLs1QVEgm7RAEW6wtdzHXr5Airiq58ir6LFoupw,9412.033001899244,1128607,$1000-$10K
DbGZn5wy5hLbvGLfpVA6c7JYpWCsqBNmfEyS3kATxtiN,9412.031112877863,1128608,$1000-$10K
FFpA9eCVXynAnN4pN37JS5trrUwfFMjMsDH1V2gLVLfg,9412.02119139167,1128609,$1000-$10K
DrkPtJQqpy9VAumtz1DjdEezxma6PxqbRwaqz7PmtxJe,9412.01883523091,1128610,$1000-$10K
EWdyxZrSmPYbn5rCYB8b28fK4EiTXvjjXwqGdbfjzQvU,9411.997098344256,1128611,$1000-$10K
3dUd4K5NYqkZxYTmFwba2J7K9E6iX4DSCXfEvn4fYS3n,9411.960056063066,1128612,$1000-$10K
2Cj47xxvBG61TdqYqaRoPQuGX5DFaPpdKAPVNYCxRav3,9411.953500860478,1128613,$1000-$10K
FNV2FDcnEpijs6EhURF7TgukGNRkurEHL94d275smvZe,9411.926763746229,1128614,$1000-$10K
EoHpHd3z5oL9FCPtpoGHXLZeYSiE7TD8K2EXCxu6RbaX,9411.895375590853,1128615,$1000-$10K
FfAyyPYpoRGScE1uV7rY8vwVXvj9LJD3Uw8KQ8CyAZk1,9411.886698495144,1128616,$1000-$10K
HM6aj2WVtXv6SzCoX6LLd37Jq62iBFHiQ24aR8xA6Mut,9411.884276708824,1128617,$1000-$10K
2ij5nZDF3WGvBHKQEPhzTXXbHuEq2rdfVxKCd9pMLTif,9411.865655046517,1128618,$1000-$10K
51RzehGVA2ThTdcN1VR6ndHGf7pKve6qTafPCBk1RYkN,9411.857523829489,1128619,$1000-$10K
92oA2VS6dY1nAbyoreUrQKHwEXkDn34SV36eTHXax2Fp,9411.856832511312,1128620,$1000-$10K
D7U3EQxmZrSF2zb6Md9891FdutFr2DND1vq8f1TxMTmU,9411.836543210293,1128621,$1000-$10K
EF76R5tb4XHhhMhXHvsw4gQo4Lib2N7ThrPRHSrodCA4,9411.833223187932,1128622,$1000-$10K
FKNtpKKGvC1gfo7qUTHoFzVYKRRGFCNx69PWw1cHLNw9,9411.794797663591,1128623,$1000-$10K
2Czaxks7x1AMfsWrJPemUBttmJNQBpmHLHzUJHf2NaZW,9411.79080429198,1128624,$1000-$10K
ByfVukUF3eUwek7ysPEtYwn9WDnsoas5Ah98NwsmpNEd,9411.788585419825,1128625,$1000-$10K
8cs2Ej6aGaStQPFV2yoPVr4Xz9QwUfQKCnAPT3S26VcJ,9411.783200597109,1128626,$1000-$10K
6KdnxDf3FBq6AHekjkngYLzo9hyGNnLsYgCE44f1TvRz,9411.768767342677,1128627,$1000-$10K
HKXkGBfcEMFK1hCBSBzRB1VNhA9SoeroEe4uGWc8pFQr,9411.7677336928,1128628,$1000-$10K
2CMDMwaV7YdfTLsscP1oyyA5792iJNgZ9A1H2AEXg2Cp,9411.755622482875,1128629,$1000-$10K
8W6ukbPDFdy1Z1P2nT3fc2T6fbPLKcbjczgQKcqpLM4x,9411.687274674874,1128630,$1000-$10K
AF2QBkTdKxuhAeGsTrYXDwmphJ4zS6pXxvPaCpSkHu1F,9411.68151635197,1128631,$1000-$10K
CUbKwUt2zozceZ7xwPvQGfsGeNbboMBLf2GrLcUtM11J,9411.6644595038,1128632,$1000-$10K
4jf5A2jodFRTPCkQo1gM3A6cNT3gs9c2bP8CazZcQhYD,9411.646193477281,1128633,$1000-$10K
5NKy1exo36EUBdSATxj5u7VXhatq2B4mhm2wfgdp9FQ2,9411.629704149183,1128634,$1000-$10K
GamhABABYQupNcChwUvKeJnDMsNkLFGDom2syio6zr95,9411.628381771121,1128635,$1000-$10K
s1jozyoEPHtBNAivqW1qti6UMbeaSABKHCDXwaZ4NTc,9411.605313221324,1128636,$1000-$10K
Ah3pU2UmSX8XpcdM973MXp1JCgt9e4NUjtsr5hxdHWUY,9411.591147628204,1128637,$1000-$10K
9i1tAkQxGaug6LVMBLEnSZQ4rwLkNrtJaJM4V5KjnoP6,9411.583812135943,1128638,$1000-$10K
D3BA9VkhZS62YoUELzEdE7BRvztFvKB4HZXT15gz67jx,9411.562937809687,1128639,$1000-$10K
HRU6N2NwnMUQtCdfvooiKNPgbmobsr9oLvqUm4s2jyLs,9411.56247487834,1128640,$1000-$10K
8KyeYuNr8K8WbqUphK1wKwpRDnjETdFWVLnqWwdF1jzd,9411.527988949581,1128641,$1000-$10K
8T3JDbrkhDgNrZojbzsyui7arMHwVbMYeAxsX45fsFk7,9411.52207825814,1128642,$1000-$10K
38y92mDMHQcZpTUshqB88FShBdCAA9DaoQAHTuTGRzu2,9411.516002513985,1128643,$1000-$10K
9D5Av7PWRXx9K4mNYxUtvfRBX9d2sYA7YCQc5PGFASN9,9411.510214608748,1128644,$1000-$10K
88XKgzG7pg13ARr1DtpEi5ckoT9v6kaFgBriNA16duN6,9411.486675850872,1128645,$1000-$10K
DZJQPKrmKoQjSJJVA4qDTtRd9vPSgcj6zLVWs5F5Pp71,9411.471395831211,1128646,$1000-$10K
BCLajJLfQPfn8gziPHPbamvam54bo48sWGh6d4w6xFWx,9411.468033285857,1128647,$1000-$10K
HmZimxe5DTCEDXLJ4Ky8EmcMSrmRdbPLtNsmd6jK3SNX,9411.415639889794,1128648,$1000-$10K
C725q4cn5RsnKvamqiLE5mG9nq5frgvzRtxxfPVinxYo,9411.343428807757,1128649,$1000-$10K
4XVWcWx76sGrrG6sPF6ss3DvEMcDdtdtpY44URPycUbX,9411.339715549046,1128650,$1000-$10K
9saLG3vPi79qVToFVVVjZwtXadagswq1Ung4waRDTw1P,9411.30704828215,1128651,$1000-$10K
57Au1haCWXnUbkB4f4whktenBx45CivotH6ZwXPsDicj,9411.289446121129,1128652,$1000-$10K
5rwRtchR4Qt4u5E8rz3fKXSgN9yvLRepHPMTVCCNaeum,9411.253379360445,1128653,$1000-$10K
Dn2m2CSx396dtypykgTLuBhmTRG79EDMxu88FR24i5Ps,9411.25137482695,1128654,$1000-$10K
HtkSYKihr89xgDW7PqNMPKw1bFK1QCqfuqaJPZyCnLkC,9411.230800527841,1128655,$1000-$10K
4mRtuHD2WWqiNLMKxvWFjwwDJukAPETaR3BH3iim5CGN,9411.229067635804,1128656,$1000-$10K
A2DPNkY8WxxvkXfKNxFXHFcDLFD2eHs6VCXiabU4xK8t,9411.221735487157,1128657,$1000-$10K
BCnF1wbQLrzPt1jbuU8cbeUfqKh6pSGjWYDaDUjwkGQY,9411.215497923724,1128658,$1000-$10K
EM4i5aDwVG3LchEjeH7aqnpbyZNY7FNSuYXv1MGDJjZ1,9411.204343817615,1128659,$1000-$10K
5hmeV524uVZ4Fk8oNL3qiwM1LvFEZzmWfgWhfdN1GobU,9411.2030643418,1128660,$1000-$10K
EaEfA2ZTzYyy1xAycxdhfTS8db67gLNx3kBXwPwGErCv,9411.192475838707,1128661,$1000-$10K
GNCUcquG8VoRGmPcYt9ZSdY3GE8WaGybFts5Cuco2nHP,9411.125872434855,1128662,$1000-$10K
BDZaNDwQLv8iHAw3wUVKL1ZVopkJDTPxnE52TJfnRkLA,9411.118039537801,1128663,$1000-$10K
FKmZHxHafFBPrCWiFFARRUN16fKHZp9gvj4xaciVZhKB,9411.103675035012,1128664,$1000-$10K
9iDoRYiUcH3cb3tviZx7HjyqoEFMXJeacBhA7dqdRT8x,9411.093927058151,1128665,$1000-$10K
FTNWSfLPApJaU4iejhVS7VnphQEYbsZvJYCxufRG6CqQ,9411.08557136971,1128666,$1000-$10K
4doiKbzgzsfd9u4h5GNCm2vDi9cXp2yP9fnVVWGhJtkm,9411.043143581399,1128667,$1000-$10K
JCbE2XYzQW7yqGbftVRUTDzdTpjndX9vEYJT2H1sRePq,9411.004241173521,1128668,$1000-$10K
2QzvqrZtb4QV8CcK8SQXDs7Ng4iLLLVNiWdgtH3fNYYd,9411,1128669,$1000-$10K
53vJRqU3B3Zsxd8vHCesTRCcqzhbxGvXYkQ9oQcvosqS,9410.98871197265,1128670,$1000-$10K
B24LQnAMs3GKgQNQG7En5P42BU2hqYQiGy7eefhuz2LC,9410.986908731093,1128671,$1000-$10K
HuNY82RKVUcPQ9PGpZapyffTwQB7RPrG5QCUP8B2HqUu,9410.97077539533,1128672,$1000-$10K
AH8fUgtguP1z9CHMC7GakrPLQ34WZVhwBw9sPr75PeTi,9410.966548888899,1128673,$1000-$10K
BkHAQDhyPLQzh6RFAwwDZsupcWvp7M8nYXTquSDUNiqS,9410.89738616952,1128674,$1000-$10K
RU4BnhmQtQYdDCBk7DfxZrBS9bhB9HSN4jY5zGBMZKX,9410.88553057997,1128675,$1000-$10K
4EJFLcB8G7MwFHi7vbY6NH8tBHkZ8QEaHbkmxSnPWWMc,9410.78428332207,1128676,$1000-$10K
7DttqBK1BjnnyZw4yZ6GXUabnw3o6qPCmGiUqaVhx7Nt,9410.773007335167,1128677,$1000-$10K
AfVFAfwPxJjC3tt8gXsEfRLdwPtzgkrp1xLVp25s7kXZ,9410.730082041864,1128678,$1000-$10K
7DXVMwiy38eJUacf67TDS3D8tm8kb3s6XuUi2piWqqfu,9410.717039829122,1128679,$1000-$10K
2F7jMakNqE4UeezcsCX5wTNLTEhqWCxzJjYf1MYdwrsj,9410.71623517316,1128680,$1000-$10K
5v98wZQEmvyefzaHsJzLKtjfs7Kjmme4hx8dAYci7PFL,9410.715280385612,1128681,$1000-$10K
7Uv6SHnoTxEu1wxm5w8Nt8jeY1CrjbKiN23L7A33njS5,9410.71469052285,1128682,$1000-$10K
8YvEnTXiW6D2eJQBxbEca1BmNeTqU3dV1uK1NYj3fveR,9410.686409848633,1128683,$1000-$10K
81Ux4jtcoFm7CEjm2gRy7KHHccmQ13WnJKKRu7NDkNCJ,9410.603484906636,1128684,$1000-$10K
Dcyr2GgPkSwocSXGD3RYfEpTvh73oob4VLRrdut5fM75,9410.581786571194,1128685,$1000-$10K
CQdpjnnenp7UswtNeeRC9GNJGzCZLj5ZitvGQcH3xE5h,9410.577352625629,1128686,$1000-$10K
6goKoejStGf2vGa7PfvVzph61uZBxSzWADJvwUcAJkAG,9410.576960615948,1128687,$1000-$10K
5qLhHzVBMQHKoSyLd3DEqLSvjvTZtn4uAnxS8BL4hZoE,9410.562882342589,1128688,$1000-$10K
H6UbhXjbvcXeYE3RZY7Vkq3VpiMAXQPgVW5JrmJegbkL,9410.559860499565,1128689,$1000-$10K
2GLyZwUgvQUVJM7xPxvJ2N3nkJavhm9vj6WG5oqGwhAB,9410.553479531049,1128690,$1000-$10K
6g2HaoLTSyRNn3dp5SaMr5ZMdmyXhQgH9wpfDmcFJoAG,9410.55249328383,1128691,$1000-$10K
9NFVZ8gNBmzKgKeEtBvhScumJys69Ynfn5zAJHKaFdxE,9410.550341963924,1128692,$1000-$10K
3SMgKMtLoV5ddbuRr2TioZshVRaW2ueZjiEuoZCQEtNG,9410.54643173187,1128693,$1000-$10K
5T6Z3yanjW8HtRieVV4KsDFzrFcFT11iL3gBsVSAVpUp,9410.544448390989,1128694,$1000-$10K
75FnTfbB45RkFXytP1d2xyoFNSwCF4nHyciK9rUZd52N,9410.53468750673,1128695,$1000-$10K
AnzUyMnMRG7ZJBZ2pR8JoagKihFQzynW44CVuqv9sSzb,9410.514875578929,1128696,$1000-$10K
9ctNtQrGPRGdS8eURVjipX6MeyB6QgzKYgZKWoWFoP4U,9410.50970379398,1128697,$1000-$10K
FuKUodyQaJfPzecBcNBzDzSvFLPKBQBUbBP9HAiNqy6f,9410.456612304548,1128698,$1000-$10K
BnbVRkQ1oAkF5i3gb4THLMyUFdHrQwmnKP2eFThxpPFm,9410.451302324429,1128699,$1000-$10K
AhGHpzKniwYmDnYiYHKBtakKb5DfNcYjgs9mPiayAcgB,9410.450396046988,1128700,$1000-$10K
9MSLgm7zKyFhJsDVpHHhQZuZvs3582A8CcVCTxGDUqMg,9410.436435173171,1128701,$1000-$10K
9KbntFDtEdiMda5G9xCRHKoDvEmiMYcfwKGYy9axihfJ,9410.385058134048,1128702,$1000-$10K
CbiXZYAC6rbEn71MmfMe6Z2NCarKgc1feCDgErXYSwp7,9410.372230074747,1128703,$1000-$10K
6mpnXsXmtMtsScno8tmDAYaiQZAwQTKMij9oQLW2TYsD,9410.340952403365,1128704,$1000-$10K
DRA5BuZ8PPXfvjPk9jdWNdhSSPx2duEfTU6WxBwG48KL,9410.319190777655,1128705,$1000-$10K
61Mp7zHWPmKwCMaeFFYHraWTsjtqaQYL2TMWQ65h9eth,9410.308937200325,1128706,$1000-$10K
HXi7nfpjgTNLWcu3b1ujpwCFiVjU8ZLi18kd2uYgGzan,9410.28443136326,1128707,$1000-$10K
76vKLhvE1RmQAiGux94bDSCq9TTfecUGSRm8Sr6NWacr,9410.278901830969,1128708,$1000-$10K
B7H6nJQvh18tN5EfWELmNjRRCC63vf3UTYxRTxc9Haze,9410.273865622947,1128709,$1000-$10K
6mZfCBSrDbksBV9LidHsXVoCajPChLUTudyvdTYE2z3H,9410.271843632287,1128710,$1000-$10K
35h13GTCu3DuiNUs59CSSFBLHKCPFoSrwtXyy925Tzj9,9410.23429373117,1128711,$1000-$10K
A1Uznn2vyFGaAdT7hE5MZGbpwmN15FJRPmnR8zsoFpSK,9410.21754005327,1128712,$1000-$10K
CPiPDjX3kVKuZ4apV33FBXg2m9wjXGYuqhqUrYCThqqi,9410.205402732476,1128713,$1000-$10K
6Vdyhxzhv5GQzprnCeBCPU339svPua1uhf9m2bEnbumb,9410.144487901322,1128714,$1000-$10K
63EcdrG7Az7aRhpTbRQQ4t3VkJrogPFVQkFDoQ5CLdbC,9410.12856700029,1128715,$1000-$10K
B4Zz31GFa9EnAvDmmrHhRtsEUnPXyuVpHC7NZQBFmmDY,9410.117116520987,1128716,$1000-$10K
2g3sLE1FcGWHAyJJCydWxzgMaEaQmdyjKFwnymgTeVwc,9410.06065716944,1128717,$1000-$10K
HrjYZsvEp9UyLwrJsCWDoTJ8pd3aKPM4H3jyuZXgree2,9410.035140129685,1128718,$1000-$10K
5gvu1DYRMYCidqeFCC1rxS2zhCoLaXXtw8JNLytPfihL,9409.98831980342,1128719,$1000-$10K
5p1otNRWeaTYz56KkT59QaQAn52Uw2XsDYY3ctkfW7m1,9409.984389796113,1128720,$1000-$10K
2xZhF3qYTA2VnyYjTEu5e2EZGJNbmJghw58d3UAffkmu,9409.980836742361,1128721,$1000-$10K
J63Vntkv4s6z4rfPmXVpTmejdcB9bjApeVpPk4JdbeZB,9409.976817002218,1128722,$1000-$10K
D6senqdPzU6abyjfFjLqxvsAyWMtYDuwmvDzdxzHFB9E,9409.972752939037,1128723,$1000-$10K
8H33R1dDRKew24LGhT5GX7ye96TLTwM73zaPCW8Mn1mH,9409.965976367317,1128724,$1000-$10K
7FcRt5em2ZBYp4V35h5BSrshiotDM8bm2NgXjuDsiFc9,9409.93927067585,1128725,$1000-$10K
J9UUfCUGEjDDHYrgHgzjLVqne8Nb9U61v8MoDsfHrTvx,9409.935423389936,1128726,$1000-$10K
Dt5nHg87DB3MM75GHagzS6zQS6Rsg3y6De86MiXD1oHk,9409.913875574459,1128727,$1000-$10K
EpREx8HDHx4t8oWnwGNc55AFMn2p35kwaHs1q3LJLoAV,9409.89826027474,1128728,$1000-$10K
BeyfTJ8cXXgZdLwLz77uCruBKVVvhjpw2F1diHZ6VXti,9409.897179450529,1128729,$1000-$10K
8syuvCJarbcMfo16RM4D2KTMWGomm5aCwXhrpiyeYjeu,9409.83930312319,1128730,$1000-$10K
CFKZPrWTYHJkt1HTcYtz1tzgCWknpqfyZTRU5GAfJfcp,9409.81782649416,1128731,$1000-$10K
2JNbzzAqVkSsetqDXMwi1v1eKk95QZrVrBwNWYyErmAN,9409.779682352333,1128732,$1000-$10K
GSq93hDNADk5ynks1sxGBpgbxNLPZp4p3SUvaHGbLNzr,9409.772735979654,1128733,$1000-$10K
BvueYunkCX197hXSoZg4z9E4RRVPRW9NVjkxCva31bmG,9409.766112616126,1128734,$1000-$10K
Cjv5KA6Qbk7yZRw4jcQXkHjVYFfMrufTs5LExniJnxyQ,9409.75737325153,1128735,$1000-$10K
CnSagJdo1yXt7h6wTkK3Q7ubHjfKHZ9khonMsExcLTaV,9409.711991108943,1128736,$1000-$10K
8DC7XJUcsfmAZ1YpA8i137rHggbUboTf9SSeDugNs6yw,9409.696684012266,1128737,$1000-$10K
889vzhe2sc9bqGTS9nnR3zqXigY8BesgHqocVoBcsBsK,9409.690188533632,1128738,$1000-$10K
8hcAH3WWFc6HK42wVF8cJpDetyQFmH6MNEXNwfdPB5nZ,9409.667288204568,1128739,$1000-$10K
uK4Wqjqu59kje29Vg3urfZGz2A1gDKSa2KWLHfgr5g6,9409.662498548996,1128740,$1000-$10K
84EtW5bcj3i9DUrNowfvME7bt9Kk5iU5e8cCfpLJ6PwB,9409.654010843997,1128741,$1000-$10K
FPSVoncsvw8nFPF4KQaQcNJZEfJfv4PhNFnRdtjCspEC,9409.651542892974,1128742,$1000-$10K
GkfkZ6V27rFEfQReQHhZ5GW5gde7cFs4ZroHsbdeE5zM,9409.645778547087,1128743,$1000-$10K
2weSwmSZuyqiz1fvwAbqqtAtcz9JSUJxGjJfGDvkwig8,9409.62189351002,1128744,$1000-$10K
DXJTxpz16WcSNs6AWFRhJdKzv2e1tSEHPBMCcbHRgKQ6,9409.621172332543,1128745,$1000-$10K
8RzknWb4m9SMqqsNaEK5NaW3LjSB36ykArr4VwhzZcfe,9409.602050228526,1128746,$1000-$10K
EpihKQiSR6p4DYK5q7f4BMUZVVvuTXf9vT6VowMVf7VZ,9409.590282360112,1128747,$1000-$10K
AEWfcPmKg4CPt3HD15yVZLZFqrjZdtpmT8E8Zy9rwosC,9409.544286189328,1128748,$1000-$10K
8bWuJ6dbmsBGJaUQ9HS9FaDp6SZxNwsNVL5qV2aJJ9wN,9409.540051528242,1128749,$1000-$10K
442Jk9TrLmfmNky86EvmP8yvJwHVc4ECuZcCiTZkmfwm,9409.51889070424,1128750,$1000-$10K
5x27YjQT7sBCnkrGn8derHeMrNyhGmXk15NRRaUtmp1B,9409.5184275,1128751,$1000-$10K
9EccrcCZ9PVdaoC4SiqFewVN5MScAqGvzaLLmgRWZdnw,9409.514011225094,1128752,$1000-$10K
GQ9wBwLTKGbWceGUm5fkcacnkbgGmo86ABtEqHoY29rB,9409.51392295934,1128753,$1000-$10K
3R8ZGnNgXCzWSLAnbCufD6YkbeQgPunB53QEhw2CjRAR,9409.50939982531,1128754,$1000-$10K
F1ydbGZFVKT32CNQqPaGUBKuA8W1KopjqbMQWqeDKRWP,9409.454118496407,1128755,$1000-$10K
BCoHxhmKLT49vK5E2WhCGNKNSVDZc1XURKh6VosHkfni,9409.428334458229,1128756,$1000-$10K
Ex6fGZMmY5HFwvRiJtaJMwsSw4FR1PvQsS3RZwDLRTdE,9409.401930882479,1128757,$1000-$10K
DWZaDUV4T1HTfen2KATG36B86HF1rX8aTHT4Cuo97YwX,9409.397231136438,1128758,$1000-$10K
GY2yuB3jKWRWLF9UwHMCgkjYfvKSZJFC5ZHNi42ZDjBz,9409.375891160902,1128759,$1000-$10K
CBqL8ncq5VNzn1iYZjCpudrfoYWAnwLWQUJZDBRzCdK7,9409.36285743841,1128760,$1000-$10K
HBFiX9CZktVFPRYmxP4oKeBWiEfZn7D4kwRfZexWhkGY,9409.340568968886,1128761,$1000-$10K
4AM6rGH8MNBDiZ3vfXGsgPqrwJTiQJ6ZVrBujN87rx9H,9409.324157385274,1128762,$1000-$10K
8BXWz5VkCGkALYSsDrC6s9fnCfXpw89uJEN6pntY9A1c,9409.303684885177,1128763,$1000-$10K
CtSjWbwedz4ss5oGPHR8YMuzp3RyfGXDSK3sETms3TYh,9409.303227282202,1128764,$1000-$10K
81gPyJLhLbfAWerCidYgzvBiderqQN4rxf7BuortXVGV,9409.287752164402,1128765,$1000-$10K
4NSQknBE1v62GteggcPdCLviJ1LdSBVF8MsxUZn8RHdn,9409.282839141568,1128766,$1000-$10K
24Dsr656eDonajfeoPUHA8WK2zYdHq3EUBEBb2cSJtjP,9409.279895020984,1128767,$1000-$10K
4GnKZsmyCkMhxMPrBgC7f91xDCqFK6wHoyYjTZjgnmko,9409.256293880773,1128768,$1000-$10K
Bb4u2dMNuJ9ivLDNDGPGbtPSewmwiHxrwhAUPnLVticN,9409.251481073257,1128769,$1000-$10K
9kANKyZ3S5aFRuxRgGMunMJhKyU1QvVNi9Yd1dHtU3KV,9409.248925412034,1128770,$1000-$10K
HgocNPVbL9JmEt3PLbW9t6JNHpbwbXU5ZZoqw2GBwjN3,9409.231853826504,1128771,$1000-$10K
BPP1zn1go9iozVScjEmhwoQzzQLJSm7UKr1XSmf46Gae,9409.220350821044,1128772,$1000-$10K
Vp7yjEVVgeUrR4TWgMJrRgWW1X94ZUwcpdyRQofL9Jq,9409.210989998674,1128773,$1000-$10K
3cgnBjxZg1s8LyJtGPi7TnERAhQfZQyKd4Ws7dmGQSZz,9409.208001572526,1128774,$1000-$10K
BzQw3vuVLQeLaNBG5EM5xAdPMxfEdhYN6Ef8mT1Fth4V,9409.128428119926,1128775,$1000-$10K
B3m49Pwt992GgMHiwiDPE3UadXKpVoyhKDPvvSBN9QS9,9409.124141416614,1128776,$1000-$10K
X7NkfBsaiRFeqrPH2z78vXyPZdB7LV2yGvMHJkxo6DP,9409.105496899701,1128777,$1000-$10K
4NRdB4Q2BV72q4GynpJGbvKy5kUYjYaUuZdM3tC9PeKY,9409.105398103993,1128778,$1000-$10K
2Bzxv6P5GQdFHzsvpKoehwdE65zCgfcPnZcSgF6HSXU2,9409.104090970506,1128779,$1000-$10K
6A3GhhZRLCVUxjD65FwZRRys2d5EQv35pFLDy6Y5cYRD,9409.101453836498,1128780,$1000-$10K
3NbHg9RZ45MSgcE6gPQf2J4TiB3mwRjv9M3BmBmkX1Vo,9409.096815083665,1128781,$1000-$10K
GN3bVLTRjxZCoeMqSQPQV6qbwhkLXdqTjpLUt6kSMWfz,9409.078375028299,1128782,$1000-$10K
DdJnPuip4zS5uWJw3S2j8cuGtMegTHeysYtggrUnQkyj,9409.043404034082,1128783,$1000-$10K
CHy6DpEttPwMaEye659MY6RWxnNbaB9YhenrhK6hM2xA,9409.03822564226,1128784,$1000-$10K
AhYXoi7JamacPjJPhRTSCEB142rkL6XXJYQcrL397EjZ,9409.01776657314,1128785,$1000-$10K
GnSzRCALLD5FKXK4owjhx55vDmehecUsvoTu27uyK6c5,9408.985111623524,1128786,$1000-$10K
6su8x2detAL5GoR2BfQjnPoiov7rQK1Ld2oe9Razco2F,9408.960918722949,1128787,$1000-$10K
EzvxPbFoUkCYKrj55ZSL7AR7A8LgwbRbkjjrxwDwwT79,9408.954369627118,1128788,$1000-$10K
DL5bZh7mMbwLjKHrVa2Mp66rjCgC7bXLg88hwhPV7gSV,9408.951595431343,1128789,$1000-$10K
7Z4n49Cnat8YzYQAvz7mskKrMJRi5JwxizAnhmXWNuun,9408.94899710429,1128790,$1000-$10K
8j3PsKD9uRRVwaGJmXoGnf5WXwKUJw5Q92iFjkTiKzRC,9408.947010888744,1128791,$1000-$10K
GB5YyvBnzwaJk9DVUJjro7aguHD6PKZsW8wn39hMVX9j,9408.944900895913,1128792,$1000-$10K
6fH9RXXj6u1gbDKcmk2Z5otWYTaWW9iJc69FQkV7uFsq,9408.92390284498,1128793,$1000-$10K
87UZsWKsMc13Ydp9rkjCM2eVePwRzJEToECxhQQPUtGV,9408.895585875744,1128794,$1000-$10K
Di2MSeoAZBv9CLq4YNfHgSpHyuvjXNVdXqkcnXqbErpB,9408.870798583112,1128795,$1000-$10K
GPpxqMvyTvggR2qdHkookBnycn9ekbiqUdK8EA9m291D,9408.853376074398,1128796,$1000-$10K
HTEaFmFondxXDvoAaWA2EJZrhcNg71JZbDFN2NHg7EJM,9408.833830395028,1128797,$1000-$10K
J6UTYevSYWfViLCdr4cNWZ8mBmkXeME5zkMTWDnXhKBi,9408.749582359613,1128798,$1000-$10K
Ah2785nYeWUVCezt2M2Rzc9ZrBEnphnYAWgjAw1q9No3,9408.737436690251,1128799,$1000-$10K
9pMiLkxB5M12e92XGtSnYUPxZYh3nbx6XMCyPdKiF6t,9408.73652581428,1128800,$1000-$10K
DpmR2ndHhnRqzgEKh3db5bJxXCaN77pJjUqSQ5xfWWMf,9408.73627144819,1128801,$1000-$10K
3rH6s1qYF3UVmRPmPXwyR7tTUKZUHySJVqydd8h9Zo73,9408.711272760096,1128802,$1000-$10K
HRUmTqHr46BbJ3vy5qPi24UxLTBvur88voJi2hLZmpgz,9408.69585580069,1128803,$1000-$10K
GiUJvZdjfsz2ygoc5Av3z8rohaugEc8kxNZiHc1ZBJPR,9408.685384428501,1128804,$1000-$10K
8F2fZgfTfBsrxHZu4pBwWiUNkURiLe7RyibArbppACAf,9408.682089030877,1128805,$1000-$10K
22vDnhQkPfUn8xa2F1iEJHykiaHDWhX6fzQJ2C9RzD2f,9408.678661081487,1128806,$1000-$10K
5VKuFFSWcdJ22uwMXnXXDg12HQPN1mVCZXPaMvAa32mQ,9408.67624118229,1128807,$1000-$10K
3WthvW3PWPUfKDZyCJeqFgH2Wh2aCAeydD2xJbvLZ1ow,9408.675790214831,1128808,$1000-$10K
CGJiCygAGErfq2X2NcnP7nc3HPWQekeZzFJm9bip9ANE,9408.658527744701,1128809,$1000-$10K
5JxjQr9TEuCBXgR18qfSN4CGZoMuwnMseZQd4bJDCVAz,9408.648437827116,1128810,$1000-$10K
8zAdb8Auwnug9jgdJeCteccL8Yk3QoGHtN1ign2avowF,9408.640174806882,1128811,$1000-$10K
5ngPBeEwG57a7Nyp1KjHLu9i3YKqwTnFbhpnbdYdbgfz,9408.636353997543,1128812,$1000-$10K
6aiC6S5CTU6zMDPPT7eNZjicCjs3amG1yrjV5NZozwiA,9408.607384518265,1128813,$1000-$10K
DWwbyWeGcNVNfrNs8kYv3jHaVoLnKMnhfAToY9UEHCxV,9408.6053066469,1128814,$1000-$10K
4moJ3fo2GFS3tDRhf3FJ2kJKea9mQeiBQNcCr1dHyZ8S,9408.585138496204,1128815,$1000-$10K
5GN2By7eFJQgDToVtEVuEh39669xy2k4PVx3aEvaQpLn,9408.567046570754,1128816,$1000-$10K
BqPfBomfiQTFrj3yGgRdjvBvHGo4cvpGefugx7NfDY2a,9408.56149664724,1128817,$1000-$10K
4NhQeHHWWH4LBYaLdXsJGEmiKfzPF4b2M7CESSSxkHKa,9408.549625601665,1128818,$1000-$10K
7cgnXcuo85EPxegtWGzXGEDUdZrs26w58u39hdxx79u,9408.536978609009,1128819,$1000-$10K
49S7oGJSoGgECGGMrAuGtCSx5Leiqatz7fWTETexmRc2,9408.527775868864,1128820,$1000-$10K
59nxeBQRNswgpyYt96wSHXCMbQaPT6hUssijSJggZCp9,9408.52591469511,1128821,$1000-$10K
ELKaXRANp16JsL12Xyf4GuW6vAcTszjFWixZdsBEgNCZ,9408.514211032292,1128822,$1000-$10K
3ziqjF3BS9TN8aotdr4S3BbwC8XTGyJhVR9icux2bCZw,9408.501074925103,1128823,$1000-$10K
51NHJdS3NPPUWkPwoy8A6YWrArDvP2MTF7ZJkzGUwAre,9408.480338573489,1128824,$1000-$10K
1ATV8b7YH2oFxrPWUFhhhByLEKPNbQQKDp3ERGrcpKR,9408.442480376942,1128825,$1000-$10K
22zfZz8vaHwmLo8RtT232m8DtYeGXhGtmh6d9JGNr3NM,9408.427186025167,1128826,$1000-$10K
F4Y1CkxLLmdc5QmVSWshGYZf9ncTVPKSGF3GCWWQWvGP,9408.396099728232,1128827,$1000-$10K
feYD5Kb4r5qpaMRNN6MQbwaSEFja8pJxYKXUykyrK62,9408.387015794888,1128828,$1000-$10K
6Mz5aw1CrsMrqWe7sVf63jmWott7C7tPazJRMLwaJgZr,9408.384614667868,1128829,$1000-$10K
4A4esCayJ5BfyQYbGmdtpuFkCZWbJJ4D8dhpPtXyajG4,9408.36698069385,1128830,$1000-$10K
BvdTTgK2yp59WnJ7yMSo7JNZjBZa8T3TJppWMtT9oWAY,9408.359774746008,1128831,$1000-$10K
DT7CaavU9v65bQs5eJ8ELg9KGSVPHxSvBfuxTd3MsvTu,9408.341901439855,1128832,$1000-$10K
H2Yk5djvEfYCYnyH6qTGdByLAYUoBZfkxFFmCQo8Rho6,9408.335993207125,1128833,$1000-$10K
77dKbp5csKyvfewTixyH6QdjWqv57KkaWCeq8cE5eLe3,9408.331883884564,1128834,$1000-$10K
CvQBV1sicdmCWiuUjYNf4M5reyLgqXatPqB4cd7JDZ3r,9408.310132026305,1128835,$1000-$10K
FMmi6LKow3ZRSG29nByXu6CweVKByhczbfunsKoPp5Q3,9408.308192936189,1128836,$1000-$10K
HbxJN4PAj2gjNxYV9q6VW2vvnTAnUyPq4WDtb5KQmzgd,9408.291474960191,1128837,$1000-$10K
3d28neXMuzg2DPDwuP6uPP9jHL62zzfwzA9aSGuEwjoh,9408.272590986206,1128838,$1000-$10K
FxTGRE1h3WvzUgPNbkyULAPsEz7KFPVq9WsvT5zskDq1,9408.260496489213,1128839,$1000-$10K
3Cfy7o8sy3aNZENZq7VdYTvNo3B8ReaTcDkW8m5V1AYL,9408.259800367105,1128840,$1000-$10K
DgUnqKRHAtkGZ2P3ddPpwgTPnwixEriiVnEt69ULeJ7j,9408.25909123455,1128841,$1000-$10K
SnMCjQksc6EyaAVP2LqUkxK7wPjvB3p4KYZ3qpdQs3A,9408.23293585361,1128842,$1000-$10K
DP5PQm7qaWEZzCqKsFw3mSeUEE23fKkYpXMwJ6cUNw1A,9408.231387229167,1128843,$1000-$10K
J17REDtSc8kQhuLdQLHweYHfyo7afpSUEvGks6T4j2ZQ,9408.182227783629,1128844,$1000-$10K
HEFZmwMxTM163LfFVGU2joJNeyZGvr1dEH16PadWfH1j,9408.171127110509,1128845,$1000-$10K
3XmRztKGXztyd23DtLHeXoGscFuWe4eMSbzYwM43v92a,9408.150913285652,1128846,$1000-$10K
CG3c4Jf7fzCrLcibYddUNQv69bp5pzhZyAVcResp9t9T,9408.138936234192,1128847,$1000-$10K
4s2ZQG33fzuyN5J6FxBMn43PTjDVC5fhtffj9JFrkjGh,9408.093198368273,1128848,$1000-$10K
6e69rGB2Jp5r8KQeCHEWLPYoBdWCp97SdbPD3oFAmQHX,9408.08981819603,1128849,$1000-$10K
F35QnskLNG1jW5YvKm1VJjJYFAvAMEfWWfcdGVRx7SG9,9408.068005856465,1128850,$1000-$10K
9EeWiZhGuzHT2yEEitvwfsrpxkk1H7fZTMMkGWq98xUk,9408.048177223449,1128851,$1000-$10K
HuoKSjWhHJpcYSmNBF7LRTHUjwKBYXu874GrXWCs1J7J,9408.039572374862,1128852,$1000-$10K
5Ax8fLXDNVLp9Gv9mTkPcUBGNRmn4VVcCabHQnYoAJ2g,9408.027417634512,1128853,$1000-$10K
Fcu9f85dhxEbR5BAAZp1ZNGbH91nMqmb8FuZ9WQ5VtKT,9408.025379748704,1128854,$1000-$10K
F7199q8hEzjkSHzQgbjWPQZRByh9T48Bg8jmnuRrQ4c2,9408.021067783124,1128855,$1000-$10K
7t2B5CMUGs6eRsLCiXXRCNHncbSa6AfozUbLuarhsqYU,9407.988435256537,1128856,$1000-$10K
AWb5QZT1NVQjeDHkVXFxXz4iFsLaMLECQ6AfgKDMQeG9,9407.966910522768,1128857,$1000-$10K
bTeyucZw2zwHDyiY6XJsZBoBCHZ6vkFH5N7Jx3rSqnk,9407.962315805533,1128858,$1000-$10K
owNPNmXxu3km4ySidChrT1a6tLpnfEGdxaSSFncuNsg,9407.932658024796,1128859,$1000-$10K
DhdLKpFHptypjo3ZRBxVVgfHggtdtXPKAebHKWtPQvUi,9407.904624207968,1128860,$1000-$10K
GB7Wxcy4AKXcQvXkPg18qHHGNALyyAd5sgDuomdfzeLN,9407.904307164425,1128861,$1000-$10K
2sPLu67R7kC4cphuuxk9EEnhehDr3ngC6Z3fP6GkJn3o,9407.872825793318,1128862,$1000-$10K
2vrb1mbyw2dmqGjkXXHQMLmDcVxTjBwuxNgj6fPkkGwm,9407.856355540433,1128863,$1000-$10K
zTsLhEmhRkSCqvU4SZ7257FgcyvGouKTpJnMqDnYGyh,9407.8504187157,1128864,$1000-$10K
6ppwSdC8XD4pcTxwrWFXAkEiXVp1GjB6hmDtGcbXfbpT,9407.827894857122,1128865,$1000-$10K
G6KK8cf3EetHmRfXivSnSjifqrLWz864j2TULRqRbFmr,9407.755515354092,1128866,$1000-$10K
GGV7eaSXY2S2hSDBzaR7h1bLrdZZtwJRUyNS1pN1CDuZ,9407.746194993137,1128867,$1000-$10K
AAgThBDcu9447NBdCijkm37f3tynwkZzX21UCDpy9a1F,9407.740338979247,1128868,$1000-$10K
BD6Ak4pmsXBgskcsa87UoUa8F57ucqeWKMztmgXDMFgi,9407.734700071138,1128869,$1000-$10K
FCy3Q1UkB2GTfVdR4BPARcLz8KoABnyn3Ry3B2mWC661,9407.728263790912,1128870,$1000-$10K
7CQ6eEmgSMXPRAVej7N8uxtT7ATTvDvqeBYBdhHw53S1,9407.71627774581,1128871,$1000-$10K
2jGmL4RuJeqyRdvNgrSWKmTZCFuT2w3uCjVwT81F9C7F,9407.685752637777,1128872,$1000-$10K
F6okNLrkU5tFtnJNRqcpCMLTRTiHE9XU787X3F2sUWMs,9407.676422040777,1128873,$1000-$10K
3w8EzRGCaaPhXAZed899DqHpPenRwueVMJG74S6iff3u,9407.653578934798,1128874,$1000-$10K
3vBfo5hsVoxLDaunqZyczNb34gEeaEeTvi7HHTEQ61oN,9407.6461668707,1128875,$1000-$10K
8sXrWe21kjtb5M1rh1hfSM2FvRnnnmz7LrU6VqhRr7bD,9407.643968380355,1128876,$1000-$10K
AG2Xa9Jc5mQd5uzrdxBR7tDyT9nQTQeffHQ9Y4YXMuuj,9407.617889504794,1128877,$1000-$10K
JDtGsfNG2j1Y2dcE5uHMKkcTTG67476Hec3yTKK1ALHZ,9407.605414161397,1128878,$1000-$10K
Ew9d1b27ZiaoDTM26RcuGPGLSVrUX5oLmM8j95G7yTWa,9407.59330621324,1128879,$1000-$10K
4d4YJP28KeJ3zWdvzLztS1QSvQsaRa1rRtBrHgUPw445,9407.515428372226,1128880,$1000-$10K
G5GDxmQhnNMNm7ZG4tZ3ekEXW4s4P4VcvkRAGsHhWjWr,9407.471699195768,1128881,$1000-$10K
D7cJkAEjoGQPubSvHorMHEWkxxCPnW9NXmH84hfTiiFu,9407.4566208507,1128882,$1000-$10K
5roLxmwxJHYjNovVDCjZh7etC2nqvie2QXcKXbDAgzQK,9407.45290967251,1128883,$1000-$10K
AG2EbB3dcgvzFBUCL7wYTDSNaC2qhiEfbkqAvQfvMrLW,9407.450747887578,1128884,$1000-$10K
7ULfVaZwYVMaQMzSbZhdKJwLTCHUEmfS1ADbKqD343wf,9407.43807746731,1128885,$1000-$10K
5xYd4tmaSaocpACpkAEidSQUfHP9b8tsoc1c6CBX5LJc,9407.433801420138,1128886,$1000-$10K
8GHhaPtfkMM7wTvcQ2qgeKwdA4hB2zmE5qvGHZr7C3hU,9407.43052584845,1128887,$1000-$10K
E1wi7yJJVCwBHw1YKKxM5z1bq12TGTp5J6TwLCQ1EYqs,9407.414064239361,1128888,$1000-$10K
63VbarU6jvgFYkzErMP4ZyqM6Vb7rWH67tZmrBnFzuc5,9407.412130915778,1128889,$1000-$10K
2QaAXpPFViK9XWYAxFG9JgtsJ5b2PqNqZqsMLGCD7Mkq,9407.401364931182,1128890,$1000-$10K
BdAfrE5ycyyHtqn6ft234AujciWRF1rrnFwvj5vNHthd,9407.375560911561,1128891,$1000-$10K
4rP8isruFDgewcnDWWj3Px4544HBBpzmDcdH8pd73i4R,9407.306769959534,1128892,$1000-$10K
CxiLVCh26cPGgJQmKjZxQF6vTeQpVcmmBHUMd6gPBxXL,9407.287140678882,1128893,$1000-$10K
EhN2ewGNBzaZ6AXnp662puaKAJTdzhPiN5B47e1kbPgy,9407.27210638653,1128894,$1000-$10K
9v9cMnebTVPRXBsogRP74qbHcfrBwjet5mnDyRx8uDEc,9407.261990399376,1128895,$1000-$10K
2arVpZEJ1TqnCtz154o1ymxe7Lomm3K6qyc6EFWfaVhH,9407.240638557121,1128896,$1000-$10K
EycdAEEQAAuumiwuen1zbM8GtFFA6Xnku2rq3K9A9ew3,9407.229926672775,1128897,$1000-$10K
fCdMn2F9RvYZZZHEENdWGWKwcgG4f1o28EdAjTCaqiC,9407.221680865887,1128898,$1000-$10K
BEc2m7zoXdvUzkVXbnhfmJPeRLDgtEPcfj9uwT7rGRug,9407.19636229628,1128899,$1000-$10K
6hZE1rmL9k9QjdAJ9MhQH6uJNF7M6JikDz8YpkW3gj6s,9407.170746674474,1128900,$1000-$10K
3K6TqNMd68Mqx12AWyz7FvK6LuE9HzEQvoqY1XsBXpDf,9407.167900093611,1128901,$1000-$10K
3WzH8sduc9kFXK74YrkiuafKsdvATdC3bPXcLsCykPcu,9407.15868954318,1128902,$1000-$10K
Dzv23oU5ntX7BbyLdx7MBLGhne1w7aMHZm3rvL7XuqrP,9407.136732267334,1128903,$1000-$10K
HHSeVB4E1uf4D3yFtPnfWLTKB9vtghCcjghNa4zvRddC,9407.102231233328,1128904,$1000-$10K
5M9FMVrEDmAJCz1Ef9VJApMzqnr51iFRo2JKygfLCNBB,9407.090572903318,1128905,$1000-$10K
H21M79VUJdzgwRWnH1SLihQzPcFqH8WRu8pS1x3pSyh5,9407.084657466012,1128906,$1000-$10K
DMkZDcfXz4GMtsz4jSJbMYFfS9pdxx19srv6qNTi8Kjz,9407.078476226357,1128907,$1000-$10K
G3Yc851pzA92ianXtiMzzzjXNina4fyZZJnPguYCLwoY,9407.047640183933,1128908,$1000-$10K
HAUdERPNiDPbDGRxpZsg3abVWqk5pZpRrLBmhy6aAGR,9407.031620100877,1128909,$1000-$10K
D4dqQVG31ahc3opTiaaL976jVEWkNWWJjSCtZ3zeetVk,9407.01403390658,1128910,$1000-$10K
FkRpgXo2rYt2ZSDy93j2wgcwHocoGDkWDji2tPNvMrb2,9406.99832151797,1128911,$1000-$10K
F7p1cXbCe8iHRW92fpEdu7WHssED3zy8z3jhGCfRzqSk,9406.99179102614,1128912,$1000-$10K
GpijtVDPVyeM1zQriK4LAgkFgg5bw5fxooco1GEUYij5,9406.991641447428,1128913,$1000-$10K
bM5aBEdkdpCneoCmQff3EycaG41xLRDNRmzZ9KqPqZp,9406.984123516631,1128914,$1000-$10K
3xGW9W6pkArCnKN6UTBMQYR9iLCSiqhpKpbZ2WQY2v44,9406.971718239289,1128915,$1000-$10K
4hq7AYN7QmZkTfvth1YaM9nHAWSEyKfGh9yGBnpGeY7Z,9406.963358199193,1128916,$1000-$10K
29bzzbsrJGxg7fAvZHLFfoJsYgqpRvQxT3XDYqKgn4WU,9406.9395,1128917,$1000-$10K
5KmdTrn1qasPzcydTPJMGKWCeDVobmt7xopcBABqQUvp,9406.935763527914,1128918,$1000-$10K
3cssbeXAkHcFFgR8c52wX7KXj9DCSFEkvdzL3LAzqi8r,9406.91511196956,1128919,$1000-$10K
BeYcbz7f69gAoxK9Z8ZaqjmdmVaf8yGib3ijANz6GrKn,9406.84209734666,1128920,$1000-$10K
6XHHNLSSeQLJaRx2723tA1LLg4h5i46BNkLb2DqBAffJ,9406.840849206288,1128921,$1000-$10K
41EcxRRhp6JJQqEiEouphnuHJZQWyiJzofxeyBzmde2h,9406.836625016647,1128922,$1000-$10K
34SyuAvRytzoVg13cPRVyoZaAxYtUoNf8QExKMu4TLXQ,9406.834372202919,1128923,$1000-$10K
5xEgbP3jL1S9MbVG6yh6y8xe5pon4hx76fodATdgEHcy,9406.827097884106,1128924,$1000-$10K
Bkbowq6Yv5wnAHKo9Ya8YEZKjNn7J8af8u1yGQ2MV7dK,9406.825169294274,1128925,$1000-$10K
FMTEmxEPuaYRW4fsu7BA4zgCAiNTGnkyGhAEyS1KzBCR,9406.82192640887,1128926,$1000-$10K
9JJD25o5NagcQHgz2NycAsUo7KQYWpvJ8Vr25V9vLEJk,9406.821686846994,1128927,$1000-$10K
2Z6emTXp3V4WgPZMsAnh6281Rk25Ni9GuMmj83WktYYF,9406.77338426814,1128928,$1000-$10K
D1CZpJipKkpqXPzahirPgm2G3fz1YpeQA15Sf3b14JCa,9406.768659258125,1128929,$1000-$10K
BFn9R4mZn8x31zmpL1RrFDuxPnTwKiLgcMAQtChadZvZ,9406.73685199478,1128930,$1000-$10K
4AuhuYCDgLj7SXVjHoTzL5Unp1YKSyNJPYwqq4oy4iJs,9406.712813690083,1128931,$1000-$10K
7yDchQhe9FJJTPPvGb7BmseSXK3cm486jH8f15NJHmvD,9406.687492338986,1128932,$1000-$10K
GE1nvUe35LCg1tpQJC36wkpcf4xQZAkz5iqaLsAstESG,9406.677545327357,1128933,$1000-$10K
6TDhLFrmt7sTPNoY1bWG5TkxWCiz15z4yfaZRyxMc22q,9406.670637071094,1128934,$1000-$10K
BySEEN9z41thfixSAEr6hvqrdtvY2XYeABuhzXcaSMTT,9406.664653065913,1128935,$1000-$10K
HC4VRFdfXP84YsP2bm6AeNqpV3aAcsqzJzsj7qTnVXRD,9406.656089264003,1128936,$1000-$10K
HFYMczkmXZssjzUytcvjx7RHS1gY1tT99d1CQQ9tGJ28,9406.634822342663,1128937,$1000-$10K
ARLEU3waLNcLQG1GpDL5byayQeMzm7y3PtTYaqxuLQv8,9406.58775447382,1128938,$1000-$10K
H6oUNAkFWLzZ5NQxEoQP3Drq5zZe2wSe6WpDwN36sjEN,9406.565846015726,1128939,$1000-$10K
HqT2y6QH3EP9uSNKU48mZ2kYqqm6Dv3hR5WFHKAAdCdq,9406.556650271177,1128940,$1000-$10K
GWoiEkS5WgKRou17r78dHKz8pxtbZ6iBdJhad2DY64A1,9406.5425587017,1128941,$1000-$10K
5muox7rdU1K8kcdAbRqSwL1SJawQVC8wXnsPKPXXjNCT,9406.533189863681,1128942,$1000-$10K
f613MvskkNRV4ybuBrBGhJcxoRKcNRoY73MbqqQe7Ut,9406.52700005451,1128943,$1000-$10K
HG1xJ7xCSeGWC3pyddHTwdMqj8CErLPBmqdz6P53Z5et,9406.523251716895,1128944,$1000-$10K
731P2RMJSWQwW2xKXWKc2sABpKqcG99UJAnr2irxcB3a,9406.516317660844,1128945,$1000-$10K
92rzNuntq5ve2FhAxW3UXLZwD18KVovw8UADAbF1HrAZ,9406.515994994055,1128946,$1000-$10K
36pAiHy47J8w2MdQaRF6AGroHYWNrTJmUHvAdPqCeSL6,9406.509225746506,1128947,$1000-$10K
qY74BzJ74jLN79J42yuX6it42Kbh2rboUyhtwrn7sBe,9406.506011499889,1128948,$1000-$10K
A3bTK4MjpQvSc4juvcsQmJpqBSHeCaJS9s4JYgN8yKBG,9406.495624733623,1128949,$1000-$10K
J3HyWYyrjHmAuDDovPsA1NrTbgs1QEMFZ6c7PkKg1UHT,9406.491677755568,1128950,$1000-$10K
71yELhqG9FVYmGWNZr5WnZ2tUFnvYTSiY8pYADYNuL4,9406.47884975215,1128951,$1000-$10K
A4bYtLi1BHXcxG6LTP9piuGM82C4kPLt4ozxAy6KmPyR,9406.462215722238,1128952,$1000-$10K
BfwSnbz9iBrH9rNcdFshzXWWQaFSVhVTenJ4hiV21111,9406.452920299194,1128953,$1000-$10K
7LezTiBw9fZ7eXx8QrEcP3FGUTGCNzopCKgZBrX1j2pm,9406.447245301397,1128954,$1000-$10K
GrZ1Uh8sv8P3m8UVLetsbJjDedwC56aHQi9xF6D3MyDF,9406.434893124178,1128955,$1000-$10K
AzeQ7ZXWbWLKhTFPzAjZPgmqW526a1SfmGWqGM2wFLQw,9406.40648821851,1128956,$1000-$10K
4DcXjUrZ1wB1vAVdWAa9bU8wectdBwpaMwr141ujJyHP,9406.40398709852,1128957,$1000-$10K
6jPXnuKu8Kyf2BVv4npBDdJ5doVvkjeaiNcPtd5RgMji,9406.39748176077,1128958,$1000-$10K
5USqqQFMixBMst5JcnWm5yxJT57NHqQDJmbjnThYePy4,9406.38284097619,1128959,$1000-$10K
65N53Q4yNbxqbkrS2TwFX5RRtEsPCKWLMQ7iBjqyRCwE,9406.369725673128,1128960,$1000-$10K
8oisFjWq9no7uuoMF3MLKLxX7T4w8UQLB7DvegTPwz3A,9406.33868810298,1128961,$1000-$10K
CZQeQT1xdpM8UFeba6yQX6uRiRsT9vRTusM1QHtMwfhJ,9406.31083250636,1128962,$1000-$10K
7RF79RawQ6PjATtnisopJujDHuLvjbm13AzNj5vdh8vw,9406.26850959706,1128963,$1000-$10K
AqVNzBgYYXFHv5DFniSTFaC8nwcDzLc353uDG1QUdonz,9406.242854626642,1128964,$1000-$10K
HYV3Eg4jXen2zHtdqvYvLpoAYJVsLR5BpCAGm4Vw94Eg,9406.172009440663,1128965,$1000-$10K
Gg8tkxFBGuFUngS1HuX7ssVKKWJDkAgXvVX8h6ivqaHT,9406.16608305812,1128966,$1000-$10K
DLW726o1Ua1KUF6DnpBBBjEHA4PRv7npVVP227CmZAx2,9406.135376568342,1128967,$1000-$10K
8k6mfNV2Qr9BLNWLtBX5qnjqTagYS2VnSE7J4qmjuCTJ,9406.131463994243,1128968,$1000-$10K
49kfTs7dKHXPzPnxmTK3S6PB1dS3oT4R8jpqUxZQ97Mp,9406.08738379942,1128969,$1000-$10K
H5FVcLHnh7BiTxBvgiLmDGwk7p5h79F4kR6iWf315nE,9406.064484790628,1128970,$1000-$10K
EMtRHxxVG1tFSJWJ7MaDLb8xFsKqLgwahFpfyMvR13M9,9406.011013496096,1128971,$1000-$10K
Dr5c6mP9tk7ju3Wcm4H8DqnRrAdpC5UMa4HsctYiay9d,9405.995890006687,1128972,$1000-$10K
9qF5uuv1MDg1dV5Nh7jSHjN7GXRUStsj8t6XmeEshbfW,9405.988320142995,1128973,$1000-$10K
6rAWcNuMtrVwxDDEzU8prG9YS7uo974htu7PVgAQrgK,9405.972124688213,1128974,$1000-$10K
3x56MTJfGtorQteaH7uqiLkEwn9eMz8QEkQtAmWeafiv,9405.94929679793,1128975,$1000-$10K
3ay3ezzRPSYGTEQdVa2BcbWD67GPo2Kow2aLWmcyu8EL,9405.94440598519,1128976,$1000-$10K
GynCxiyyDrZi8jorRy1193FxB3UrZzmK5MTYYRi6Lu8a,9405.91015249937,1128977,$1000-$10K
ASMgys4HJioK3XzQd7gMEWevwkDntss4hq1LJisz3Mic,9405.909420452283,1128978,$1000-$10K
9gPnGHKwi1LszCTqJmuHr4TrW9LmVuuhZ4wfitXHqyeA,9405.860619125131,1128979,$1000-$10K
7vMzLWp2PJAqcXt1VFAsipBBwmPk5j2HG4GG13Cj6q4v,9405.855180330287,1128980,$1000-$10K
BCop2XNJzX1R6cAHA2R8s2g8d2DyrGW5fJ7tvqLWqwVL,9405.851605708693,1128981,$1000-$10K
yWorFcQkREjEzZ35erPWdkaSvt9ouw84hihpAoSTcKS,9405.841764708199,1128982,$1000-$10K
HCh4S18x5sFWrKFXcZkfvsYz4kCEYgg7E6DpgZLJoJwE,9405.839848808468,1128983,$1000-$10K
XoahmwLXWX7T2T3U99EjZy7zg3bWoHWT3v5agy8S7gP,9405.839358070372,1128984,$1000-$10K
3yWC4CVqeMvN7mdwbgKGpnPknogjkJmCibyNdjLgzV71,9405.783621732608,1128985,$1000-$10K
9Az8hFPtoDgHHVHXCoi1MRTYs56EvFNCPFFNNdMY2QLS,9405.764517109546,1128986,$1000-$10K
CBhuVubauaZtX1nzRUqzaxr14pTgF4ccrGP5WJdPmivm,9405.756994300327,1128987,$1000-$10K
8d3uyXH8N7xSjCtPZBQJsSTnswNCgkonqTQW8dZVFvMM,9405.746325327558,1128988,$1000-$10K
DHdD7xFpsJruBt6h713KqRuVnBWPY5KcZ8EC8CGG4RZa,9405.737851128993,1128989,$1000-$10K
G1N3KJbrDhFHpDRR1Gr9g6GE2CHg5rSFn2skQjrxDX38,9405.736629986086,1128990,$1000-$10K
9f6kd7hFUMNqpmQUyfsBZN8e4qLg2o7fxKD9QkDBcfjg,9405.695201340746,1128991,$1000-$10K
AiWZw6zvtWXLeGFCpc89xjNPVfYBqDSSVWv22ywmiVyx,9405.668410327853,1128992,$1000-$10K
8JKv52W74v1MV9tXxcVxzdaWcND3TZVw4HeEBNxqAo5L,9405.62573709012,1128993,$1000-$10K
DLNKK22VZKa4SkWo1a3n8Q5LUbmtpZBax9PX5DzJKgoX,9405.58157803123,1128994,$1000-$10K
GTCqj8hZR9Aif7TDXSNhTrQfaHAgwutUZBFKDavw57Px,9405.577555243499,1128995,$1000-$10K
39XB4yEGtJznJTag1cYVMzSM3UjkzhyegQfyA6aeMT3f,9405.569148502496,1128996,$1000-$10K
6y7jZq6f1LUm3k8L5xH3F2mfQdZ1PQYFvjAJkJF2jmiA,9405.51974129806,1128997,$1000-$10K
7Uzfn4DxxNo6Wf7VhpynzzLoc3cYZ1s3uY6oYnwYC1G8,9405.514364934561,1128998,$1000-$10K
EEV6p3GiF9begBoaEnjtgqHy4SFBbTsXQYMMZqZaLMzc,9405.474157792523,1128999,$1000-$10K
9cxRPkbRZ23mYTjkovqCSjPFgTdgLT7eSkVxw32W9yum,9405.438022810476,1129000,$1000-$10K
8JeUf2HArMNMXtntH29N2b4V8gsnibde6GDpHAoBE8Jr,9405.422711598616,1129001,$1000-$10K
ErWqC7pZz8SvFtFB9uDdAHTcSAR47xxc27ULKbu41HTa,9405.352583860129,1129002,$1000-$10K
F5i2b9ubuyV7MJjZTHUxo1FvPzkDA4TukexDgQsX1iEt,9405.30540439451,1129003,$1000-$10K
G5tLAQygnNjqiU7NX2w48jcgudKuVGxaNK7chaNVSPw1,9405.305262040642,1129004,$1000-$10K
3CgJur8BFFZAEefCsuTxyRni2p9XGwFyVLTjbzHZx94n,9405.282861509631,1129005,$1000-$10K
6xzaPyhcvxLus4NHUKt3vaCzSTM6MPSkPcJJrbQQKLWB,9405.27826401669,1129006,$1000-$10K
ExDnXB1gtTDP235VVP7d4MJfpfpD6btRbapzi4JUq7Hr,9405.227864198434,1129007,$1000-$10K
DfcY5kVHChMdHaMDHRsziLmfyh9P2ombEbyAmE4wp58n,9405.206140250979,1129008,$1000-$10K
3LCDSAfcSyBWrG27s9j8MtRSPngiycGCNhGQjVR7GqsK,9405.20419475356,1129009,$1000-$10K
ELLAxckaqkwMoEhiCiS9vkDJsavu2UYh7VTjpKt7hEyj,9405.196056165647,1129010,$1000-$10K
HoToLcQjivGmZJxg9FuSQ3gzppGShGYhVyc7CRFWhJTJ,9405.107354343269,1129011,$1000-$10K
2UVxsDjZi3DwUaiZBsvwap914jD2Lknqm9Ww7wWj8CK5,9405.045055827759,1129012,$1000-$10K
FEGZpCMnc2XwrVkeYjUkpCJqUHhySjY9kZWpBoQrwe9y,9405.04009969392,1129013,$1000-$10K
BdHC5UD5scrsmu9XXT9ADM5jwfc2dGbsYntjb5a2W9YX,9405.035345733033,1129014,$1000-$10K
C4Vxz2SsJtpdCb1AYUjbvVrseyg26qqsS3aXdYJo1FdL,9405.025786988885,1129015,$1000-$10K
988UJzDfZF4ShtVSJqQPFoECoXVSJwDHroXBvAoZtEPo,9405.017845307982,1129016,$1000-$10K
DYMiX21NB9vb4jrKmw9axnGQ7WFvHQuPUZqegu3RBDhs,9405.01126910217,1129017,$1000-$10K
5Nmhr6Q5cEbvyURTjtyaGHQbv6ah71xkwmBa93bjUYN5,9405.006584476885,1129018,$1000-$10K
EGZbBkP7w1fiBnQGG64pg61ZEtmppeRKLHjn9dP1KvkL,9405.003988007318,1129019,$1000-$10K
9R4h8KhLNkExQMUJwPHvox7PycV5tDrQ1S5XT74vDDHo,9404.99958751288,1129020,$1000-$10K
H6yuprjvdme6NShHiQBEdFdhnocigfuKezkEESN51vE3,9404.994689669984,1129021,$1000-$10K
ApCW2xsoxY7RK7K21xsFPwXLSC8ymsY54b16ximgxcBV,9404.983026723225,1129022,$1000-$10K
BjB1eLWgfD3R5MsyuVfwSH3aEd3NY4hGAh6rcG4nrczB,9404.953548813239,1129023,$1000-$10K
3tYTjjYU3aNgMoYYqau4Bsm74fFrF6Xdd685SAXtFtYT,9404.951483469154,1129024,$1000-$10K
C69tr34RP5JDJk1mXxQg4Rtp2wH5HL5pKfRtTiEQ1Z2K,9404.942567369337,1129025,$1000-$10K
9goKsPxAneo731cLJd3to5r5AtApyLrcPU3udXjxXper,9404.862307431136,1129026,$1000-$10K
55zKXw3i23wjU1WB5YRnLrPqY6X2Mq4fDvkdMw4EyzDm,9404.850914849627,1129027,$1000-$10K
8nSGrQc8ViqRCnK7JTWe91TjkwbUnopDwMAkyxvixkJ3,9404.849062028434,1129028,$1000-$10K
E2Yjihu6M4aQvjN17a3tKC3Cx5TrpLLiWHsjkEGUnCgD,9404.846606608458,1129029,$1000-$10K
FTWtUobwzDCynBsvAEXwLDmRtuo4TC9pbpupEmfkRnVT,9404.811695538583,1129030,$1000-$10K
Gf8dELbJ6BbpDdtqBnsGTgchoz5He9KLMyKJAaPXmhSU,9404.785100556857,1129031,$1000-$10K
G2VpXFRZ2mTHb8mQHGvvRLrgvshTe9JZZKavN7FEWBeF,9404.784227613409,1129032,$1000-$10K
8tSKS7xiDbfjdAC51xVURfne3zocahLdL3bCGaZ7pbNm,9404.762391309952,1129033,$1000-$10K
4jbR3LnWRAP6C41WaxiwyRANpzMuRoxCVJC3yT94XQmv,9404.694207954486,1129034,$1000-$10K
4zfKE9BdSFyMRJkEkadBYE9F55UGPrRndHu8hZ35v2UE,9404.690773990853,1129035,$1000-$10K
BzfxMMitMvbY1hR8RYH9sakhdDWiBDiRgwuYRFu2955,9404.689461434476,1129036,$1000-$10K
BHr64CdhP7hHeWVf4uzA1MRAyDNTHJR1g6Uqkp8C2rsj,9404.689036948248,1129037,$1000-$10K
36mVbmtR8JPGUDFj8S1JaC8hJrcn7vmz138EyXLTtcmP,9404.676922613875,1129038,$1000-$10K
EwEQvE8VXxSo8LuXu8oKJiBADJsK6Cvujt1hBu6GJawz,9404.656396135466,1129039,$1000-$10K
4zGpEUSx1FGyVsa5BZ7dGw6Ji5AoGB5jrXJN2KGmvtfH,9404.648356978218,1129040,$1000-$10K
HozHZGbvFBp4Z2vdQsMgbfQyKF7Fw8G2cg14v62jd1qK,9404.64024268577,1129041,$1000-$10K
GPMdsTT2pWA59NPCfmWCLGYzXFQW7NTDMq236nzeRu2w,9404.62719418997,1129042,$1000-$10K
H6hYHYLzNVhTwh3P8hDMS9GL13wKgJChBL3R9FYBBw2V,9404.616977117159,1129043,$1000-$10K
J6Gapy4LgyAq3vXEoSGM6ywzh4WzKjVdpsgjCMXM7MMb,9404.589397373982,1129044,$1000-$10K
GXC6zsRUMyRKy8swDjdqHSZFKLfNEAZNLGfYVaBdcwUq,9404.589138886871,1129045,$1000-$10K
9vm6iAmkqcvA799cVbQiraRdtKPHks8ePCyQavvxQnSk,9404.579476480778,1129046,$1000-$10K
DTD7mNyqN3KNcUVpzn9rw4LFhQhggoAfaNtQFRpWYr9b,9404.51345793852,1129047,$1000-$10K
G8Zg6osKFDLuuApSyqDQKvxUuAxNFCBX2S7uEfRAGHLs,9404.502882687748,1129048,$1000-$10K
6SpM7QeYeywz5rVhbUXJKv9GD5uMMDhReqKty18o7nSQ,9404.48268236008,1129049,$1000-$10K
5Qaw89zCX1dwREtujCnigAjaehG64Y1TYARunqHtcT8u,9404.46491628365,1129050,$1000-$10K
ExppL7S8VQ1cnwM3huMTNnbSezB9TLtCQAM6bQevc359,9404.45612684184,1129051,$1000-$10K
DKKNBu6pecDNKXXyWSqUi3r93XC7tvJqfwJtc4yBT4Y3,9404.43670977042,1129052,$1000-$10K
HHsemf5KhBMzZ21J7JLJ48x6YLHr5ZvMvuNJgLEhngBp,9404.433840928292,1129053,$1000-$10K
71ggiu5k6VmMwTACnB4MEinRH3PZ6BB8oCaWwDzhHXsw,9404.419524917126,1129054,$1000-$10K
BxjcVKnExFSzJ41SLPGDemwsMAsdr6G5cSiVzsjg6VSU,9404.401802002607,1129055,$1000-$10K
CGk5Zw1Dg9q2he47pfifKs6qqeyzV8psG1Hz7pftYfez,9404.39351956127,1129056,$1000-$10K
2NJ9A8BTaTnRRuNAGKsNTosNGvb67QBm6xWAxwJ8rKHd,9404.39286764151,1129057,$1000-$10K
DXDCPMTfsjfG94vUvfEE6RM9U354bzrfmSPx98hkW3YB,9404.361381794972,1129058,$1000-$10K
C3bYzfj7cSd4AzcEv5JYiD88gWPd76bLUb16Yz1kedJy,9404.319342013518,1129059,$1000-$10K
GFgQNK2CLsFVk3z474TZaToouAp79HKdiyxXNPB4Rh1N,9404.29421411056,1129060,$1000-$10K
D25mzp2Y2gKSgeqrT4mpYD8iqrYEE5LWfBXBmRg5LCUU,9404.269527320002,1129061,$1000-$10K
E4CzTXtjLYXmf82gByvZKUeRa1oqXBUVFM998BtBrVhB,9404.257476781335,1129062,$1000-$10K
45JSbFgoUMpC6Hw1CmDWGR2VUK4pYpx5dkiKRzUhJbHB,9404.22425480821,1129063,$1000-$10K
6F6J4ZThNe7xMGx8mTuM9zCcpVwK3RdHxf3scJvbc3vG,9404.218243045407,1129064,$1000-$10K
4iyg58sSYJU4SFgZHAqzjmc4QRtujyNFfNpMRsZRfAZZ,9404.216913170774,1129065,$1000-$10K
9fcYTXXN7LH7JWMG2Enmk2bQF7tr3EQHDnw9hSTD8ST7,9404.200578542575,1129066,$1000-$10K
GVetnQWZ5LiccSkhwW5S5kR2pXumLPfDY5RQp5BC9yTp,9404.191941231264,1129067,$1000-$10K
HhhrJU98JCrJF6r4Q7Cfn9Xy8Z9MA3unCWsz5szKA5Zh,9404.190602843017,1129068,$1000-$10K
GCA9SAL7PRteCFi54HDTq2je3fgWAa4RhHtGvTHRA4WE,9404.158963295107,1129069,$1000-$10K
8sH3S5E18cmXK1woS2YKwzHuJBzQS3rDrk1FhT1wc5ED,9404.137901050326,1129070,$1000-$10K
evqic41ZX6gduD42yb7JWQMNf2kKco1KmkXE5L1CSig,9404.110620681375,1129071,$1000-$10K
9nFrBoLyRevkuWokhPiQg7yj7R2ZiPfX2fW1c5isEoVk,9404.10765030771,1129072,$1000-$10K
EqVGig3r4VChmX26duPUF7FSd1niwhwfWRzWPzA9fPoi,9404.105405494534,1129073,$1000-$10K
A67HhTvCnM6bgb6cPvnxL4kxNQfF15zfkfV63FnnUL5U,9404.068688376465,1129074,$1000-$10K
F6Vpw7V4bkuEgT5obQasyicTyR6PkCfERyeVpdTTr55N,9404.04083447225,1129075,$1000-$10K
BtsS3DmHupzVVSDgKEHvVZksEP2gHU1XMhwguorNQkQQ,9404.025445505984,1129076,$1000-$10K
G9HNVy9D2bRUcr9Xg5io7gpJqcVmu5q1LFKNXDVoSSre,9404.01347744745,1129077,$1000-$10K
2krAq9jjcYGtLGjJypLLELYFft5qDwdzngkvbswnk74o,9403.987907376748,1129078,$1000-$10K
5WpdpUF7mjYqtwNXPVJnAvxYJdXVaSAcwVmmumKxkjcT,9403.98636065307,1129079,$1000-$10K
C69fc5WhLfpXHAGPpgnvg8wabhuwMR2wf8UUrYyXpPuA,9403.966197107351,1129080,$1000-$10K
BM3otzgeYPckHsr8FhnBeLgVKBmET4h5BGwCxauPtXPs,9403.91494865562,1129081,$1000-$10K
Bv12G7iAFvdsKiGutFio18HXFKK3Zpy8miY4Q1kuck9L,9403.904219795262,1129082,$1000-$10K
5JTeuzA6no638xvaFyXyP6rGMkzUGxU6osKN662JDg7W,9403.887263299604,1129083,$1000-$10K
HZQaCzsPdSkcyVhm1CbMojiADyz8dx6P6rBSHQjYM7Yu,9403.865160771966,1129084,$1000-$10K
8WN9VphutsoqJ3X8BpiiSZLUnP6hVB652Yb75kP9qMJw,9403.86297914357,1129085,$1000-$10K
H3uWiTVC71zUDqjAqBM5Tk4xintYCwsSEjhHFQZkJVB9,9403.850595415577,1129086,$1000-$10K
Bwr5yYcgybB9oXnM5hjH5Jmph7qQVsqFRH4JtPaneBwX,9403.833132591659,1129087,$1000-$10K
6vwkusB5LXU1vGaHtyMp7evTzogpahGphTKWT9rqUfhT,9403.829827816955,1129088,$1000-$10K
8Xs9abLQMSjDmsy8m6Qa6DXNKef93hPMUNr3V2AYZBLY,9403.813139507993,1129089,$1000-$10K
9AHcQSTfoCbFexY6A575HV9AZwg6BmUsHj899CgQ3S3G,9403.81281751634,1129090,$1000-$10K
GFaAWDnYyvCQxSoTsat8Kd6fZWqyZuxtHG8ngxKSXMaB,9403.793020280793,1129091,$1000-$10K
8aDVfvComjdmD8Wg2ZK9Sh8DYTqiMJjzTtE4QC2W4hLz,9403.755554418578,1129092,$1000-$10K
H2L9UeNN6gyYRgaLy1phXAvM5nbkw3jN6YDEabG7Am5q,9403.748490363607,1129093,$1000-$10K
BZiusLAB4QBLbTVGr6ExEyvu5ScYyH1hSkYCkhC25oGr,9403.734300142749,1129094,$1000-$10K
314752DwRhAZwBn1ZJZRA5Qp4drmaaN5TvQSRSMKuGVm,9403.710902066861,1129095,$1000-$10K
BAc6aUb7b9zwBCw8PXvsScLA9yzicS3DtJANMeg5BHhC,9403.639144384088,1129096,$1000-$10K
Av5RBGnrsSK9eddnh8tkKnm4darQLfjJCkqwafiwmtSu,9403.631387155652,1129097,$1000-$10K
9n491uKx4uisz1xZKbSUyXw7BSQ9AVjeU2qYnJb3bE1o,9403.6310639254,1129098,$1000-$10K
6ByYq6LWRHgA9V4oEuDai7yQU4TDEBarWQAwUsuCeZgF,9403.625467897182,1129099,$1000-$10K
4ujhLEpYxxag8uGykg87pku6MPmpBxGC7a4Xxf3akTcK,9403.589664106665,1129100,$1000-$10K
GXUxmMHbcJ12pqLdN24m9cdaFvrENHNBgBvHgxj5fmqk,9403.588713806043,1129101,$1000-$10K
7XGnsnCqSc8e4rzEktWJart52YCqu1pLyL6B71jWjQiN,9403.584980635607,1129102,$1000-$10K
FYK7cxhh91VCFgJzYaHPNrVrUqHWQ8Swozw5FkiQWR8A,9403.537935632212,1129103,$1000-$10K
7V54PiCwa6WhT61cV3uet7LDjspurfsWK9GZyrDx3EzG,9403.527303419592,1129104,$1000-$10K
9Lcr7FPxXykG9CM6adsEpoZtunTVrpTqxxFc92tTsr7E,9403.524432376978,1129105,$1000-$10K
F9qMSsLr2uBJGBKBjrjUWfMSVUnS6dR13vLDMpE4TWgY,9403.491998971209,1129106,$1000-$10K
CZryhqgJCepKWuJhZjhhZQqji9BrtaLDSXRo9bAzmWDv,9403.482455448067,1129107,$1000-$10K
9sSpDfctzRSbRycZ7Wzsnxbw3DE6bjh4E9DagHL9zi1j,9403.475748268318,1129108,$1000-$10K
HxVmwo4Dg7rQb29UXmX37VyAzeFk7Uia6Zx5wXLNjVXG,9403.47397428767,1129109,$1000-$10K
U4gos9jFaz3i6tQAdhAxm9kJd54SzfvM1YxZ68NwNgm,9403.452753105104,1129110,$1000-$10K
ByFXgX7rJ4g9zVLrXuS4ekBPWaMBNJgGRZ2EUkBJ88Zc,9403.444373646118,1129111,$1000-$10K
FRDTSZkMLZ97Qd91nEC8sE6CgLYnahqtBnST144aN1xx,9403.41108602353,1129112,$1000-$10K
67TV4gSybe2Rmp5nhezhWQtcYekVYGiamQSyA1o4nT3X,9403.377161988832,1129113,$1000-$10K
DpjpUQLJLJtLm1Gggpqau4XBEKijPxc5sP21LrXTpN17,9403.374317614756,1129114,$1000-$10K
9gHXuVnz71S2sGJv5RmAuroryKwKsffskE7GwS2ToZdY,9403.373179128694,1129115,$1000-$10K
4XD325hn2nzvwoCZ3P7cNrYuApWhqVM7fGujT9QdF3gs,9403.35833307853,1129116,$1000-$10K
C97rQZanFs9WMfr9JzVVAmq8wC7AYii96dN4Kk3T3q8x,9403.320980543467,1129117,$1000-$10K
8Wdxgc57A5EbwYHz6dU4uzkPKrg7MPsKxgHVvSJKP6BS,9403.320101310206,1129118,$1000-$10K
GbK6YFCdqXapPD81Nz6hup5YEeGHn4FvCc7qsyzecF55,9403.318628042649,1129119,$1000-$10K
HbvbNaGgHPvUYbwXYSkt67VLuQ61Mv7b9jCCTo6TwBAd,9403.313003390987,1129120,$1000-$10K
ZjbDoeNpATbMMw4HibJGLYgEodcDtQcgXEhg15YhWe9,9403.293932473862,1129121,$1000-$10K
3wtE3RvqMU9USanTp11vzn4wHsGuBPv9qkV5dTt4hHdr,9403.288917449845,1129122,$1000-$10K
49hJiwu2RSpaHj7CcpxNXC8t17pYt1vsRP3Q4yKfpkJH,9403.28055045644,1129123,$1000-$10K
4qRikdMpSWJ6z4a1qZjvrjtDcJCV5RjfUTnf5MXAXSUD,9403.271670097818,1129124,$1000-$10K
8hHVr4ifL4nR67g4XxPMnafHhHx7dumi9U18D8ZB9Zav,9403.25195242977,1129125,$1000-$10K
82M7S5R4w2bH3hnbEgZcpCD8pugW1rZfdHTcoYRjZfsw,9403.245534026022,1129126,$1000-$10K
3SkJi1TUVtHMKWs1TNeXHNbDYjHQcaCWTcL2dfYiC4Ws,9403.227396740589,1129127,$1000-$10K
95c9sWVDgfgGTfiHTorSdQ7PaUPSmmfxoDS1Vbj9Aa1A,9403.21696456485,1129128,$1000-$10K
3hQpjBLLTvp5i3cLJcY2HzN96RamTwi8cqSWWWsRvhJV,9403.209122745018,1129129,$1000-$10K
HR888p7BiNe6a5emxWsrwtuRDHcqQMAY9Xr6SVpJHzU8,9403.204280608894,1129130,$1000-$10K
8RrbpZo1A8hBk7WQLP64XLXc3U4QiKrAfcUNzRjo8hiZ,9403.130867228274,1129131,$1000-$10K
BNzQHYkQvQbqjBnsLruo3acQTwYLXyNPH4cNcu4BnaaW,9403.104475207696,1129132,$1000-$10K
Gmm3wJqEk5xyZktT4LxJ2XAmsB6xhet1wMWRkDUJpFAU,9403.104400529284,1129133,$1000-$10K
9ED6UXFZXfYpCbr3EPBoqoEftKLPBBUTjG8eykeVei4E,9403.10252199506,1129134,$1000-$10K
GHHT3R5UuVqhpDnezJJhBJ8ZYbsydi2HnZrd3cEeQVQw,9403.099045760378,1129135,$1000-$10K
3HLQp6nzcq5qhXct1c91fkAbG8B4TyHKRg9XePR91pU9,9403.093116039929,1129136,$1000-$10K
HeJoA1hPCwcjnjMbWBuqcikJaH1DKJ2zQ4Pg2XPjpJWE,9403.081755895293,1129137,$1000-$10K
BCkd1e5CdzrF8qkPvwvaZQ74W3iDjxwjY7HZovNRnrXD,9403.078337986957,1129138,$1000-$10K
AVL994SomszEzFUmAU5JCainnkaC3rwdqntcZ3hhtL92,9403.055304440368,1129139,$1000-$10K
FHKN6SPzJcFnS4VrAu9BTzbXV6V2LEptd7GWGNp3GweY,9403.035641477843,1129140,$1000-$10K
4gnoPzbrgca5245U8VUHUGLvvBv9tcnSRMZpV3oHDZq9,9403.01882830672,1129141,$1000-$10K
H9TXpcGbC36DNR2PohQRuTbe6Sx2xF2TJAA5ZVqwqn7q,9402.985320390908,1129142,$1000-$10K
4pMyUoUVqWmqE76hHV5tvtK6qiRGLZqKFPZaUQSFyjBU,9402.96009355332,1129143,$1000-$10K
Lm4Ng7FPwxGBVQAPYNbqijuUzcXiy9vaVWPAPE11111,9402.955357485102,1129144,$1000-$10K
4pp85p4pop9EZ47o5W4x7aKSH6DLpzZRksZUTRQTM9cJ,9402.89893516673,1129145,$1000-$10K
3cEbd5QAoVNkXmaysuvaVSD87CDQdPKWNV5a71pyWM1r,9402.89817817881,1129146,$1000-$10K
moRusPagX6aYuLPyH7jg2T8PNnJEzaPyuy1wAgiwUHT,9402.895232174904,1129147,$1000-$10K
AwcMsJmHt5mPLyj6BEAUAKpJ4MUwqmRWPoeMLkUuMxHt,9402.872878345208,1129148,$1000-$10K
GnUrQ9gRsFq3yQ6b68QXoGdHM5eFLf11m8D1iGnbut4s,9402.864339444752,1129149,$1000-$10K
Gts5n25WE7kk4YpeWP34HkeeDSnfVYbkje13MP8vBMLD,9402.854478550818,1129150,$1000-$10K
4F69RFvirUw1QDUrJy76oMgNiSuKxqeYfqjhR5c9qKa9,9402.833738372792,1129151,$1000-$10K
DsVHLKEYRBtSHDVH73x7tfVJbg9czeNhDQ8XeHfQqVPh,9402.794043964463,1129152,$1000-$10K
E9HjMwc89p6RMxxNnDF8jH4gZR8vJUatLqakypg28Tg7,9402.754713563854,1129153,$1000-$10K
9GXxoQFoZCZXpbTGvpGnhcj6t7BKqZk5HVpvXy1kxAKx,9402.704724813557,1129154,$1000-$10K
7cWjzjKH3xe2RJcbQRiKiQLAuVSZpeBtrkTJpAcTbp2s,9402.655804786553,1129155,$1000-$10K
BqgxZCTpxemUA2zjMNHizG4dWbcA8taHuHZMPhKTLkWZ,9402.646349517367,1129156,$1000-$10K
stugHXFptievKzzcCouWsgbmL5vufnMj1Da5SMXnL5r,9402.642737934224,1129157,$1000-$10K
BabwcmkppBrYLiHyZvGvME7aWR9zPmw5Cv5qx4YDYp2f,9402.63062070055,1129158,$1000-$10K
6bJijmowV6MkzNtFK59SXnAxpbpbUKrwAgF9BohZLzLU,9402.624641664253,1129159,$1000-$10K
AUYvWWwH9aWq9U4YK2UYEHTaVgURUn4w1W5zeGPTu4R6,9402.61847402214,1129160,$1000-$10K
CCXSFv84z67DDMQCZVu2WcMEZ7KzsrhbU6H4u7GhD4HX,9402.616562052192,1129161,$1000-$10K
DChbGYTSK3ut2H7mV7ete3Q1RLreSpY1xg26c228Ryux,9402.60472217991,1129162,$1000-$10K
FafYAW5xRN4qyBKBhAJccyUwrQzjK9wmUEREjkzunEZJ,9402.60381024997,1129163,$1000-$10K
8sxDWDtBCUKhHv9ZHLS1m1N1NiqTuTGs5mJRjKhC6Dai,9402.589032458234,1129164,$1000-$10K
8j2fzP2PDzAAkvnrtbmjFfkTLG14zowmQcHik3vT96SN,9402.577592355872,1129165,$1000-$10K
AtnHmvQP3nNLxk7kqSUYWayTJAXxZcFy3PNNi2PCyYG4,9402.568248428188,1129166,$1000-$10K
HBVbWCxcZnxpZhPetTMAPv4NnCwnKk6djKKi9yBdf7zG,9402.534674487166,1129167,$1000-$10K
38caFUVGcGNRRi3j2FT52r2ybqWE4tPfRMKP2m7Co5FF,9402.518193804724,1129168,$1000-$10K
7fJCR2nTQJ7PrdvJYgfUjrYwbDaz8DgBPNMJ9jiTDzzo,9402.50498590584,1129169,$1000-$10K
9ghXvGjW3ZGb93VtXiRcGYk3Z7TQvixTe8sM3Drb5SFL,9402.490156472431,1129170,$1000-$10K
HcQXsNLT1krGHF3X1f399tuDv5upESRD5gpdCzHizHRE,9402.486786246987,1129171,$1000-$10K
6qF9ZftEyukERJKNWNDoHEFtbJSLK5MNa5GBtNj4nRXg,9402.480057407614,1129172,$1000-$10K
BCu2NFS9GT252g1e2FC2ferQ6AEceLu6KY9374WftKJF,9402.45670774752,1129173,$1000-$10K
966vCZyS3YBJz6U5w6aPRkP2dYknHU2yRjhvbC8XYLZ6,9402.434512807084,1129174,$1000-$10K
DLUm7gdqFzbrZTyEq52Y9r8uhFrygYogjfwhmM6R1omJ,9402.425421917078,1129175,$1000-$10K
3a5KJZuF3f6BzhSk8Pi4V6kyXdmqxMignoK2ma5ARmNE,9402.401726067883,1129176,$1000-$10K
CTVRCeW7r6dyWYXMkAEJN9AE7M9e3H1GLVn5Mj7ct2ws,9402.399242889951,1129177,$1000-$10K
HZikfbo9DgEBkcs4s8WZCa84V2uE3E9EKEJLsmR8wES,9402.382722002185,1129178,$1000-$10K
HiRi5f4nx9KAyggxoV7GMiTKT98R5pHpRsk8qwNak1pa,9402.366207589132,1129179,$1000-$10K
9U95yhwz5x6Kc8XM2ZRaQMP1DVc2jTDJCk3aEjRGMB4c,9402.36438986639,1129180,$1000-$10K
6eAjbd5mFkZNZWcXNBz3SgdTkziAGahEtfdrDi3H4Qnz,9402.362232549518,1129181,$1000-$10K
9RQRFW7xak3qdRTrxVj5WGGq1QddKUDedgSPUo3KX4V1,9402.361046409407,1129182,$1000-$10K
VfhHPxLkBHmQMmtjyhALP8FUdWAJUifzNqFdgTUxEPi,9402.35079356596,1129183,$1000-$10K
4azuBa5573RJkkRwkygiTmKysfNTffpjUSdq9DH1XWu4,9402.34573197465,1129184,$1000-$10K
3HGKMakuzq3NLvNbwX8nKzyNJBDr4c5c3fEHvXuwR1Uv,9402.34292086977,1129185,$1000-$10K
xSoyDRFUHnNE6iC6V7geqGJWzs5U6QVhBrKX984UPMh,9402.314886979802,1129186,$1000-$10K
5r3FvVYJzsde8QaAge2yVyQp2VNhAhT331LyqsMk37EN,9402.264406240805,1129187,$1000-$10K
4ngqQmYidCmL9EqDKfqXvd13hPYLw22UNfdmeUAhoFpg,9402.260538949615,1129188,$1000-$10K
323pwrBU4ygeYPAF9ub5T4uwj6BX3c64sprCwaukiCVY,9402.257133988907,1129189,$1000-$10K
NdcCtUoESd4vhm44uWCSab2jQsGBFxueBnm2xhDLZm6,9402.252834995079,1129190,$1000-$10K
9E3hTgSxgJYYyq8NYFYV5qjE7v8GFVAxy7wurdnPjLMa,9402.231122827829,1129191,$1000-$10K
3C1ydanbaMbYiWFWxGcc5oi4DUgbyHonbDPqUKMnYZpf,9402.214236794669,1129192,$1000-$10K
59L68vrnANFWkzojmZKchwrNuNS4TSSCGozBEQw2GNsH,9402.195819170713,1129193,$1000-$10K
7sb5vgjrZLJKpvzTk9PX9S4SnJ9D5wYxSXSU53D7Lshj,9402.178481813338,1129194,$1000-$10K
5y3dSTh1AFm7dQEN5CPE3cP3uC7CZT2qHcf1vtEZNhXE,9402.168167754666,1129195,$1000-$10K
3AymH83MNnURPtz8cTf4EEy8Wv8e5GUmDEZVhL2BseKv,9402.139055832129,1129196,$1000-$10K
52hnXoiaNdsRMF7ud7qYujYyL8N2XYNsmLEM1fwuK3w3,9402.067582678817,1129197,$1000-$10K
2RhYQkA4MMSPyKtHuD4oEwtbUATp84fvWFzAVnwKhr8Z,9402.065945887762,1129198,$1000-$10K
6PL5ykbRhn8MykhbQYhgF8C8GfNyAf5PKCg61JpXS23v,9402.044402278565,1129199,$1000-$10K
FzVd5XgJqtzZNvDxVDTYb1Ur2EU2LeNjh9oaL3LBXskL,9402.026087558408,1129200,$1000-$10K
FMAVscBDDTa7igYH9ecdwvyLuSyD2QkBXb9mAuMDRm51,9402.009394805711,1129201,$1000-$10K
3n2FKpxRTDv3YpTQ4USb9YwuHhLLuLRGFbZDX952w4bV,9401.991204649948,1129202,$1000-$10K
C5D4btCHiinUDjvfazWMVZZUkEEuDDVCVmLspwLiB6wN,9401.98139889588,1129203,$1000-$10K
3y2CwzxwpAFLVH9NLbTmvaARSFCmFx7eXDifo8bQ4wk7,9401.964874317437,1129204,$1000-$10K
4SDz43EF8gbqQPGoL3ZFufqUVUj1neonXTP9jr5vetNV,9401.959390701179,1129205,$1000-$10K
7ypDkWspDb4bjVBB8WZ1yP7hw5VAsE92vngkV98dh8YN,9401.935704323432,1129206,$1000-$10K
4g9vqBMcox3dRVwtv7sHgWYsiTaW3jJwWBYkdCwxHMWd,9401.932804237667,1129207,$1000-$10K
FWR5rpBcJ5FqgUsJ74oVubv6nYyVGSimx7kP8Cs8GJcN,9401.919501376178,1129208,$1000-$10K
65zQRg112hohw7w2MqJC6ZbiUo7xQG436TTa3FCZRnpe,9401.913170455346,1129209,$1000-$10K
G5pMNpk4h6yxymm8num8aEW59pFRDqSH4YAEYXFNnRSx,9401.890995647273,1129210,$1000-$10K
Gdw19eVWGa7oLWJe5AzNQgsYC6UxnnTaJQvKkSEyXW4n,9401.890349941143,1129211,$1000-$10K
CP18AWEW9tJ7R7J1Jvcy92DWNa4mvkhMdgxreyjogJeC,9401.823251461505,1129212,$1000-$10K
HveFVmtkLCX4xRf5wv1iQkqdtjiLUBDBqu4HPrF5HEhA,9401.818544240568,1129213,$1000-$10K
RcV1Cq7qSuo3hDgUax1qi5RtC9XFGeDwouhVTnR9vB6,9401.816230288088,1129214,$1000-$10K
G7QDYGbjm1eiUcyRx7aPhw6nU9mYizmYvwqKGe6si9o8,9401.798816819648,1129215,$1000-$10K
HuTwnuvnodaZChXcMYz9Cg77EugpUkhSjFmzo1Z4SCDy,9401.786855895143,1129216,$1000-$10K
9fsyfFFczFdTnmmm36n1yeuPMhdfztGhwumXRfYAbYGv,9401.782716771888,1129217,$1000-$10K
efTj2HNdbRQv2Xx7xjNE7oP1WQ2dq3i8NcHB5DgP3E5,9401.747448170387,1129218,$1000-$10K
5GCeoFX1EA6spc2oKGuxQNamnG5GpfN88xxdhtwSTAqJ,9401.746051423374,1129219,$1000-$10K
5fQEQTAkUNw6NdkqxTcPe5dKcXU5aXrR954nRJV1d78a,9401.735929810478,1129220,$1000-$10K
BnpdoFwWz8U8snVESQL2jBx2uG8BRUKAXARNnbwBhcg4,9401.719482263581,1129221,$1000-$10K
HrRexhZEXDkFxq8QjqyEzoE21XUtUc5ce75bkp3SwxaV,9401.714611532165,1129222,$1000-$10K
Aw7sQVuLvGwNWpmWzCQ9fgw5u9TSCfhmiC4Zp4LTurb7,9401.709018039166,1129223,$1000-$10K
7VKNGNXBh2rebjpVDmCXhXtDnMoxmVuVzU9MVWztupf,9401.694190307318,1129224,$1000-$10K
2JuaXb8PxWJoi1gnxSTzKAbjNioxWm3gGuPVFukCEj38,9401.66032912839,1129225,$1000-$10K
En1rDUuFWAH1sD5YbnKrxp5DMdbqWepvVLQmLGkbtHFY,9401.655281116171,1129226,$1000-$10K
79h5vqEYo3svJGF9niJaxCGR31iX4ZbkhPMmmXunGEe7,9401.649698398744,1129227,$1000-$10K
55KVQ6EUkhH5uQwFLPo5ibHMi5EuXQLiTaEm7gtZJzQQ,9401.629217759037,1129228,$1000-$10K
E72FgU2ib1YdLSRA2HQxoVfyZJHMvZsETDAVEEUPueGE,9401.601473575136,1129229,$1000-$10K
2h3aqSNz1fH2aWCnr8Tjm41ELNhTfzYqHSAZxTFH8vDW,9401.592265599058,1129230,$1000-$10K
DMrpj6ruZUmnMKLQiyv3qyvmKdijiRy387Rg3ZYybx8N,9401.589291824237,1129231,$1000-$10K
HEWPhqTH7Yawvgp7gkcRvtcNRtS6ziYu7xt26ebKUmUU,9401.567129966961,1129232,$1000-$10K
5NdpRn8o5dtYehByZaD3j73YWKt5t1vN8FpVVu3UF1Ms,9401.54510637406,1129233,$1000-$10K
JD8vhxJ953m25HfesDRqNsHuG9thpDPv6dSiwkAiGENq,9401.540007198237,1129234,$1000-$10K
2vWuNckS649ay1Hn1zyoVMERz6YpUTsXVWcQnMPFNtTr,9401.532585709256,1129235,$1000-$10K
Gf9Ebz59Mf9d4uy7qusegFVT4egwmUH7hshmsinoLbne,9401.510093697072,1129236,$1000-$10K
CimsTx2CDg9yksMd8eeY3aoyoJ1Ui79Rn7BKdN1dyS94,9401.503338694898,1129237,$1000-$10K
5UixT5qXrL1SoKTeFTX12LgnNUF9zV1SyP14jyuSeai9,9401.490976497711,1129238,$1000-$10K
Boy7sCYv7EWuK9CTPeTAPxwhTyX7nKckaaf4SYnVkdid,9401.484839410203,1129239,$1000-$10K
QfXTM93dgyfpVg6EPyNj5ffqUpzKSu4NDbvGaE7Xsyf,9401.448645224636,1129240,$1000-$10K
9qzeUiBS7DBgXeqMMULFuiVjDjkzdefA94wEg1xhUcay,9401.441832391072,1129241,$1000-$10K
EHfhRXtjC7pEa6TgdDQ8ZVn1vQUsupHY4vj4ndQwnTVb,9401.427294629562,1129242,$1000-$10K
83MJeWorUejDbk8v1aeVhZwukYpi8afY7uZPYtaoZdyf,9401.420599432113,1129243,$1000-$10K
7aZThzWSbEBECQbWcwgwZeU74KVyKpJByUGgs9AUYSZK,9401.378624111281,1129244,$1000-$10K
5dq6uC8KD5PEY7i14ypn5RkYyeg9u7EJF2nE3bua54Ko,9401.36318651284,1129245,$1000-$10K
HRsVdZpKjL9nJR38hNnim5qMt4wgY6HMTRsHj9zZRmbA,9401.362610154074,1129246,$1000-$10K
8kP9KFLXMyv5hLoyHWZXEHAh6fnDdEZmMrgrjr8RCyKi,9401.361658320222,1129247,$1000-$10K
G2VdKxbi4j5biA64KqoV9GCH2mfgkWY1ZHzauJwpbTWM,9401.360648547066,1129248,$1000-$10K
2Hp7vPo31u6nJHAtCnGMTsHjafUc7A5PmdbSsq46HDAG,9401.358764765433,1129249,$1000-$10K
2W9AvGrJ9qauYAAhMkfSWkzNVFtKF3CaDVB3H4NWYy5i,9401.355703206578,1129250,$1000-$10K
HjoTEuFgNJrS2NjRYE8UcC8F7aSt1jhM5HY8ATGQ2RFz,9401.34486366956,1129251,$1000-$10K
EKJqRxgSBLasYfKQ5Sckg7Y3h64YvRE2Ad3tzdb9mhBF,9401.344444486145,1129252,$1000-$10K
4awJex1gA8k1dP8AgiLSascBqrgeiBWjt8rsH2t35oJK,9401.339212684383,1129253,$1000-$10K
8U8HnrpEHcnmoLuLmF7kMJtmHRbhTrcrnXNUwaSDj1Eg,9401.329974920902,1129254,$1000-$10K
8MyEN26ccoBYi7gihU6iwsLvmCb6r9hAo93CwJd66f82,9401.317340457274,1129255,$1000-$10K
4qVm9CouwHjw3CtrXxnyWjvb9LmTt1ThWGeMjbACaEtm,9401.294871498527,1129256,$1000-$10K
E9w1rLVoMadhtGL3qekDxFQYuPknRwkKrYNejrhiafsf,9401.26266527511,1129257,$1000-$10K
D4ZVnzPw2VL2rozfowuFqMpL2JmaBffWe6Y2mh2TiS3i,9401.15845008166,1129258,$1000-$10K
AwCqhE7dNuvRsFk42aRfPRmsekmhjRHVp2qbqRi8tMoH,9401.103190477725,1129259,$1000-$10K
J8VNhhAGJGqAcwQt7MpKMGcDg2RzaTXabrLQwRYhZ4Rt,9401.102178030746,1129260,$1000-$10K
EbzdvvZzptKspCHbvDFTykZuQkrevTxEyikr2xvqs34s,9401.095693564388,1129261,$1000-$10K
8qRXkjZdiEpLqCVeh3JPfYVd2AJNpi28KmvE9amvPs5p,9401.08914946494,1129262,$1000-$10K
7ZDWRydTZGPykDvPNGLNdf5JcxRMWR7uD8rrHnNhgy2S,9401.04479620718,1129263,$1000-$10K
FYdgfERxgCJaZSHSoVrR2FhUXezPEMPvHgNz6zkHjrDk,9401.04266903835,1129264,$1000-$10K
32RtEJmSFvgkZTcMsRkhj7Z81sBHDfUpvfK5W2w8p3Uj,9401.033374158911,1129265,$1000-$10K
Bu3QDkhzSrVBpRoSDVGt5y2hvaq28TVRkMc7iANoijbz,9400.99690645988,1129266,$1000-$10K
645D8nr7FWJdHYpSyT7TfqiR4ZTSBkF2NKvxZRDgbAz5,9400.995413451248,1129267,$1000-$10K
5xcj7BxFaenUZYWW6sGkTnmMkWE9zseAbFpMmvhK1F3t,9400.964980172319,1129268,$1000-$10K
3soUyM5UzV2GAijXi2e4qumarrX9doiXDQppB4ufr63s,9400.959358717279,1129269,$1000-$10K
7NZvxejWzrNLa6y7Cur3pQ2L9DH5DGhCkE1xsFc8MW4D,9400.94755892373,1129270,$1000-$10K
DcmFhZLbkepsnwDCgSiHrWXmVGeHbQLd72KKD8az8kNc,9400.94,1129271,$1000-$10K
CLBbbXZ1HhwdVScEznMcrMBZFry82xtGTnLPMpEdianP,9400.931407085789,1129272,$1000-$10K
F8MZWVGvyLq22RA6KZ9WYgN8ozknVE7ya8uuYBkMwwwT,9400.912403065282,1129273,$1000-$10K
DuS6ceJSb4WCgZwh3jmDddCKQsUZM3xBsXQ61sEN3yos,9400.91162418461,1129274,$1000-$10K
Bj3KY6WTfP1gC6mRfABe74wPEvsGbFJEpJJvF1hFU2MT,9400.868732252886,1129275,$1000-$10K
FVWy7i2SVfa11DiYak96neBbn5kvwjB6HS1oeyxe6Suc,9400.85289120288,1129276,$1000-$10K
53VHiVZWFpHZsZd3CXaxFDW78J7hJLDxDQBBMYJEgmvf,9400.840148764231,1129277,$1000-$10K
5uE3iK7Hdg8RkRuNN7A1dfc6EF9CJiWA2UR8se8EytZ2,9400.82559657846,1129278,$1000-$10K
8HupkP911BGuGoktVwsPRvDHVjzVpHcZXDP6FqA1dgxY,9400.825461370658,1129279,$1000-$10K
Evxs9YsGact1Geqeb3YhUzK6hgFxF1Qh3ddqaHMxCHEk,9400.81438190319,1129280,$1000-$10K
9wjhqHpGvQ6HFFed2iLH9qAZK1CvJB4DXrpY1MTubxHo,9400.790337380236,1129281,$1000-$10K
BL61yXD9s63pZhsHyJsR6DE2zmk47ktXuPXGdmoQTGQL,9400.78959435851,1129282,$1000-$10K
GejQVp3Af3R77ZAMRzHAAdaibRPp5pS5E2bxndFSWjmC,9400.779785368406,1129283,$1000-$10K
7sjXXvpejidywHf9h6fdU7Br3gqKeAx8MHR7g8GBH1z7,9400.752014145522,1129284,$1000-$10K
6vmqHgvN2T8T96zSHD8ip7jTbsBpthr8oFUHxauCE82p,9400.748022529648,1129285,$1000-$10K
5fycb3k1DFymHRvFgyttDh27hwAf1jRMRrMgLGGpXKnU,9400.746579321318,1129286,$1000-$10K
Ae3HzyujoqHyJXTjNBiTE2EscCw5LASLyhJwCVDxMur1,9400.733012438657,1129287,$1000-$10K
9ToL1HambtfjgUSh374NiJdqwLjuPHoECQwy4J2S9mQt,9400.71853533207,1129288,$1000-$10K
4wZQGgQUAWcsTeankG1amHr7LZ8ggV4NgCKFepTtotZE,9400.6594787582,1129289,$1000-$10K
Ciw9iZuHCuf1G1nRUh6jp6c1ZEdWivoFJ77bAK5sjE4E,9400.64897168486,1129290,$1000-$10K
Bjc77oFw6KQx33JAmZnXroBpdas9jV1PZ6qgfus1WqSk,9400.641304546589,1129291,$1000-$10K
HJTPhgNgNrTa9HLB4WLs2NR3LXpDto4Zy2UXwWfZkbQu,9400.629898543204,1129292,$1000-$10K
CjxKxntQJuYnpru5Z28VrN318VEriCWaDijCeTEsRufk,9400.60628104282,1129293,$1000-$10K
EikrVnvsYzvMmVCh75kAknZSCKkX6g2Bm64tyikPQsB6,9400.59595517457,1129294,$1000-$10K
3iUT6JP1yBpfV1KfGnDfkVGEnQ6u6Dixhj4zFUrHKdHg,9400.556562379626,1129295,$1000-$10K
Gyx8HUVnEj36cR2vZUZHF1K4rV85TpARyQdk5SBNTUvA,9400.50999429451,1129296,$1000-$10K
6nnbmhFv1KwKrCe38ZZioMMo5Lt9BNHLNo7JYQmLxeL5,9400.490949301824,1129297,$1000-$10K
BqHdncUWxqTtSYUf66eUTU1QP9n4fzG8rorKPdHRHXGt,9400.48410612424,1129298,$1000-$10K
4zN5VXLnnAQtPgyFKqRNiKR2er32q8F54NcWW33muMsC,9400.478833273104,1129299,$1000-$10K
5BVLV7LtjE32BogvST45KAzbDdD8V4rmd2uykMLa6kuE,9400.471060036349,1129300,$1000-$10K
CGiZkckHnDRe31Zfq3xuJdV24mqRbffQmp4zaVmqwmSb,9400.471021322679,1129301,$1000-$10K
8D2mfMDdsZSqKM6h8dvpCPh5fJ9b321rMGqbMN33aQUR,9400.44736641888,1129302,$1000-$10K
7YDHrY1sR3nvuGQ4XmCM1jK8PGwKTVFrQGAgQrv74YXr,9400.446158706578,1129303,$1000-$10K
Au8eCrydd8wbC66tHMLcjiU3vuEPUGpEmTWZSqM1HHZu,9400.43913551511,1129304,$1000-$10K
AvRpgbMcqffyGdqELPTD9UdFnEcRTxyyX4GYff97nTsB,9400.428409163142,1129305,$1000-$10K
A2brAVtb7Ak4jhX4dc4B9NckkneX9rHbiitkeYLGGk2c,9400.422912844488,1129306,$1000-$10K
DUL5SrG5W1JFBNTmrXLmYui9vard74diHkhtXv5whaQc,9400.418368775774,1129307,$1000-$10K
DNjxEyPyuwxt1N9PoVjTsf9wAjQNgiXfLBvo1BQzP6aa,9400.401995305609,1129308,$1000-$10K
FKgyU22egpT7n5zHwQu2e8MQEmzoJ8jBH8N1ABYSXxBx,9400.325930084387,1129309,$1000-$10K
ENAPwn74HcfnSZsV45ZKpThGDUmwgpLoozNtPHGUPUPf,9400.31145268545,1129310,$1000-$10K
CC8acQL2ZJpTQxpFMarAEhsF6JxLiXVJba3WurctsPbN,9400.310320077135,1129311,$1000-$10K
A849MHjgFU77sxGek7tTNGLWQ2SWngpttTDVaRB9xGU9,9400.281791837722,1129312,$1000-$10K
3R8EPM5ZeU29k8y8hr2YTSxfeDmmBFMY9wDJ5HWL8ZRz,9400.28165998332,1129313,$1000-$10K
BampWkVcZMniAs36eyVQ2HnxviP8UHSQWuL4aWA5R6tL,9400.256894451548,1129314,$1000-$10K
BrnX63w59G16HCHPYtf3QsnJYPWF3DoCjGRyBULWgkeV,9400.220985715387,1129315,$1000-$10K
3Fv9apE2F9S2Fg9Hy4VZWgTGJNL5PNJnWez6boxyAWgs,9400.218492113,1129316,$1000-$10K
GL1ydmucLe5Q8frrReK4KQnNiY5N217gLb6jQbubWzej,9400.217752977507,1129317,$1000-$10K
BL8uvppzEFgZwqH3RSr2JbdkvKDxBk7xAfDaPn41pnzw,9400.21389980544,1129318,$1000-$10K
BCjKJ1oDYxAw5uarVtbjsgySHXVxMR8mCXDBbsJVzWQt,9400.180002148883,1129319,$1000-$10K
8eVDDau8bUAfyp4yoqCW7wbfBjesSQqY8CFF941z5mT,9400.152084233228,1129320,$1000-$10K
ChWQgMkdYDcrpVwF8E8PdxxB6JKfRHTZKpLgRuLXQNuX,9400.150225081943,1129321,$1000-$10K
37QWgDXCQHwXHRcWbmVYt8Di7PpNxSV6KYXKQd43Kc51,9400.141360729536,1129322,$1000-$10K
He2sJJdHRbwsa33kkonajM5Tuhvd1d38XsXyLwn18vGc,9400.139678877533,1129323,$1000-$10K
2BqZEahDC59YwVc3W48F2q4y4hQLGvv8fa6oviGQ2Muc,9400.12427654657,1129324,$1000-$10K
EswsVfs3UVV5mTRam1otgwhxaKHLWWNmoGN8NBGst5J6,9400.119193764669,1129325,$1000-$10K
FGeb9ezNuYMCrYLrhjjDJwEPHx9h3MjboQZtsWnAYmgY,9400.104030292146,1129326,$1000-$10K
H5xydAJxE8a5mCX8obyFNEmWmU5fL45KoK2hjUTaasJW,9400.080079500092,1129327,$1000-$10K
2zssEL2WcJy2ZohoWYyJuCdvWTxzGipD8Wf6Jp8rdWRC,9400.078487301873,1129328,$1000-$10K
FWVVweFJafa2pNALXMCQBFxEopgaSLvFoidTsUzPKg9c,9400.07740616822,1129329,$1000-$10K
Aupa3uQDJJGdjJhGovATV5qC2P1ok8iP6rG1QsgG2mD9,9400.041394069514,1129330,$1000-$10K
V5kfFpNfwf83y7Yn3qQEQLKBNSVQpPUmpLy26degRNR,9399.997749653454,1129331,$1000-$10K
HeVkQLc83164zkDGwygaNuw9LFbNygFwiYX276Xwwvry,9399.959882004965,1129332,$1000-$10K
FTufe2faxteMFQzNo3Vkah9pMSmRqCQtzPMtm4bq4VK4,9399.938086856613,1129333,$1000-$10K
N3SpoBFgdHHan1xDXcVFp3iZfVS8m9JZn7hHjNBLrCW,9399.919712055942,1129334,$1000-$10K
3wWNAGedG1rE8nv4jWdzBEPaDrYpZNBTFjrjVsn66jsT,9399.91316999938,1129335,$1000-$10K
5DfbAGBc33GALB7fcpXD4Ft3P7YbJyZde2JjjtPJyh7B,9399.912053130769,1129336,$1000-$10K
9BfMUu9VFmBRKeGiCN85AjbYxgabpVVLDFNr6VbK26qe,9399.896358057427,1129337,$1000-$10K
9gPp76K3vHst9zg9EcRk4SFEGnEeFGs9YdmyC4KRCnZ7,9399.88888198622,1129338,$1000-$10K
GFirJyXXdxTjjoxsXm2o4iBRgNBExghWoAQewYgVN61q,9399.883237064618,1129339,$1000-$10K
8WJZB2wivmHGAqP6YDx9vrqXH6wLTktEeYpPkFpNkNVs,9399.874161120997,1129340,$1000-$10K
64yBeMF82rLmRDJTpPCrnLrJPGCqRyMqNNEkD5HV8f9E,9399.865182424468,1129341,$1000-$10K
Ced4oddLQtgErxEpnMHJyAcKePeuqkW5DRbeFbJkGkdS,9399.859548346883,1129342,$1000-$10K
2tUBHHybzYwrE3a7RmV6TeDxgLRFJgP4N8jf9LbC85y2,9399.75695612745,1129343,$1000-$10K
FA8Vm5TTaZ5XAQto6TPJ2K8ozf38QvQVo2ACWTChTo15,9399.726788393746,1129344,$1000-$10K
2iWVHjoajVntiAS4kzAGqdVd7nX5hZn6mVd8H6pxJPZb,9399.715149455113,1129345,$1000-$10K
75TtUrHEjtrVPGu4mMKSoxqgyvZWeNWLb2piwHumRY2k,9399.710096481787,1129346,$1000-$10K
2A6153f4jjYwBYvmpNtETFwqsReMk1VQFgP6qrdenMuX,9399.705191972569,1129347,$1000-$10K
B1xqZ3BYggTbbNiMNtzvnxpQw2nBxK1ioP4bekS2LVEG,9399.699990030382,1129348,$1000-$10K
BqeKdFsum9jmMfSzucTdUtpekATjGbA7Q367jwuy9rmd,9399.693667747655,1129349,$1000-$10K
CW4QwLEkMPxY5VtKmwdbkHwKSqvgNXEBbnqBTcRS5CjU,9399.659031078256,1129350,$1000-$10K
2V5ov2x547jJgfAAhH4NzhAWUtqkgEYgXFvaqoCPcFU2,9399.622385967314,1129351,$1000-$10K
2joibN9stRR7QaC9MPPZCo9QFzPHbSGq7NhvywxbXRjY,9399.612179958935,1129352,$1000-$10K
vbeFog5zhor1gXRHTF3MB247tenv41aMLr1NppWu15L,9399.607869228292,1129353,$1000-$10K
GLM9oEFFRzpwe7bn7zUg7mDKXStPVreydGU7u9xwaj2o,9399.600447418685,1129354,$1000-$10K
D1YGRcp18K2Zpqh5ZNaJV9QKe7apTg7T2y7t826rcgub,9399.551815464247,1129355,$1000-$10K
GfcCioS8dXkaCsBiLZFtEsKYYDPfdW6vAf1VV1nbY2sm,9399.547344703597,1129356,$1000-$10K
6m6Vhq4HNvM7NfAScc5b8H6sb8oMfiz8zANrovG3UyNx,9399.521477905166,1129357,$1000-$10K
9DHfNaXszNzEKzoHoVZiH9v2yM5q6vAFVkDCspZPgxCN,9399.499257252046,1129358,$1000-$10K
67dfSDjMLz2HQEkTpSExCwPU5pcMLhGCdyMomCmQCKmH,9399.461099419323,1129359,$1000-$10K
HfyxLEDRnYQJDdyMstndqHTTbxw52qvh6rwknD8PP2U5,9399.452211882795,1129360,$1000-$10K
Hn2yfaJhncFtwLzkUR9mACQGzyo4KY9HLjP7QwcjPrh9,9399.4475051549,1129361,$1000-$10K
3hW3meXXG7eQzu88Yv5fVXmVHBfZ1aPTYm9fbGLH1e2h,9399.443921539301,1129362,$1000-$10K
6F32MQ41KiwEMrfD8WspNzNakGWZjkXrqen1RTkxLt56,9399.44297803341,1129363,$1000-$10K
9xDcBiobjLwjzB7rgYMVsCdi3UFWyZ3gFk8M3iDK6ZZr,9399.40458606261,1129364,$1000-$10K
3fFx6QvUcmXfJwvg3ZpAwiwK4NvQQ1syTdhS74dLxpTv,9399.400516657286,1129365,$1000-$10K
7WVMrxUgAG2mhFKAvqAJFx94BSSEQtKqEYv4V29AcGWb,9399.397083020698,1129366,$1000-$10K
4ZxL6mGNZbPXADP4FKbijNy69sFKZvyVNVLFiWsQDT6N,9399.37101996294,1129367,$1000-$10K
8Ek9WuHdMzFQmrsr7VexLupvKnH672H8EoCw4srUyTVs,9399.362065387506,1129368,$1000-$10K
6tmCh59NrJf9RDqtEBMCGQhu62EpmS79yduJjWDPHYkn,9399.353599307036,1129369,$1000-$10K
B4Lc8an3Micq7JTmYqUoFyEEZDfsusAZdmSMjuZsSFQU,9399.353017589014,1129370,$1000-$10K
HKY1moSWDZZdjneewsiGUGxVa5oZy5wAet9sW6fTQGf,9399.344628730083,1129371,$1000-$10K
96UZhKdWz4AK1oUB4MZMigvGJvgVZEYmBkCq9pGdqdUx,9399.34364137179,1129372,$1000-$10K
9chuH4DqQUWuPEGWqQ5otZdpzr2meuV3VF2sVxYJ9gsN,9399.337828541467,1129373,$1000-$10K
GZFmBdjiVudCbgzatLNnsd5jJoNLCsWE34c6DWiXhRcp,9399.331350938428,1129374,$1000-$10K
YCBo1B5ZN5NCaUZm1tXbPuKQciQCcmfV65BzXgy2FSW,9399.319875584188,1129375,$1000-$10K
8sfG1NfU17mHjEqemMEDdV9nWssgzQMz6BypnB25yDzN,9399.25493552166,1129376,$1000-$10K
6C5GkNmk1E5rjFhBABK62moEBy5Y8P9gek9Up8KDda2T,9399.25010605593,1129377,$1000-$10K
7Gvbvyzn2nk42BCf2PcYJ7LniLDg58VpVtcBfPtBvvE6,9399.249102752301,1129378,$1000-$10K
AAGDPBYz25e8UfYyT722135df8cyU6oc1XPQq3VNVhHZ,9399.247050291588,1129379,$1000-$10K
7Pk6eUTWHnW8Q5HgZgD42gYBr4wPBp8s7tKRgAi4CPJo,9399.229763271629,1129380,$1000-$10K
7YRSXHd6avL9ZuG8HVRxVihXwLoNZBnY2rVrGatcBCps,9399.21959985488,1129381,$1000-$10K
JCfHUdYGVp96pbQ5mWTdNP6Rfw4gcDmxYVhYVBK4BJuw,9399.210571379406,1129382,$1000-$10K
GnNqRt9gjnmJmGJfTJgudT1aYA8RPq9airXvjTnwaeRp,9399.207696121492,1129383,$1000-$10K
AG2Yw5QXM9ajbuTPEnuDqKzFj5C8AAXQTEKM58wD8jpq,9399.198933241329,1129384,$1000-$10K
Cjdwgm5NmHApvyBXhkWM7Q7jXfnaBotm8dKkvfyqDD2M,9399.169854471682,1129385,$1000-$10K
nHeyChvPQk44Uyf6ghNwpmGKsAEXHWgyQJWeBVThjtv,9399.153360942599,1129386,$1000-$10K
FR9eYxXys1cbRpEBLCK5a8eBDwnsG3HWX8KUerpF37HP,9399.131112926949,1129387,$1000-$10K
6PXDBb1q3s5XnasuiTvZGssUzkLr7TY8QSXdwgL5Jk62,9399.121165655353,1129388,$1000-$10K
FXXfdQHdnkZqqAAapeye3rEhCpeCtSrrcXifKP7AVyY1,9399.097982088168,1129389,$1000-$10K
B6qXQujvpXQHbLE3uKDP2vGtAtdK9gBy7NrQWsQjYTL2,9399.08602740478,1129390,$1000-$10K
6j3uoYyE6WPCSffsZPdosKrx49YCkAXd8AvRAMHh16HA,9399.075655025554,1129391,$1000-$10K
HzYyGaMATegrm6NyjWzfcN6W3CAMwukCUm3JKe3NaRBB,9399.065626257197,1129392,$1000-$10K
6SdZViqhkk3TdxTSp9vP1nygUQUbPMddvMdCvYooFaQU,9399.057719467472,1129393,$1000-$10K
GKDxLqEt211emPu1cU7Vt6YSZZ5TEiPWfYRuvnrhmEKd,9399.037239719633,1129394,$1000-$10K
FiYUACQ4HU1PNXYDf8NRrhdt1WQG4ATTKFS1yfsH8jKG,9398.992042667405,1129395,$1000-$10K
C555zZWYfTsGu7wmMAVMKsz78FRavZN1zPJzwGV66qGL,9398.955514973197,1129396,$1000-$10K
iF1YqGUVpGtGG8fm2LKSVPb9TSXEBe9UXfgWkzteya2,9398.940151071662,1129397,$1000-$10K
61YfLmSBihkpsXvdHg5L3trh8Zvvms71rVxnkdpeoS8A,9398.937736470227,1129398,$1000-$10K
AbV4nDL1JQZ4KMF129zsZBZceBVWQvPhyBiMt8TfXTq6,9398.937576232955,1129399,$1000-$10K
9UU815my2rNFHNP2oemDV2uDHXoW394UbhyfdyBShc6n,9398.934728993767,1129400,$1000-$10K
8rwh2R7rPGKNBn5SMPXQE1Vhot5xqDzZhMDh18zqtcc4,9398.928654503241,1129401,$1000-$10K
9uox429qCxqdpJWaNhdN5i1UQ4eHnAGfs33MGEAgzBq4,9398.923330577385,1129402,$1000-$10K
AanFKD4BPUnn5fGSY5rqTERSANb6Li8UEgWY9EY2d86Z,9398.918246141602,1129403,$1000-$10K
BZyhxKVGFDdM8htcnu78dA2Muz7scDsyoeoZ1Sw24GSz,9398.916492365937,1129404,$1000-$10K
F3GDtrAuvp4iWrU6TYMaW7khoD4h5cBiPRnLvzsRyRtW,9398.864984617152,1129405,$1000-$10K
6e7GxDKJz4reeDbG3Zch1yGTVLJgNQNpXdGKKnb6Nedt,9398.82462279835,1129406,$1000-$10K
G1xJnWitTst8BPEsCtSJ7ecT8zRjrwen5UGpvStU57mR,9398.806588936322,1129407,$1000-$10K
5mNdnoT6FMR39iucjidCBiBB2fp7UirFSSQkG43oD6Lu,9398.749446558058,1129408,$1000-$10K
D7sbj1kmHrXmehgMSiaSA2dEMs5aDvC219cGDiHPXhkr,9398.745010260824,1129409,$1000-$10K
w5idz34ANCRUkpUnK149nKJYgBvfbXg9pb2yXs5GzbK,9398.72940956914,1129410,$1000-$10K
7BiBypb5SEN95fuauTMtBqRRAR8CraTHaem4rU1717vr,9398.72265611962,1129411,$1000-$10K
4UQjwStoXMZ225dTCpW2YdZEo5NmvEfSpHQ91ZA8m2zJ,9398.71709026892,1129412,$1000-$10K
7eKEnDRkFiAr1LjTkBMRr6ZctuNSrLRBGfugb3LSVVrX,9398.684646339225,1129413,$1000-$10K
EyDtwTvS7guWke6pgAEzcLBGpH8fKjpV6Ln2Tc2JbHR8,9398.652747095599,1129414,$1000-$10K
5GW1r53MkcSaSLpfzqscminGvommHpsMcUwai21cWALe,9398.648881876261,1129415,$1000-$10K
92JXj2pWSN3rvN9wbuWFhFFTP3DzdtPKbmcfKahFk3TQ,9398.575530510936,1129416,$1000-$10K
Avk2HgXyK2YAFrp2dH371X1NqtXHjutekCkfHhY4H38n,9398.551623153802,1129417,$1000-$10K
EZN3hKJLab6WDSjtjx7AtZ2THmtXrdRHUMwXtoLHHSSS,9398.542398738715,1129418,$1000-$10K
6yzVUph8TNopaRYExXhiQyTHLnTzBo45GB3zjAJDH9Bq,9398.51775984838,1129419,$1000-$10K
8vAwzgnFhekkW4591TFADVin5x3L51DEroeDWSMmHvj5,9398.47135985986,1129420,$1000-$10K
9p2QHoogSPm9VE6125na3y5CW63Gtp7b7AbgaoM7oo2u,9398.430173890018,1129421,$1000-$10K
GS7o5Wa1CoTqnookr6GhsXUhJhnGhxHWsZ2x2SgmH2DW,9398.42187254068,1129422,$1000-$10K
E97AM9XQtiEqRuMEVHwFaL4feuZtrCdvPLWAD5QEPe7s,9398.398653840639,1129423,$1000-$10K
J7fY6uN2PnCnPqEvD2CLV8WcQacXF4d1HpYYB9zjocAk,9398.396969063346,1129424,$1000-$10K
4DBJFckYfEjqXPdhNfrjHAwNa9zeFSKwTdvN3W5X4o9A,9398.385041335092,1129425,$1000-$10K
GnAXziYdJdseFiAcmJ2YCte1Cy3PwDD6wvGEFGZgB3RL,9398.376328205368,1129426,$1000-$10K
6LBt1XswdkLU6TB7saHcGu6yx7tiuJHzEmK2L6YswCL9,9398.371619937065,1129427,$1000-$10K
G4wmBZLw8dZdmQgSg9NigFntXx4ArYBk8wUWQ1yxePNH,9398.352732677628,1129428,$1000-$10K
T1geC747CArKaSn1dFjbKZXxsNdwwiQ2MUsWWXcvZ8x,9398.346779346208,1129429,$1000-$10K
EtNKG55KuphURP5nKiYBVn3gP6wDkvTk8s7MuJ2byrUV,9398.344336491311,1129430,$1000-$10K
5LXPmvrmswZQ9oAJaQdW8jPjoDjj93JpZeWfUgNvL9tX,9398.293729097915,1129431,$1000-$10K
7ZB7ppdBEcWdxHSbDDBV3VTfcGJ2dyqWZmfKLannKgex,9398.282391760038,1129432,$1000-$10K
B2mnFL8pbxTLVQT1pfV7Pr13YaqcWJuqrSVBD5t1vwVh,9398.268994700462,1129433,$1000-$10K
4vPUfwWAGtY8SJryfP5PYY4i41RjTi9mDmXT1ZjieJBK,9398.248629539456,1129434,$1000-$10K
6oAjsZuWhC8dhJYiSSErXRNVZG4RfFpGfutbkFgEnEPu,9398.237205885633,1129435,$1000-$10K
A5wscmrdb9jpDgDy3jq87CBysP7ZB9TgKf9ueYpJZHb9,9398.233874214826,1129436,$1000-$10K
2Ah3KZU3cv4cPcVfkAqmcB4ynEvCdcaHX5Q9yjrD4nyG,9398.21113828661,1129437,$1000-$10K
AXawEyKh55ua6MotRQs1c8XoxL8T5XwKpX2TiF4J6Qjz,9398.205265937355,1129438,$1000-$10K
3uzUa77Lgowc9WErHCVX5NXi6ff2GakgtG3w6HMgXr1R,9398.189594250618,1129439,$1000-$10K
A6VmVCaHPe5D5Cgt9vGJkqRza8ww4Ck6gs72MAnwK9Sz,9398.182329092178,1129440,$1000-$10K
4Yf24TQw3aPDbrVEPdohDhkT2hHDUqnBEy3kiZfuAqGg,9398.1806,1129441,$1000-$10K
D28sfpvUYrXpJs7Q6FmcmR3pdAzgqvGvrGMa8ghZ9NwM,9398.17898261711,1129442,$1000-$10K
Cdx3LCtHyjzvYsB3vLdVy2gd1mZ6pK7cJwDMZC9ZhRVn,9398.150976263238,1129443,$1000-$10K
9CbydiqGg3ZCa6WKpW55XvP1uQkGCGXmLCz2dqkvmf9X,9398.128423370621,1129444,$1000-$10K
2RaRbr43S8GMmjPKR1tni3JkmWxfXjfEWijvEiVe12DM,9398.127443557432,1129445,$1000-$10K
8fUPdgrQhi2Wtqi622pFGsp5zx9Ys56LvTAJkDTabGwp,9398.105188782323,1129446,$1000-$10K
8BEfUkX2zAmdRjB1uWXoV2Y39uSoKj7sDKpzhKhZcj6j,9398.07720669256,1129447,$1000-$10K
8VxfWrdqzhqBGHpnER5PaxWpX2wMqtSUsRsbg4j4kdnp,9398.075397261493,1129448,$1000-$10K
5neHVV3JV15QfopNzfVZvP32uv7Sy1BBbiNGY5KwUdRn,9398.05128595209,1129449,$1000-$10K
8NYevJ91CMDpk13EkVvDoiwbQYV8pptBhYNbSHdojmKS,9398.050603198,1129450,$1000-$10K
9nmGEK6BZQMxUu3CdHD4Xjmw5BD9WiFyvUnBaRCmEN8J,9398.03368788346,1129451,$1000-$10K
3JfKBLaBjHaJE3J7bVGGVyAZQ2aaezw192VFJaK49Npk,9398.028926494939,1129452,$1000-$10K
BuUwrSsEWioxQhKwSssspZwwGKmJA3grydwdxuTBcJfk,9398.023615427115,1129453,$1000-$10K
DbRRQuMindvMxg6giNokJtPjdFXGZ42TGtURZ9FDmW4E,9397.98821359779,1129454,$1000-$10K
4xH7xYqCq4cviKvtEg1TwXPtHJWTdnHbwRu5a7P3tKEq,9397.968673663217,1129455,$1000-$10K
649s3uGs6n5JaRSMDvaBKEobupEQvXCAJRgaU5otjYkF,9397.922742137584,1129456,$1000-$10K
AzAvGHFhzZRYfyJeTNip7AR9BxkS8ccK13oWB5jghB7T,9397.916833051999,1129457,$1000-$10K
Hv3ryZqS72GRF7aye6fidzT6yt7KTn5876T96TMva4gk,9397.861190355514,1129458,$1000-$10K
DR1bRiZfUEuaM7BFastnBe1eKQKip1wJpLqjFTMHJc9D,9397.82382461887,1129459,$1000-$10K
YFEx9vres8diDo1ojVgUk7zxqjoiRixr1TmS341Tw9C,9397.821213511721,1129460,$1000-$10K
JAk9HM9RibcTHUrrPQVt6XFuwe71vEj8iHFjrbAL8k1s,9397.817856578358,1129461,$1000-$10K
2Q82gE9R5E1LcVLCDvYr2DQy9P2mif8wqCR4NRpC7mjX,9397.751109495432,1129462,$1000-$10K
3deVpg4LKHaaGyV37FhFzFhJ8Sypp5d2kd1ugrHVgwtY,9397.7036241944,1129463,$1000-$10K
AqeqqEdh4JvYFQ76UuCSHGApdpVEJZU2KnAf7WjBRWmf,9397.639255073816,1129464,$1000-$10K
EWpBiv3iycEZBVHBqfQs7cpddihuHDmoqiJczwDpDJpr,9397.621749852668,1129465,$1000-$10K
BEZRAD6g3rZKY1KuRNN7iqWfBFotzKEkuRMAMQnNZFBT,9397.62056208601,1129466,$1000-$10K
7mCNj3su6T9vVHVXQpoh9K1CYeCjyhmRaGgp5wegf6QR,9397.603951953117,1129467,$1000-$10K
Da88GvPUhWLaMU7YmuoSnKsZCgVv4b1GN8WCm29DE8s7,9397.602074834387,1129468,$1000-$10K
8kYsFLsVkqbWTp17yHgaxAPbWMc2acGoeP9Wo9H1KoeG,9397.594045925422,1129469,$1000-$10K
5hPBK1TaeoWtYuBJ1xnDXpkb1T7s2vk1nrV7VoTMeg5k,9397.564186387088,1129470,$1000-$10K
E5hU9a5BJhQu3E2L6oNakbashCdRTGCLf4c6xD6MAMrt,9397.520134546012,1129471,$1000-$10K
EuCpVLLH7jDoQUvyhwAo7KEHNz6bpabkdQ1LHZY4jSiY,9397.519584648238,1129472,$1000-$10K
DTFvDNt31jWDGMZcg2gvvwxgKwwH1s3hggE2zKnGYaei,9397.494876760025,1129473,$1000-$10K
9voDdzYFsusrBiw2Nn3SSQjQgbKFGMTytF6osduRTkdr,9397.476227926043,1129474,$1000-$10K
HChcLGQ7kx8vUFKYvFFHjUjuRTsu1tViVEsCqMzw7dak,9397.466764033677,1129475,$1000-$10K
AKpeawFxPC2J2fzUzQadfZyFJhfk8RAbFstJKh7B5hM6,9397.454085700007,1129476,$1000-$10K
EcM4dBgDL6xSSrRdQMnFeFXr8hPcHNLsoLnX1d98ZA2n,9397.446858861214,1129477,$1000-$10K
5T2dE6npSV4zsoS4SEhUSscfAQ3h1qv2AvjJPpxBPreM,9397.443197944627,1129478,$1000-$10K
4T2mugZxbSb6RYgNN6gNXzdtfgruGTs1JQE845gGRhvA,9397.398997011042,1129479,$1000-$10K
C8WHRJ1JFK6aTW1LE6D64BMKMHSt35Cq2W7wYWhKA5rX,9397.378217771336,1129480,$1000-$10K
GP5qJSGY3CDeCqoQ9wBKq4yNAPKmUkFtCcpikEEy8MSf,9397.368237142795,1129481,$1000-$10K
7U4HXCMqatcT8ABY88P7snRmeDSsHaysBN9VVdKWEREF,9397.352067531961,1129482,$1000-$10K
7VrxzNoZgeAnWgcKNkPTgEhieegFD5LzyrEA2CCYrH2Q,9397.351244637599,1129483,$1000-$10K
7iDVJetjUk5uCH11mbk9DQSvhi3eghtKHNf2YapkqHnm,9397.325877220745,1129484,$1000-$10K
2KbxNXpb2FBdR8mZuT7pc5PRnBxqeg7JUrQdz91kW88G,9397.322096854446,1129485,$1000-$10K
9Z8Z94eu2S7mY2ztMGX5NGNvWJZ1ZmGUD1cvaYWGe6T3,9397.307719851902,1129486,$1000-$10K
68AFDXJUuyZpdrReP33iAe2SLVCmZimV8zyXVS8pKScq,9397.307058939052,1129487,$1000-$10K
7TiQ3mGAqQamkvzwKMdDvxo41WubYPrHK6BFe23pPRiA,9397.29910640007,1129488,$1000-$10K
4rGLZw6NdTv47Jc2cuZNZL8BKWGQAfHdG8dk8nTMkryT,9397.281145998431,1129489,$1000-$10K
HF1ZwirsfdDQqVzFw6Sx47Rfh5nvXhZzGBZ9jQxH29oT,9397.255990971498,1129490,$1000-$10K
8Xs9UT8qcUdDhh89ScE4ok4cW3vzPdaRKxDa8KXwRJaC,9397.241101473279,1129491,$1000-$10K
DrtuZEA7MjvfYUQo1V9ATfXem7K7ZGNuYGfMCGyNicbg,9397.208454076357,1129492,$1000-$10K
22H3nrQ9jCx5qTxP76JF4g6F5LxFcwMCrJjoLwuhRBpH,9397.141663585126,1129493,$1000-$10K
5mMG1Wr7vdBj7Bfqu1HZboTvdeLo4inqcj8Xmi9o7ato,9397.134137042645,1129494,$1000-$10K
5Kf6iZu27YB4JaUz8tHS71PP8rzBuVhk3LwT3NH6mZHF,9397.129021551811,1129495,$1000-$10K
6gcJHGE4DpTu8rfqSiMe4VpWm9tsDVu5VuMCTXacSUmY,9397.126802960076,1129496,$1000-$10K
9Wg6KBho8sKxUHdq4t5PngcUySE5S4vdzvc5qG5QQWEp,9397.119365724673,1129497,$1000-$10K
vdBtMnAWFGAkgvSm3SEjFTt5CaK4KFkfYgn6bddLqaX,9397.09471251227,1129498,$1000-$10K
6ndGjmB5ZZq69F1cw9Hn85WJbuWSFRS5HB8TimvqLg51,9397.05381970614,1129499,$1000-$10K
6YqV2pGKWBiBoS9avhwe5d38jz5VWiM5w7LNXBR6L1Pd,9396.990796472472,1129500,$1000-$10K
5tJVGjrJJWQZTkz2UWzNpFRMXogWtmk5kiQZtX4HoiL7,9396.990227657741,1129501,$1000-$10K
7KxgFcmM6KgY9W2jU5fr65cN93sxjjv1uHJZKfeodfj6,9396.9896876486,1129502,$1000-$10K
7MBQZ65LVG96urm6587CuPoL11DWSEYsYqZ5xs4aCVHF,9396.980420977301,1129503,$1000-$10K
GxrVWfg5tjcC8TTd8bMfeTp1MeKf9WwLUzVRmDKAeaVP,9396.971328543235,1129504,$1000-$10K
EZxw5xZotEy8cXRaw7WWCjZXjYJhVdUbMCWgn1YpkHmY,9396.961177535912,1129505,$1000-$10K
CaCTPxqmh4nEB8AzE53Ko4yKB3ChnLLtJMMxXBgCEHiE,9396.957745361891,1129506,$1000-$10K
5qMD4moP4Bgf3yN5tcTR1ECa61AV8SZQETCWfbPfjLg,9396.94667609701,1129507,$1000-$10K
DYwNZmuUHVz1gRisXRUjt61JHcJXEfR5yFYSrcvos8Lo,9396.937570133272,1129508,$1000-$10K
2zdJHNfYvBUFTjPb4B7qYmZch7Qg6n8ytVkLQaKgyESg,9396.92122579268,1129509,$1000-$10K
H91qR4AzwPTETqoNivoAJPizdvTffhB6Zr3G5WueaQW6,9396.891242587228,1129510,$1000-$10K
rDKRwKsJz4yYdFiGXskQ1BaSBNVS43sp4K9J8YvDDFS,9396.86111739826,1129511,$1000-$10K
mJLiAvHMq7e5wAUAxPK9k4RQN6xxu82i6g1p9JF7dwy,9396.859264596158,1129512,$1000-$10K
EJEhEBx3ooBCiA2PXLR7Cfs13LRFVP34gi31D1UmWBEV,9396.848078267107,1129513,$1000-$10K
CKxUVFsVmgZ1H5uPFdiX39oYfypstrWkSm2dRE81BR3x,9396.846312893373,1129514,$1000-$10K
A2zT5pHgEZjyA2DUpsBXD4zJEjcGKoNMzSLVShCdzUqi,9396.829530147568,1129515,$1000-$10K
8Y3btQtjeXV3nCwPF2U7heDgbZKvnjvmdnxQxuKEXRS3,9396.805666372948,1129516,$1000-$10K
4gBLCyW3K4xR8gFiQeUhzc5pHRe4ChXW5MYDA8uizXBC,9396.798818622929,1129517,$1000-$10K
JBu3jcSzJCuvWhCWwFg7PpBiiLegcqiS8UVhp87wqwzm,9396.79834357869,1129518,$1000-$10K
GnigjaTtbkonF2h7g4Vm8LLoC9Udv2atBgoiZN5ZpHXo,9396.791301357693,1129519,$1000-$10K
8g215c7Pb5HEYunKwM2ezMTiYRc3q6W86NYtZxBaNBwi,9396.762356460697,1129520,$1000-$10K
7itgXhJu4QzFSfh9yc9ZvgoEc8D1bND7iJH4tfCgnYow,9396.750125475259,1129521,$1000-$10K
B4XF3nvmDhcj7vL3Tf1x9NjmpT2QNFhhyTRgFo7WiAyE,9396.741620727176,1129522,$1000-$10K
Gf3qXgvdSGZbDRipmL3isBoFUcRarYyZt71rtfjuZJub,9396.738674540396,1129523,$1000-$10K
5v1NdcfezJNPdqGimGET12PVFsEjENhwJ7j6yTH99oqW,9396.707696585014,1129524,$1000-$10K
9kgm7uo5dd43GeAWYBB9RiNvT1t7J6vf5L53BtYr45Vc,9396.68780701459,1129525,$1000-$10K
3JwjJvGYPZq2FnZqAWJJiBfZL8LUJwuuZRurixKbCTGW,9396.678472963808,1129526,$1000-$10K
ALfjvFDUVEzpAVchdW8y9bvp9e359446nNyfiqHfnktA,9396.6718586519,1129527,$1000-$10K
F8nV7RLqB7BGccyKov4ir5CuFyfCLPRZapVgg1Hybhob,9396.652783463234,1129528,$1000-$10K
C58gNs7TucgDM6Gyt3yKw3Kxp2pgfcQ4rYt1wadVBN28,9396.61711839701,1129529,$1000-$10K
6juKRDryHhiJN7eAkh9Uewz5F2xjikVJyC85RipNAPmg,9396.604237185475,1129530,$1000-$10K
6AiCceLBJmwSHbbXYMJARGv6bpk7Zi8egUkduEQLiiCV,9396.594837799625,1129531,$1000-$10K
21s1Uuw7rRQHncAqNmXKk3DYvaKeU8uj8zebrYBSpMFN,9396.591003671932,1129532,$1000-$10K
AnXBbuDRPxJyfJ82wnttJ622zucef5WNatzXFEpbmSFR,9396.58194916229,1129533,$1000-$10K
2LQU2bV9rGGwWXBqR9PwSB76qQcXwdXvpMtakwD1hxit,9396.576563913652,1129534,$1000-$10K
87SfSrtU1LVSu7fwr3bGjC3Ea92Rh6Q9Rnb5gghqNB1k,9396.52768000184,1129535,$1000-$10K
3YeKc37cn3o9QL7XwLw2NzW1xGPfaEWg1StYqWNAaaEv,9396.5093958664,1129536,$1000-$10K
FhbiUKdo4z2ZDGNqrTfLt6dq4mMuv6C64u2HaxWb3Q1C,9396.48958759104,1129537,$1000-$10K
2yf8icSe93Cv2mXYiXtDC7WeqMVC9EKzvyo5JVKWdq6p,9396.443424644298,1129538,$1000-$10K
AocBW3kTqLN9ZTJFwVLNUH8fRjGia3k96FCa2kFL4mS1,9396.425068435703,1129539,$1000-$10K
7xdGUAhwnfQBAXuDJC3wUKuBnhaMZgVEM1XGx2f85js2,9396.41933610065,1129540,$1000-$10K
3kMXsSMP2xqNYGrvDVcdvAK61kdtz1QcwqbwvByAxXju,9396.418220928224,1129541,$1000-$10K
3FhJVw4eskoqmAGdBBWPuEoSTVTXZgRCTmwNT7cSqb51,9396.373964747534,1129542,$1000-$10K
DdWWf8Qo9P7iH5KAxHdMWLcRAgXYZ19PESxJ9P1ybZ3z,9396.352616878146,1129543,$1000-$10K
GXFyKgBJDzQFtp4kZLWqtQVU9iTQWR4NPtSFQY73yN9S,9396.341823602947,1129544,$1000-$10K
TT2MsRcCLAc8ZrDMo8LPfuqKjajZaABhUV4JYFYvJxB,9396.33547521395,1129545,$1000-$10K
71EVPwGpT2R7gAvghyFzrLi3cbKX26cygHQCMmkwFD1C,9396.314403631412,1129546,$1000-$10K
EEJ3ThC7yGCwQKevAUBQpZmZk3cQkEcKryz1bs2Xed4T,9396.275175695091,1129547,$1000-$10K
3rVQP72NurPTTxr3D2JunEjyL5MgwARS5qYB4gxnP1ZD,9396.274625659406,1129548,$1000-$10K
61t5aHdZ18YZXnV6AqzzCPzuLZueg9W75ZUL9jS3yz69,9396.262019178608,1129549,$1000-$10K
X9xSmYaKQ2SGiYHKUMms5yhtfgr9ybaNweRCz5NYrX6,9396.218874977008,1129550,$1000-$10K
429ApKT7EpSupfWNUX7bjEYPPwU2sQGfzVEMvQ2HvoUs,9396.218787025802,1129551,$1000-$10K
9dnAU7fkRHdn9UebDpwZ8ZXUZNxyVxNSLMfpA1gR5W8J,9396.20738015515,1129552,$1000-$10K
8a251DG3ZqKieQFMRA65V3Kbr7Bif4AQRg3LxkXQxvQu,9396.207031878259,1129553,$1000-$10K
EbnvetuLdwTJB2JFyzYiuGaxSU6iwt9MHUhsoKW3TNa9,9396.177163796474,1129554,$1000-$10K
5Ea6gX6zgci626xyCYxRzYHaitqKXm4goD47LLwc9FCy,9396.137135697541,1129555,$1000-$10K
7xEZhAaqSGxaSwPze3YCDFAfFjhbEWbtY3S7hu67gC7e,9396.116239917408,1129556,$1000-$10K
9xLRk4Pc7j22VC3SRQM6zbA7k7DWDMDN4H6CStGfnRLL,9396.114050857643,1129557,$1000-$10K
CMqew3W3j35k9b9dUtGDr4VczfdW512ySb4i8AxW9Rgn,9396.1040040366,1129558,$1000-$10K
3tQsBkieobpCNFxeABVQu9tyN71ptjLJaNvyLUjJEbm6,9396.100245962414,1129559,$1000-$10K
GitKHEDMzdsoR7nRZFCdmJ45EPqpm6bXofcVvGrsCErb,9396.093703928544,1129560,$1000-$10K
HQ8LdA3Fkub6Dk2SwfCgnhCrUsnmPjaMmfvCVJWBZyx9,9396.092857170614,1129561,$1000-$10K
MjMjgpRre7FdZnVwLdkhu5qTGUorxTT2AoY2xG6Avqh,9396.077660846897,1129562,$1000-$10K
A7Qy8mAvyHa8PsZFAZfcu8czbPChuagTWUFPfV5z2FZM,9396.069401981391,1129563,$1000-$10K
FnXe53xREgJWforbgujTNP5L1Paep3gKdrP2kDNkdB9J,9396.056406816338,1129564,$1000-$10K
FENdFrSPbEwykoA73iiHvF7Q2F53rqtBpys9fv9toeEz,9396.030888490048,1129565,$1000-$10K
9xbGctLrFYVnLfzThL2yH4togmSvETonqb4v2uYYPU3p,9396.029910895,1129566,$1000-$10K
GbgkDcDLhuzcQ2fEXDE3FMSTpUV32xB7cSkXGpwa7Va5,9396.021912950962,1129567,$1000-$10K
ZfCgXoJeMHrknby1JoT8f6fXpAJMNHUw51N7b3UMzcE,9396.017321131365,1129568,$1000-$10K
Dz63SfsiFWM8NF96n4gwSonsCBTrhbJoznTwTVuS6xPP,9396.008577262508,1129569,$1000-$10K
5xgWMu2PReCy5WkYNsmR82dMC1u5vkqvuLhtz9KNwYGQ,9395.963151022981,1129570,$1000-$10K
79hVVLaQyCwwbQLoTKd9BVgY2LyvAR4oPu5weQ89SoUD,9395.96024758715,1129571,$1000-$10K
8UcB1rR4ybrap9FLTfUuwNTC3pGKe8Xeivt1NF3WPBwq,9395.948211365627,1129572,$1000-$10K
9HL2CdmWdZ9Z19muG8WFncEUUekM8oTtULJoRCusv4kV,9395.926889875795,1129573,$1000-$10K
GgaGk3j2hT8B5kV8E1xXaL6w4dufZoWAYeBCZY6sb4kQ,9395.922304223082,1129574,$1000-$10K
BMPY4XrJH3Ruqm9sBpwTnjdcY4DKh4nuvWdjrP6UmdED,9395.904213082238,1129575,$1000-$10K
HitdUbViY1PGoJQshqMmquGwMBx3rXVM8umKxLcaL5fB,9395.901816846863,1129576,$1000-$10K
AXFx8HByBx6BsSNXjvBMV8iPNnb2FZmqK72jWsZZduCh,9395.886408665276,1129577,$1000-$10K
DmhcWcENtGvatX14BcZkkxycc2vPeVaND3BmxvYd6cLg,9395.846039504075,1129578,$1000-$10K
Fqx3PNF4f2sCAra5ktuvjMXEvSmYqL5Q7TmcVyc13FYs,9395.823778104159,1129579,$1000-$10K
AbsLjxE1S3qeydySCTAdQuTgciQBqCMZqBxr2woybeWU,9395.816050109142,1129580,$1000-$10K
5dP8Dx9A53JQnCge686fM1a6i5duRERTcsb7yequyboc,9395.794189156011,1129581,$1000-$10K
5os1B6SS5SZqo3gb4VSWLUfowFBuFsT3vp6YLFastm1P,9395.774617670646,1129582,$1000-$10K
GFvqpp5SiJeE3GCjqBFvT42cYavsTRoqAwibvK9d6dHR,9395.756494350282,1129583,$1000-$10K
EBnXBrm3eruU4cP9U61vev7UMQkqhecRm1Non2sEfHHc,9395.749617046016,1129584,$1000-$10K
CVV8k1rknQNaL8hKs4YbCrndh12W9Ph3BFavuZ62i86Z,9395.73283904139,1129585,$1000-$10K
5gkZJR9cZzumgcCEyfZf4RUdqK2YMUdUqF2H9tAk9Wkm,9395.71367437042,1129586,$1000-$10K
43x6xEBY2WSzdiDnBbXoQjQs4HGP8d5eawqB4MNp2uyH,9395.659429040312,1129587,$1000-$10K
2WKRT8scbxBkAm6r46Yx5dnQvfrXwAEcA6UPrBhgdG3E,9395.63815641155,1129588,$1000-$10K
86NNQbtWBD29caEXUtTNWvoXqy3C28fCYYJg2a8JSEpF,9395.618254568204,1129589,$1000-$10K
554HSKuqaSsDi9iCYiAW9uTKX7sTmSEeum78ZqKUZ6q7,9395.595150422227,1129590,$1000-$10K
12qQ3G93oB3nwTSUC8BGdpDA5Mhr2xxZ6APhB2JiV1Nz,9395.566351757167,1129591,$1000-$10K
5hv9NWy3dkxrPYr9EaTkQMhtkhT5Kt1bkz66aT1yhYbs,9395.516214868843,1129592,$1000-$10K
FeEQvc9BhycghFuqAPGQdgk3JkRozS62sUBhdQWXdf4N,9395.5149646593,1129593,$1000-$10K
CrJFhZCdsKaf9CNjByL8yEmcB48v8CdSRm8ZXbeD6Gx3,9395.494922052492,1129594,$1000-$10K
DN4dH6fwz17SB6bnmTnW8aWvvkqbQFRHXu7VPzDvSLG5,9395.493976907637,1129595,$1000-$10K
8ppzndzAgHraDzD7QuDvD1hEwkk3mFUtHhNJczbKedB2,9395.493603203722,1129596,$1000-$10K
7A8Qj7FS31Uxvh4mXyRrWuAKjBwKMmbUg8AvECqwmfWT,9395.478362719472,1129597,$1000-$10K
D21TN9kb1GF7DfXU3Y6K8NyTFeLcpzpQczAutRVhb9pz,9395.47680975102,1129598,$1000-$10K
CuQNwA7C4dWjXsvM4HNmbGE2Bic71Se1L6WrZr8A8FD3,9395.443951945297,1129599,$1000-$10K
EfZrfCsQmuEc7cdMCKHwrF9N2FrRCCtGgDrrrr5j7MZi,9395.427848235111,1129600,$1000-$10K
B7cfm6eLbMhjvbLDWuUQzAtsr5475xkcBEj6vguE7pqr,9395.411463206698,1129601,$1000-$10K
Fb5o5XRsi6wLVUaVLdRZ6SANmVpxs1pvcvJ3EkmKZsmU,9395.388058697012,1129602,$1000-$10K
AUepU83F6h6f32uDj99uSkWF5ePNqR7Sf2cRqgr33EKw,9395.379227499092,1129603,$1000-$10K
3pccRjEvBfHB4hvCuUVA7oZpTWFaGKE3QMRPhB4jdPzR,9395.36349446564,1129604,$1000-$10K
Dy8cf3AuZ4yQxisd1gPPGnrt5nzgaLBAXqEEuqotWd46,9395.282446389201,1129605,$1000-$10K
AGmaiDCP439rEKLLSYzm9NQJouaDKhXwNdAZPo9kPFtT,9395.275692428077,1129606,$1000-$10K
CnWWYFrsLNECUiuhdHhJCB3hV6XJZnsHyNPxdrdgxvDV,9395.256012866845,1129607,$1000-$10K
3mj16Qzx1YGBXhPbWrkUpxZFQd3kZ1GKiLi7zp78jGrD,9395.24468354005,1129608,$1000-$10K
4VKH1n9jNrR7LhhfXC27otCgeavYd6zsNwfAfYpkoWyq,9395.241881856402,1129609,$1000-$10K
DsphRqt42CewPCsTw9Cp7garNKFZeYvrE3edZ22FQjDQ,9395.240915620248,1129610,$1000-$10K
FXuHmdBD9ZVF7PwBRdxMR8Y8HSDxCK36f9tPyA1WnfTj,9395.238752690871,1129611,$1000-$10K
4Qn3cFv9vN2SY1Tqv6cLLJe7oUHKy1J5fJj76M5g6Lq6,9395.22812813472,1129612,$1000-$10K
A2iq3KkJx8pNedTUj9EofMXcnCFnV1dXHdb552K14N32,9395.226886498189,1129613,$1000-$10K
HmBKiWU7zch9np1Pz93uiGzLxDXQ5bsN7xSjMgVYsSr2,9395.194293257524,1129614,$1000-$10K
3QNrAnPVwZSWQ2sGVJowCDRdGdPZGxrc8m4TiJcnqsqD,9395.158880203171,1129615,$1000-$10K
26QiRViT74wW7JNjDLxTptMonu3y4LoDHRaGM1n9wQLT,9395.148083750986,1129616,$1000-$10K
6hLG2Ezisvqw4DbNspGF7ub4A36jvMsoa2HbbVCrTke5,9395.129897875202,1129617,$1000-$10K
EGL72kMMqNAUxFLV5EYr7Jzh4UygWd8vSXPzWB3bkeNS,9395.129699491921,1129618,$1000-$10K
212GSPLJLwzTTsJLsyRojN8oj7Sy253RquiYwUpcd1Ev,9395.12744611497,1129619,$1000-$10K
65o4wNUq1DSBq1WWPG7b3aNUU1vmquRbRhPTvbbPGiBY,9395.10264011769,1129620,$1000-$10K
DnDQiJPKknKbBA9g97RkF8Gr8U2ToKyiDuPvj5VdaFAr,9395.101644977112,1129621,$1000-$10K
H5eP2phFMtdhEXDzjWDMnwASa6jXyTNKqH2qWkqiwf6T,9395.092513778134,1129622,$1000-$10K
GaQXSx8p753KJJPci98pVVAFBkoX2d4BrGtRFGgekNoV,9395.08722834333,1129623,$1000-$10K
3ki9zR5t1TY3rTMT1nRNPuSw8Y16oLAiutEs6NX4KCs5,9395.070498223804,1129624,$1000-$10K
7TMu7kkZmmgMcANQApW5imLKmx7GJwrj2fNRm5YdxgRo,9395.067243976899,1129625,$1000-$10K
7YGCWmPsYbtDqyhvyBNqh9ZGT8szTKZrvFiZfxxsFpDJ,9395.048986121476,1129626,$1000-$10K
mBn7dant7UjSEzDw3r2yUDEe2AWiMxNqDds6D7sV6t1,9395.04835842923,1129627,$1000-$10K
DzX35ib3xbNhsmdYcrKjLzyxj42LnxjMdaJeL6Cgtw1S,9395.039779806011,1129628,$1000-$10K
DFjotAEu325E2bZBPQ4u7bbsJDQbndHB6x5JNbdWcq7K,9394.99482964011,1129629,$1000-$10K
Erv2BhC6JgcASiSFT2ngaf7MCzsyA1E3ao6yByojpFWP,9394.993325283689,1129630,$1000-$10K
FM1rYdNe8vCy8v9KDK5jnWYexLHjW49BXTRw7B5MXhPj,9394.977392199098,1129631,$1000-$10K
CGLPQ2Js3eNLqRBhvqqJaz6SpyB9MLxsKNRMJ8vxhiSB,9394.919641874652,1129632,$1000-$10K
AL9iy41ZP2Ka2tRiD8RpritPqfhLsADQ5AGZuQpEi39D,9394.893511485443,1129633,$1000-$10K
8QvnycUz91U8MGhZRv4Ky9cJoqGAEYMFuCdK6B6sQjui,9394.890218175744,1129634,$1000-$10K
AER5D8yFbiviDLupfzaiL2uMWKdxvqUE95LFJbPFXVuG,9394.881584519806,1129635,$1000-$10K
DbeVSfqbEqoxNDEW9pmH2yz9WQqUBRRPcs5zZYDxp7SL,9394.87142809394,1129636,$1000-$10K
2QuqR3bjkcqM4gYn916ZvGHrofypMHKFkTANY5aFotQH,9394.856350529244,1129637,$1000-$10K
BUR9dnq9CAShhyUFU1p6c5mSkDKWbyiJ6iZLEz3VhPnz,9394.851910244986,1129638,$1000-$10K
6KhkLHWz1KMdWb58N32HLKZYiwc2X3wFNVLJAwhywPv,9394.84409324045,1129639,$1000-$10K
45zE5ENrpB9aBtzHZ4yrUapEvnkeVPSv1VPuGU55iy2P,9394.840918294138,1129640,$1000-$10K
4t5bxAa2LUCvE8xqYLUeK7YayBhg2hTqYxrqCBrmaiPz,9394.832596902448,1129641,$1000-$10K
DaziEcPLhQM4giszAKRfgH66CP7yZcneJeM4mrBWCfki,9394.81103064904,1129642,$1000-$10K
DcodmnpFwts5yoznHzoxBuQjqQkFGjmTGNtePTjrMo5J,9394.77065189255,1129643,$1000-$10K
APFK2ieV27MkMLwNdv9U9AyQ6Bo414aZyDdD6zkoiFpb,9394.743825336225,1129644,$1000-$10K
5g8yu5hBtWM2F2km2P3DEdqEJ19D3GE4o5PdPHQVAvPM,9394.733377008126,1129645,$1000-$10K
6GEfCntmd21hPFkyLKCvWXYT6SBKMjKsUfmJpMCnLDBu,9394.726729790149,1129646,$1000-$10K
GYRAN6AjXfV2g17LzfhvMYETtsKZrcesFEKZJv4e8xWN,9394.723947927372,1129647,$1000-$10K
DdNbmq4LCqJU7wNLwHuapKNcp6xejnwkUvhHqa2EamrQ,9394.707714313568,1129648,$1000-$10K
D62VwNhViqpErGhAbcdd3Y6c4JUUisji8BiaNRJghg68,9394.662008839981,1129649,$1000-$10K
ywn86vQ4vUQFPwUG9jhck31Mp377tj7SorbKaxLqu1U,9394.660160501953,1129650,$1000-$10K
CiyGE15zEXjeXBUgqxSmP92vpyiJMo5ok4cJ4exdi7hL,9394.650514928138,1129651,$1000-$10K
6mGnASbn96Ny1nYoPnYgu5SjDSxV2vmMFJM74jfsqPgs,9394.637860029276,1129652,$1000-$10K
sirmMEP15KjjCsH44fhtzi7kj7jTopycmHe9N9pVHiB,9394.620257586312,1129653,$1000-$10K
EvRD9z4v2KorvdLcYTKozDhupiCxj1pHvvmmSKEPVUGm,9394.589403889386,1129654,$1000-$10K
2iR4ECkcgXdGWgB86REWPKDfQ1FzHnG4CPmVxEGMx3pq,9394.561461804396,1129655,$1000-$10K
4RG9c71gPDoX1Z3djugxnE2SjBFzUJei2SNJQtMRRfur,9394.559285076792,1129656,$1000-$10K
7SxrVfnDmoV8HB8V5BJAyqJBcVEsWLM1bvSbd8zNGfN2,9394.534919917338,1129657,$1000-$10K
HecGkH2m3n7Jq94jVfs3dYhKGfAd3PqbGJsnNgauGmRv,9394.522052586975,1129658,$1000-$10K
DnUsgL4GMz5idXkG7QD1spYfn2YC3wXMcz7j9VGff9gu,9394.520736795252,1129659,$1000-$10K
9S1sofdRXJzYCqUy66hFKbngjkzyhwKsh31waSz3kiKJ,9394.514399510574,1129660,$1000-$10K
GXJbUcYrjCn8ffsuhX4WcM2EkrVaEZveu4X6v14N4b2s,9394.491955403011,1129661,$1000-$10K
DsmWVzjmTV4ki9vQpToXsnxKvMsd4a4Mz2DLXLBrCHTq,9394.48769797876,1129662,$1000-$10K
EVvzTkL71h3ALroYJ9vxdnD6tbLhjkzJhHp1YS6qsCxH,9394.483304222664,1129663,$1000-$10K
Cbw1rjaYEMDbTcoGcVKiyE9spkSGyDe63wFSLAjznFCG,9394.436078170744,1129664,$1000-$10K
CeMK4HTT5gKvv81PvGeJDGu9iiBibktJvyZPWtmnNWwB,9394.422120569676,1129665,$1000-$10K
HTKtmqPqfLiBuzDD2qwBwfMRJmWSFyJbfHDsJ3SxVXDn,9394.40515239803,1129666,$1000-$10K
72KSWqnuQrkjekN9zrQSz9iUCiSQvR2qJyGyC9W7fQYv,9394.388464537305,1129667,$1000-$10K
RyJoxufFsF3R1nQihkRHNysB8vAeoLFeYhZ6wUwCugV,9394.375340925966,1129668,$1000-$10K
4r7ShVG4CXkEz1F5FSxKGUDmE59YQCP4T4tFpmDkwogW,9394.360507022287,1129669,$1000-$10K
HcX2vTHwFnKuT8Pzd6Z2SYefjRafD25cLbmgQWf65KBV,9394.348461449023,1129670,$1000-$10K
3x6tVyChbVe2UNedhhkGCZ5MyLrgx8NpTgnrDdraSjaT,9394.342622257067,1129671,$1000-$10K
Ca8CgZXff9PW8BmS6VUNHTSvN4LupWo9wZKiUhPZYHr8,9394.275358807772,1129672,$1000-$10K
H357uBGrj8yE2Ze8wx1uzrCo5WZ5PKRroNJ2QanM3edC,9394.26756258635,1129673,$1000-$10K
Af8gtrcnYcBPqkWA6N3Y58CTf8X8LbNr2gL4tDaTDFNV,9394.267374990022,1129674,$1000-$10K
8MssgNSWmeUNyrFndGDawzgbN6VSVX8baoDyaarSjD5x,9394.254363896736,1129675,$1000-$10K
HXGjUFS1RzqTxgvPA4znnfUmHye3TifFKYhhSgfYLRNA,9394.249579968338,1129676,$1000-$10K
6LgjgLY3KMeEabUxEnVa8ggQU7VCrw92M8DQJfSaPgtb,9394.249116411465,1129677,$1000-$10K
8me1SbKJKUNHKmofBYEkUZCcTbvhkvMepq6ML9SRegPF,9394.2247716425,1129678,$1000-$10K
8dRywfVSuHpLFraWmyGDUyHjR2gUi88D1rxiXyXCUFVw,9394.171018755085,1129679,$1000-$10K
7a1tEH1VjK8LySxk7Jac3WFKSXqknJKLkTHSipGA3tRh,9394.154804175465,1129680,$1000-$10K
7EWoXeXbRH8zcVNwvWcbof4qwdgCRuhPEAxa4A6xsaHM,9394.15266905927,1129681,$1000-$10K
EwZSGEGPk12gtZW8W4Jctkpy42a27nyNhUnHTG8dxS9A,9394.140310986792,1129682,$1000-$10K
BAcpHrVp7iYT4u6JziJMbg9u7oAppMKY6zWhc1sxZb7o,9394.118029154479,1129683,$1000-$10K
B2qRPkpMpcitHjguXh9y4nJ3zTJ7TNEeW8kPoeugESAJ,9394.094006776644,1129684,$1000-$10K
FaW5N78X7kBsUPmNEhgHtc8Ja31boHVFYHTrWujkC9ZU,9394.062935228829,1129685,$1000-$10K
Hpzrvg1q3CxBr9LpaLiHvfQNrqD9yoKABc3ZwJG67dP2,9394.061423224297,1129686,$1000-$10K
9h7C5pyvSk4vQKZmEXLttB6Lg99upZ7wF4sYLQhBrX4M,9394.02387345257,1129687,$1000-$10K
CJZyYC9X2EcuNNXYXFnVWpE9Lv1EqyQWaNpadPPeswy7,9394.01056840776,1129688,$1000-$10K
sXx6a95Bz7cYaYWHZN74YEVM4pBGWawnV1VgJqK3cd5,9394.003933333575,1129689,$1000-$10K
9UR84kEMTd9SHgECnPsuxGxj3SASzc1FwbGiJFhfEj9a,9393.976161006798,1129690,$1000-$10K
7J3ZGC7ftPUv7UHbQYv2EDEf54d3qvc8z2PwKTNv1FhK,9393.96846754376,1129691,$1000-$10K
9KE6ptG4TXGwYmdES8h5zQtcTjSaEios2fYAEmGCMrF3,9393.964137797866,1129692,$1000-$10K
H8xvt6jpm8xV6auRn5Pp9NzgNVgKW3zZ1Fv7w5yPwfTj,9393.943278006018,1129693,$1000-$10K
4yHwdJyULAZZc1Fwrj8FymyYrECxFExXKBs7RZzCUCBL,9393.936368160039,1129694,$1000-$10K
BRmB63ZNjwr4LSbFMusfTuFVVhWmTAsAonbf8VPPwBEo,9393.931550918387,1129695,$1000-$10K
AWGjcsPpShJPsRF1jDqTyCyv91v1SLqojHuW4p7eBogi,9393.92295316424,1129696,$1000-$10K
7uuMEZRDPFiLk4q2CVC7XkdD4tdk6zm6KLeH5FNFWv8Q,9393.903706092573,1129697,$1000-$10K
F4Dzr3jU4uhej7NrU5A16rrJJXMpsooBWBkvNYR18SWF,9393.903221517803,1129698,$1000-$10K
3daY9XufbadimvvbyVTzhYvFUFZywXgxTVsiJSTUU96e,9393.878616487553,1129699,$1000-$10K
HwVojSXhTUTKVTovawiF13Ux2Ge3sVxVycTq53BP5jr7,9393.855160981588,1129700,$1000-$10K
BmvYNgBsV4RXuARZmvr3s9gbv2YrK4xQTrd5pKvyqYvA,9393.853382638421,1129701,$1000-$10K
Fda5gNShjLsrdA7fvbgjLej5bYuvXS69LSRPrna4vqqV,9393.84817068389,1129702,$1000-$10K
eUrfCXz1N8pQvAYJDtadZ9AwApTYHtxawZZ1oqDXPfH,9393.846017972197,1129703,$1000-$10K
EpsxxL5zrdwquEUP9kJQUTyysTrW5ovYnDv18tA6br6u,9393.817891864823,1129704,$1000-$10K
C3Vs11Lxz3kCqjPFikcDqRCu3x85RNPBCAnTqnwnBEqw,9393.805547227836,1129705,$1000-$10K
9utp2U3rsVUfafGjhHzmLKqBzWic4CiRebzQ3A1cHKo1,9393.80343845489,1129706,$1000-$10K
GzuB5Kwq2GosTE2Z7KDo1pMNXNHmrWCZiJvvLFHY63pD,9393.776650090385,1129707,$1000-$10K
CKsesUyXG6itYpNxkpiTr9LNQakYo3P6eGAudSRczwdW,9393.769178021914,1129708,$1000-$10K
BHWsog3sCstXziBwtmUppNJTQ9WbLA5feQPqHgBp28MM,9393.751178237131,1129709,$1000-$10K
4nQjWYh8jmtfPEouYRc2RkgZiZnKfzVNgwcGamgNbZtW,9393.739367624868,1129710,$1000-$10K
AANRaXKSiq9JXWfBwbavSkxCwqX1b7gjLN4Z7YknxqkU,9393.728814623035,1129711,$1000-$10K
GwBdE6aiK5K8BvnujNmBwfcNUG9tzn1N1SDuVczXaKkb,9393.709629494226,1129712,$1000-$10K
7osyzG8Eo5JxDuccQHfP9YubbmJNqfrLzc1ipTYCQx3u,9393.66724168809,1129713,$1000-$10K
2aMPwoU8BY99mnGS8HYu1iQ17kTZnShMekqAEgqx9wUK,9393.6502597951,1129714,$1000-$10K
BwkKgty1d1N6cwwGuMVhFWP6e19rtMENvjAShTYa7qJz,9393.643991024843,1129715,$1000-$10K
AzgSmyGAVWqrXbx8SMxdMe218eD8xqmJm4LFweJgCcUA,9393.572309070096,1129716,$1000-$10K
KMKd1KAkvTMyPEWmKuWnJFHWiyk3XyaGwqsFLP6M8nk,9393.571835261646,1129717,$1000-$10K
FqPLUnpNNoWCcpnaCWB7mAtbxn2fqJPArrwQvHUiGujF,9393.558697081819,1129718,$1000-$10K
ArhvFA3xYuLGJHsWewZ6aC2MLfXTp7NmRM2ZBJZ5eeuK,9393.557816524188,1129719,$1000-$10K
E4YcsouoyD58UtiuiRzCbGNt1BKFJ4Y6u5d1VzygPSqe,9393.543406301616,1129720,$1000-$10K
AMHEmmVdLfzfW9j2b1RLMZHFRgpka442LowxnDwAh7f2,9393.529031717046,1129721,$1000-$10K
AC21JyH9nsnDy9of2H8PwNfifxbX9Y7p7ZqnMrG1scKP,9393.527256958714,1129722,$1000-$10K
Ct4vmCZhAoLXsTwZkYhf4WLmu8Th8UQv6pJoCpZ13tTn,9393.521596629556,1129723,$1000-$10K
AAvWhXbQSSw93sKEDSawmiZmoAmoCbUAgndJrwVn8Kb6,9393.520614045538,1129724,$1000-$10K
9AShx3ZKx36GXnFJfBcpEE1LCj6vFwwcVvuN3hsPSDyZ,9393.517825023393,1129725,$1000-$10K
AccL7GaomuSEkbCq4uaMzhdN9eHPAzFMkArvpSPre6jS,9393.506592316817,1129726,$1000-$10K
Ftmkb8hamJ8i3afJ3PRtGVbS36KMHqHaHeotiKL3DkZz,9393.502767749575,1129727,$1000-$10K
3bayfJQN15LxFhqjSSonNjkecQVGZBxWoG9gcSq4F8rV,9393.4861982388,1129728,$1000-$10K
DdiC1Ex7dcgBohSikYxFXoXDUKHgAqRyFi48XMNH7LPa,9393.447595351778,1129729,$1000-$10K
9qP2R7FmsaCE4Rctm2pChuyhSwizduQM5QakLL1setpC,9393.41001201674,1129730,$1000-$10K
9AGXUXR9HjPjRKWFCS3PLd1rF6zD4gBoerL5GNgevzhX,9393.407459970087,1129731,$1000-$10K
GY584SQZ4gY3ht8ALHSxNZKeP74DqDfAaVGTuBogXmp3,9393.407183930274,1129732,$1000-$10K
Cn7PJrxNQpvJGfxWudJTfK3V8mDZP77KwRVnU4xo1gLp,9393.398590487703,1129733,$1000-$10K
4bqVrvfmXDMRmzPTdwRvJyWw8E2K18YPKZuQDYQA8dxn,9393.394483759881,1129734,$1000-$10K
EG42o4Aex6PVxHM141s1DbqQtNYDM6ebv5nZRUCrR3Rk,9393.36235187882,1129735,$1000-$10K
Ake6J6vFWp55sFEBi1dQXdpu34UzMRT6kxuDUfK4a1Wn,9393.355222135495,1129736,$1000-$10K
DZBxePwDiUCo5ZnD6zdjKTRTMmvBnnoThSUFpfW8iDvM,9393.35145849858,1129737,$1000-$10K
368M9WchZPQPksnknS18CYKFZQqzV6jpbYBjJGGKXBiE,9393.351161496472,1129738,$1000-$10K
H7kKKVLEV6sB4JGk4NWbXgxuLvevQyQasyj8Kt3AuYke,9393.321546397136,1129739,$1000-$10K
9FYfQerEvYcGD1nuB2HUUSEGKdtFgv52QoY7B6Ed61et,9393.254385515833,1129740,$1000-$10K
CFKAfJoC9qMTCfzUaiV6W2oDQ5q6j4VPvqxGQhptEQK7,9393.239502948762,1129741,$1000-$10K
6kzwuFA5QseRcuvwxNk9hygiqdg4x3xwbXaKbY8WZpPq,9393.210429339464,1129742,$1000-$10K
9uR8UQehTypQ3CjAbTj1ogNymUJiMmeXBVgYayvqE3py,9393.202576479296,1129743,$1000-$10K
JDynFPE11r3RtzNUHRgzH8pFgged7zozSARnmm718Z9y,9393.173912836019,1129744,$1000-$10K
35ccABju7yKuCVLLYdJEZ1VcXMLUT39DhzeMz57dbASU,9393.17160876985,1129745,$1000-$10K
7YaEJUjX5wb1d4FSs1cV5Q4wN3gxpRfcDJYkUMKhC1eM,9393.17026547774,1129746,$1000-$10K
3nTwt9ignJsksRjzbsi64AtQwR8FhMMwDV9bpRWN9rKz,9393.168907679626,1129747,$1000-$10K
FRHgBuTqieRmyFSvkWgFtn35C1DdUfs5YUWX74APHwNB,9393.157077353828,1129748,$1000-$10K
7zhXd85sNJRvfkv3b3Nj8SrYi84CaELaZVVX5LF5aiRy,9393.142871675142,1129749,$1000-$10K
7aBAa9wUQvC8Pph4np2KUH3GENCMaggf4WeinxxzVTJx,9393.140263573543,1129750,$1000-$10K
DrgX2Rzvbciebn7PJTVgNf7LNRN434aCLNQj4VivjFGN,9393.132577826647,1129751,$1000-$10K
E83eBArs1Lz9esKAENP3LffXQcjQDpsVF3aXc2NCszLJ,9393.111853970344,1129752,$1000-$10K
Cr7Vkopv1VXLafBQYdYMWHsfaAYEdeFTwGJXgFmrCvDn,9393.111172504852,1129753,$1000-$10K
5UTtuUHTi9BhYzGemGQweWwq5m5Vh6rNr2tiWMEDNEpB,9393.099718665,1129754,$1000-$10K
BQCxuJ7idc6PjjiVidztN5nqVKyXhf8raoyb4YeQwHp2,9393.061684359469,1129755,$1000-$10K
HYNF3x7H2WgJ3Eg8NJv2Xfwf2WTo3uF1BQpxmW528tW3,9393.060247656891,1129756,$1000-$10K
BZWqeyLxGaVSBGCsBBSSEiJuN1qkUrrVhpYqMchu354T,9393.05865562285,1129757,$1000-$10K
53i9fU1KnHNbRkoeeNiFhnTWeD2pr3iPmXdoUuGTvnmc,9393.05192490278,1129758,$1000-$10K
uXyNeZ5q3rPJ1mx3VjRSBvW1Kh6zChDeU35nWjQvkuw,9393.043128351574,1129759,$1000-$10K
94s6kw6YMQj9EVHVn8SZ94Ewb53bVqM1CvXtXBkJoEHB,9393.036479159522,1129760,$1000-$10K
GBTXYMaGz2VCXpZLiqg4gMDFLVbHKdLGp4ARL4uoHLHT,9393.029691590033,1129761,$1000-$10K
2WZ1urGpVrreNkKbfuf5xwNfbbMpzJdu6W3t6kn1X94H,9393.0263698577,1129762,$1000-$10K
5E1cY5Ff6qaCmDGx3ct7ypbYA5X3st2Wvq8Wx4z9zVZY,9392.999402902797,1129763,$1000-$10K
FJWap9egWNFrqaRHBwVGqp2RVf9pD959tq4eMZV2brhy,9392.994393885347,1129764,$1000-$10K
CP9zxPHP7fgZoMrzA1iBHRkFMjDkxku3UcYDe3w9K6yL,9392.983674452998,1129765,$1000-$10K
EQEmLvfU9f8K9yHNW4cckvTmwxNXk4uJ2FFTTo3crKop,9392.955712522335,1129766,$1000-$10K
ArKwJRf9H797vdAqGagSKdtuohPaiRANmHwpDcbXS1FA,9392.890592445103,1129767,$1000-$10K
GFnny6bz2r1Cva9N6ZMk62gibsXoyY3jir9UKNVm6wyw,9392.875692811776,1129768,$1000-$10K
7VgFLLZkucgGWJuqq63EWdcbHP76fZsHQN9x99ty4yHq,9392.870605868471,1129769,$1000-$10K
BpPxZnsZ3eSVg8Kv59gEyvEM72R8pGrZqYjM95NoMruY,9392.862666665678,1129770,$1000-$10K
FfbP8ftDn9Wtxv5wDmYhvGWLNYnrP2cfiHqD5fvSpHQC,9392.838589836529,1129771,$1000-$10K
2Mkokjf16NPQu8qPEAjVvaGqYh7AcuhyC9T4qZRu9vW3,9392.837889685783,1129772,$1000-$10K
2RT3NP15R6cXhR1gNngfU29iGPN8Vq1gFCUkPy1pC9z8,9392.829560678545,1129773,$1000-$10K
CJER8MZ6fuYfPYGjvEjepJa3L3hVrneqVZWnLJmDpSbf,9392.79435304973,1129774,$1000-$10K
pAQ3Ut32sJ9ZYZkkPSYxZ4NWSG7u8nD2TXdLZxoTmEN,9392.777133838657,1129775,$1000-$10K
A8WJGnPSAvsRtpEWTem8i3f2udQGtHxnqUZjN4xjuEDq,9392.755791658232,1129776,$1000-$10K
56p8693mqXpPBo6Mw761ecCrMRX6RZFwpM4Jaa67pc8Y,9392.741290785154,1129777,$1000-$10K
FCfVKxqvqTqJLskyUYwPq2Y39nAk5cGZCsxE1mzwhvaT,9392.684359297727,1129778,$1000-$10K
eML9t6CobVg4fJay5uuDeohKNqzTKXvSQEGgCzayUCc,9392.679222006373,1129779,$1000-$10K
Agep7cBpw39RBzUiRCcxvT9XVu6PJ9xwRsqnAknE5opf,9392.670020506645,1129780,$1000-$10K
5Re83XkivNdFmmFFL5NWy77t6UfrF4gS7Jy1ExffJ5dC,9392.659882217338,1129781,$1000-$10K
DVTrSvgeMQ1LphLas7nrFicGnPbjU1XHkb8aHMNaU8DT,9392.658767536988,1129782,$1000-$10K
8uJwbFFYh4c4RQTYYPRiDpG5zJ2UVfRtoxWuXKP7Kh7R,9392.650754843651,1129783,$1000-$10K
FEnSdyMoz7cY3BzbVGDT9yndkVqkdjFncCXTHjBkiwVN,9392.625220269938,1129784,$1000-$10K
C2Vi3R8giDhEWAY1jj8h93FWxVM4WMSV7uybXQHPdJuJ,9392.618676720309,1129785,$1000-$10K
THvqNETburQb1PRehUu8j3g1CEB2frd4E74aHBEkvKS,9392.608939803782,1129786,$1000-$10K
Dz99E68DVDxYEeSweM3EQ4Qz8EYeNbP7tM786yoDFTph,9392.587513808732,1129787,$1000-$10K
F4vCk23qAeh1cZUTKhRpxLUPRBDS8pjWsupcD9Pw2TJe,9392.558276019157,1129788,$1000-$10K
EacKqfUjqGRjVXZxUS27E5QM2u1PhCvrAuGGSrumxajt,9392.542926431706,1129789,$1000-$10K
5W7Xbz9ZYW4dLxmjsP63rUUsWhUHwSh7ozDRfgyBoyUm,9392.529071096898,1129790,$1000-$10K
3JdT3S45z1x3D1X3NktTBcAC2LNuWbpxHmTM8nWsmYvD,9392.453918348037,1129791,$1000-$10K
CQBSGA4cuNACkzsC3jbBzxEmJa2vrnmqtYAf58SkPokV,9392.441405665779,1129792,$1000-$10K
EzYdxFzwMqsP6SaLq1z56upPFPuMuNGwNmEKDpTcEFLj,9392.41515738356,1129793,$1000-$10K
GcCuy7wKKEDGB2XjpbfwJcFQxYStvU9zKKfBHU7zktyL,9392.404126405261,1129794,$1000-$10K
BYECGJNvLNE4disiYvBQeAnMEp3wcVCQZ1K46sSbeK42,9392.374858945717,1129795,$1000-$10K
FJsUUqkjMLJCEZRX1rfmWm99winGaboAZbMoyh495S58,9392.367487243595,1129796,$1000-$10K
9Tk8tVnuaQ8DQQmnKpDc3VCXCeNyKsXz73FsKjyR1f6D,9392.351612988128,1129797,$1000-$10K
92xg28rgdSxQRZnbTT58JnzBdn1DcZWmaaoRb8SU2VHc,9392.330968319855,1129798,$1000-$10K
EXrvsHxA6VhE6WHH4B54qz2Qs2YREoGkowhz6TWM3xgG,9392.31332963167,1129799,$1000-$10K
8pGLGaGWVW4qieCgJW2k9cvZeDbuHTVHiV8hes5FhjUt,9392.299973178056,1129800,$1000-$10K
4RgpVKzWTBKfptxD6Q6ng3hbDF45qvkzw3tKHjKwRdxU,9392.284780064538,1129801,$1000-$10K
4AopyWCi1i3QTMqNuspNs4YyVjW9tKCtzfqQPNwPmKDS,9392.2304383503,1129802,$1000-$10K
HH5dV2P44dA8SLztgxpJhCWJ2pJbiiBPD3mWvewsRisL,9392.170734254654,1129803,$1000-$10K
GnYLdK1AgSSCpk6YVkFyWD6MMe5kMwaFfBMYEagZctXL,9392.116140583015,1129804,$1000-$10K
97gVHyhoQ3a18ShGwwBUDp7LFEyATj332LPtT11iimAW,9392.113402956016,1129805,$1000-$10K
E5DG2xy3vTU4DF3WxQuBYsjNpmJyynAQZxNhXiUtpJyf,9392.109945420963,1129806,$1000-$10K
GHMEGzYYNBDgSYoGFtqf4cXytCGep9wehFS3kzARXi6G,9392.1,1129807,$1000-$10K
AgUE1etXiqYaejNuxBgcniEBUkYyvojiZWtfo9PDDwpY,9392.093207468253,1129808,$1000-$10K
4rgM2F3oLhhj3ag3kdACdtKWk6h8YFaQxfVg7L8zDcwR,9392.03771145663,1129809,$1000-$10K
CGTw8dngjpRoKZw3LhYtpS8RyYPtFCtezCeXbSBe6bcd,9392.014491641134,1129810,$1000-$10K
BPnmnfw2ZB7h8gGLVWFuv8L6KXQEvK5mxQS68PqKkVVo,9392.00756692445,1129811,$1000-$10K
DhfDZ3KSW3y5LpMJvm2njrpfZzQw1zG5vimmt23PXFTt,9391.953961814726,1129812,$1000-$10K
JD2u9nVsZ1mF3o2L34s7tmLRbMywsk3jFtHLPZ88GKXf,9391.932605456752,1129813,$1000-$10K
Hh3TRWVZuUbyAHPbU922vsnWgStw1UQkAjVe6P68dKuX,9391.906757401413,1129814,$1000-$10K
BDeMRFpbSnNr8fXtpP2XB1BwrgGchMJSBKSUhYyAR3Fc,9391.89279356575,1129815,$1000-$10K
9gdxfSr8nLYbXCJnCu1dSTLvF33q2PoeGsP6xxsC5366,9391.867609101262,1129816,$1000-$10K
2vrbBx16fxjLQd4mfchLzCAqKLSryUHLQHd62fXu839Q,9391.864589027295,1129817,$1000-$10K
4uUeU7ESpCyffcNUxoRc6jo9MtLdBArEYmQaptpDcgRG,9391.854991052802,1129818,$1000-$10K
EWyJbZnYmM3S61nmxkx5oLHf8cdCfHdkB6UE9HsqfLi1,9391.853570537409,1129819,$1000-$10K
5U41n43wWdWpRbnQekcxtyL57oWFP7TZ983iLB1oXbTy,9391.809629704467,1129820,$1000-$10K
9r3hKimFQYR6kpEd1nnUz32gEwfb58LbLDjDJ9E7KYjE,9391.797318775985,1129821,$1000-$10K
E31WEocqte24b6SpXeh2wokkMqJVxHF9pzPKrqNo9Jm4,9391.796518728856,1129822,$1000-$10K
4MCAAr6aJGYc5T6TAGfxX4tNF6wcwHHiG3K3YGcCij5p,9391.786399151088,1129823,$1000-$10K
HX3p4Ya1QYJpRjvEY3urwJssr2dpLUErGXTjP5aD3wiL,9391.78603417132,1129824,$1000-$10K
DeeK41PuBYkoZDdT1opFNCHnArkn1CLVLpMAtcCKXcNy,9391.779926880135,1129825,$1000-$10K
4VG2wkd5QHdHiBEbbDcwh2VnekkE945Tox1W1kS5JwcS,9391.745053782752,1129826,$1000-$10K
HFRKpVrq8DCez4aYq84BAzzAvrR1wFSBJcADAA6XK59b,9391.739371367852,1129827,$1000-$10K
3hUfJgssnTcvBLgoaxrLrGgPA7GeLfygMQH9b67Kb1bP,9391.714890805357,1129828,$1000-$10K
5VyHzSChGyA1CaoJbooaSn2zkX2cWEFgsvKdq6xM7vGs,9391.699308192632,1129829,$1000-$10K
4dvt7kqc1BsDreWufRE3XXJ1wnsAeXWtCq9RKXWSD2ch,9391.696927721165,1129830,$1000-$10K
W9JVVGHJACTUn7QibDdhSYbVhJLeGQovgLqAGWdPrYV,9391.64412192668,1129831,$1000-$10K
48viT7VHWo3m3peydGPkioEJyNd4DaGCAMNWfwWzCc7R,9391.63842022192,1129832,$1000-$10K
BG21zt1TFJvbgf16BEzbQCiK4iMd9wLcffAnQ5rGaioU,9391.631393205063,1129833,$1000-$10K
2ywdbfhrNPhThtBhC3ZuaFzTdUx1DQgMYcShKnu8RPtD,9391.625569765902,1129834,$1000-$10K
2aBAb58bngtWqfCBZw8ymsSHsBiYYxMGhGrPehV2hasX,9391.596726163496,1129835,$1000-$10K
4K2AZ9FdCNMHGJghiZXMQEzdM5eLweBWzpUuXWwmcK9C,9391.590495483688,1129836,$1000-$10K
CZHrNfRY7SBe9mBnwjLa3Jv7RKRk6szTgZcthEtwhTkx,9391.573321044236,1129837,$1000-$10K
32xLSSs8hitX7uQKLVoVRfGnAs5txE8KqTj2RPKsRMy9,9391.561537094252,1129838,$1000-$10K
Gga1z2wkzcudxtL3oFJKAqdEMxGvCKMosYYdwjDN4RKP,9391.55183626298,1129839,$1000-$10K
4yTEXeibd91vooJLoSRt85qaTg9DMbk12xuFki8a8Qtu,9391.551817484517,1129840,$1000-$10K
QDDx2rjddmdF9QqMDPBh6fHvR3BHNDUMVHqYtFqBsNL,9391.521363708353,1129841,$1000-$10K
5LYGMATTkCBtg73S48ZY93sqmcgeFDm7TxwGAvnAWeer,9391.51332910858,1129842,$1000-$10K
8Gj99H2K9mvfkAcaTRihBRKqw7bW9Qb7XaJoCd61cFRH,9391.485099654614,1129843,$1000-$10K
9vnWXBFA8yikRxZXoeQ92YUZLNJf67iA6bdPLnyZfSAi,9391.467525391196,1129844,$1000-$10K
69GJUoe1PB2SqrnMtGZFvvfd56z5picgzeh1PSgo32jr,9391.46425560681,1129845,$1000-$10K
788NrfsG9vKkoNw6Pe2u4vyrdDsQwCZrd3CQVoMmb6Sp,9391.44851996739,1129846,$1000-$10K
5RimZJeohCqZCQR3G2T1HytuCrrZvVBWZu6rNoZWb9C3,9391.42867512385,1129847,$1000-$10K
FVbgUyCPtky9Qmv258kXEnkLV8LaarZmgAmy7e7En9v1,9391.41372761636,1129848,$1000-$10K
7jxexwN5j4BKiNSVmpDcawcvkt1HxDEyvBsvDd9ei8uG,9391.391245539193,1129849,$1000-$10K
FoxvBGx5JmoU14LNS7A47CfYfBZ3JBjGHH8BiEeohfZy,9391.351312099727,1129850,$1000-$10K
FRnZjvSafgM2i69AGTJakAJ7uU2GiEsuk2VTpvpn13VC,9391.345040466054,1129851,$1000-$10K
E92dvV18F2jJn1uTsFgdT7xe4g5k2vkVBV2e6ieqt47Y,9391.343517808153,1129852,$1000-$10K
Rzt69pfymQkoRNtg786E4Q6DJHxsCR9nPLFkL5oN4qc,9391.290778873905,1129853,$1000-$10K
9M1EPWt6dFKnyB6PypA9TZoJ3g4RFMBKVd2UcM33qwAi,9391.27587168926,1129854,$1000-$10K
91L8t3CWPpeU9TdWRTLb9aNBSHW2RCFHC4CVUopwW2EJ,9391.268994027425,1129855,$1000-$10K
GoEoWohnQd79QJDkb2pbFw3PXrJZZRUkRFVvKdm2HnyZ,9391.257632389059,1129856,$1000-$10K
7bbMH2YsrPNKd72fKwKaQTCAkXs8kZ8hMtA5Q8WVJk3F,9391.245228510592,1129857,$1000-$10K
7CaKZ7FsNQz8HPc32hhTWueb5mUETJ3bKDDGEoNDuk2N,9391.215100017946,1129858,$1000-$10K
Gi8DgUbTZBYyDTrESbv4uWW16FEEU5PcvvXPygDabLw1,9391.207150357366,1129859,$1000-$10K
4xhL2jDf7pc8b2FHTat8omrRAzVR6ur6pFG9kcrRenbP,9391.172895812379,1129860,$1000-$10K
DdpoXtMtwEAyjufsZyLmxApEesVG1GHDM4xWRq5MvCKp,9391.172296632962,1129861,$1000-$10K
B8T5kyfZetDTjbGH7qwoEi7o2Tc9aze3WmBSH115m6YM,9391.171612023081,1129862,$1000-$10K
nCe1n9jCRXfsjpbZjhqwcoSmY8USBwnxRcrKnArf3qo,9391.150475101233,1129863,$1000-$10K
FW4hx4uptvbN5sBnSnMWtQV8gppkmETmovs5gcCd745W,9391.145344032197,1129864,$1000-$10K
232hWW4qD71asMbvw9R66mPXpUL8Yqhr9CdJ8Vynhro4,9391.134970454774,1129865,$1000-$10K
3Bp46SP3ZFY7BjpDCS2Wf2p51XaZnY52y3hGDojGu3e8,9391.134001930428,1129866,$1000-$10K
CRZ1MbdhzSvBZL2jFYtJDAPfP7AGE7NmZLqhSVKe2fhq,9391.129290110674,1129867,$1000-$10K
AwNMAKYkBCazxJZAX5MxgJxvV4UP54XKmEkrReC8EDhe,9391.12014029926,1129868,$1000-$10K
2CZ2PoZfrP7o7N9ZNvPorX2wZg7DyK2kJyB58HLxYDSU,9391.113976122448,1129869,$1000-$10K
5M7AZthtSNMT7B3gqVvCNq36o1C5m7JoUY6Wxr7mwHuR,9391.097601726839,1129870,$1000-$10K
F8bQWxsZyPGUCeN7ULs8gs5jLzBYF3NbXxPzGwArbQjH,9391.089868623747,1129871,$1000-$10K
6JKRmWbWQbk3aA52cgPvoXb37X3sSnJEjPgpkFai1Fzm,9391.087137159066,1129872,$1000-$10K
87iYFWp299iVrjCuSRn9WXuyjVcA3atsj1Ro4KXueirp,9391.068846095699,1129873,$1000-$10K
vsH5DoCbva5RmK7BfCwUWm5q5DkztDCXgwfjucQX19E,9391.016005447114,1129874,$1000-$10K
FB9CHMPQvCLwbHbsYuBfN84aVcrBLngqCY7h8iZYAWqT,9391.004232789355,1129875,$1000-$10K
CAQSpfJmrF7nbhb8voREDhRrRoXGtw6FNp5LRZtiQJGP,9391.00348639238,1129876,$1000-$10K
2Ub8rL8Qtq3JzC8ZwbjUVD2itxghdgFbSU42SkbnAbr7,9390.972224914149,1129877,$1000-$10K
HgZ617WLSAbothCAPdQAvPoBJuzMNSwGS8jZaDKcWtHp,9390.952001469606,1129878,$1000-$10K
FMoijDks7J7VJnoTGZCwMnUEjUqxFoi4x5fh5cJKtwFk,9390.947937465995,1129879,$1000-$10K
2nBxKNJ257U5zcLHS4eHeZ9fLUxQv1eKL73ArJ1vbKhC,9390.907880270699,1129880,$1000-$10K
5D4qe2emArd2HsAg4LoVyaTtDCq7LGq7N9GEot6GNRyx,9390.881497212416,1129881,$1000-$10K
2Gz9bDmXa5ugN9sTcDPxfxScaDgzfMNH3WddDnB5VedQ,9390.8694542558,1129882,$1000-$10K
4zbbY3idE2QPiusxEw4w2WbrR9NCK7Ls2mdAvtCoGp9a,9390.863260874854,1129883,$1000-$10K
4VeiCD5bia6wJoxZrnoP8R2UyV2y1qe4gTJL2EK1pVK9,9390.850882811605,1129884,$1000-$10K
2TWCN1MXjq85CEaFqivEj63wU9P7TLFDcMCzvmMUm51d,9390.838527681679,1129885,$1000-$10K
HNMWHmHC8NcynFXXsGy3z5s74jiEnaDEJyb9PpVRvmL7,9390.835083973025,1129886,$1000-$10K
HxagysBwLssPCCrchcogk9rQLsS9pRiFNxKbpB4w2d4P,9390.826048192854,1129887,$1000-$10K
A4iaZuzZwWs9sfq6wy7Rrj1Jsp6DMpqa6L2c2St5176A,9390.819809815412,1129888,$1000-$10K
GSu44oz2NrzdhNT3kReRdXsabR5KfeCzcWvV5oxw9AMY,9390.784107205596,1129889,$1000-$10K
Hd9CrowNghJ4t8wn3YhRV9TMDX2CBqcwMRtKDHLrR2zi,9390.778838657207,1129890,$1000-$10K
6ntXztBbNmc7Q3H27dzqySU7FRErPaAdMF79p6vrqGx9,9390.763877031044,1129891,$1000-$10K
3tQ5v6vRyK8y7BQc5nRYtE8BjPEzrzjgYbrMtEcSm6Xr,9390.743055175755,1129892,$1000-$10K
GmLyCmZvcuNp3BE69yXuGM56HqEXkRJvaTKCZ8U7Rm1P,9390.71029740808,1129893,$1000-$10K
37i5x5ztqVLjapsYyH8YVEtHdzUeyP992Ldy7KHsTYft,9390.70832745382,1129894,$1000-$10K
F5SvQbKBBEozXCxrF4ipHaMVosSjnk1KrzvXkZvTHpy6,9390.698680649673,1129895,$1000-$10K
GCdpUfRgkwPmH31WmDiG9PjkURhHjGizQtB7dH44sip7,9390.685509697043,1129896,$1000-$10K
Ar3e3KCkH8GTmcwBoWQs58CCpveRXFYYD3U9Y883uZTb,9390.669849446042,1129897,$1000-$10K
EcQT2D9KCREVd2nKnP5XpH9eTu8zrt5E8haQtgGH1UhK,9390.656442158954,1129898,$1000-$10K
5ZE7qjBeciSTkfsGPAGDFp7wwGFVnTF8ehgUMyj38JQq,9390.649124548445,1129899,$1000-$10K
5p3yhi44ssKr1CdKWreCvkegH79Qta4NJ9hkMPKWtq9r,9390.616358364927,1129900,$1000-$10K
32UPKgMu8XjaCrSRyPK9qwW3oS2ZA5ngzMbf5aDmuNLy,9390.608326251158,1129901,$1000-$10K
8RwDMsWUVactFCF7MYNpzVcvKx2Qb17Bx3XnGdAJ73Ck,9390.585028796371,1129902,$1000-$10K
GaxqrQsBTCYH5Y8Ti1BeHzeVLNV6JofpmkVaxXvihSfG,9390.584521937582,1129903,$1000-$10K
ErYemrjB6qLJ3f1gK1pTT8ALDu9rJm3sMyKGwqkZc74x,9390.583143700931,1129904,$1000-$10K
B9ySRVgDC8pzs3BCJzKRb1yLZhL69F89sxmPHcxKZUef,9390.570633813559,1129905,$1000-$10K
4Z8CCUjnJcghmUXAHCNeD5BReCYaCQcCs8m41XoeahCf,9390.564823752236,1129906,$1000-$10K
9zznBLCpB5Bj6yTpJGZuguzLntaG3rH232K4wyHwpB42,9390.557163112675,1129907,$1000-$10K
HCYcLjA7fZdnfxDvyDgrwJg71AFJ2gTQF6hBWFvpoXWX,9390.53009164411,1129908,$1000-$10K
D9viFdHBJzkS6GVvWP9r2TgAJS28ojhhhaeFKj43EzVE,9390.527269804163,1129909,$1000-$10K
EwmgCrjkeo2p3zkyTTcxjKQKnh392VsRzyafb6Zaeymj,9390.51358600654,1129910,$1000-$10K
A3WGwYwB7bNR8oKoW52QuD6ZY8xeKo1iDwK1bmPGnUnT,9390.51351763202,1129911,$1000-$10K
J649ZsBkUJLabdYAiJvg8ShW9U4Lpiwx3NpbDcgcGTi,9390.494141845673,1129912,$1000-$10K
Vh3jis9iLdrXznESi3jVbj8UMPzBYw4YY5V6mJDhLzs,9390.478745562625,1129913,$1000-$10K
DpDvZ5pJ5XKnoWsxSJtjTbZAwhvAXWVd9FsoeW8B4eBo,9390.453987291707,1129914,$1000-$10K
7HY7hg5hYiQ5m2LFWQEAn73H8PiH2FHEFUXAtj4i1yZ1,9390.418642210288,1129915,$1000-$10K
9YwmvBkfpyF6bDCAP9Tdvfvea5pEgFwBssnbEoGpNjDq,9390.411922278892,1129916,$1000-$10K
Epq29fQPsyck8xkgLqY7dM2vWn2BRkJJhBLWLvkjAiB5,9390.40518848844,1129917,$1000-$10K
ENskP4ZSeRqjgGBuP93ibWwLPE16btTW1cwQuYwyKE2M,9390.376425900426,1129918,$1000-$10K
2NFqTAZ17RB84bJwYioTNLvHkcPQrtnnWnyXzki8K3oU,9390.376136000916,1129919,$1000-$10K
3bmcHMHwHYRemNd54nvfQdagiw2DNsZSATcHtKGN2WNq,9390.3757922879,1129920,$1000-$10K
F655Hd1nG3qdDStir1ESrXMYaULuJNbgJow53uiUi12v,9390.354987719738,1129921,$1000-$10K
Ap2NpFunwJw2Jdqh3HTf1rRnbvoAiVCyjbX1V9bQQmTS,9390.345393198508,1129922,$1000-$10K
375RsiudieGo1BPi1iGSL2QFhsTDxrF3ADz17pq2oeVU,9390.341857966496,1129923,$1000-$10K
vcsm3DeQAoknD2V2HDZLn7YuVvRSjTcVop2HhM3EnNP,9390.338271964607,1129924,$1000-$10K
8u3W9gvBVNrjvRLgsVinEerH1i6ZhbaNqaDrYPYP4Ux7,9390.335295600451,1129925,$1000-$10K
6CVsMHK97MenEDoEyMGxqaS9H1iNGxvBsFBVSzcGJ6Pk,9390.310797024882,1129926,$1000-$10K
4ZFLP8zqKdy1J6sNZuKVY5b97rQXtJ3PpfPuaR4VY2X3,9390.283194211805,1129927,$1000-$10K
8xW4qBURQiUok4o47wnsEo7739kPYh4xUWPE6FPCGPS2,9390.282084241608,1129928,$1000-$10K
3uSMvK7rxouZ9k9KZ8iU5REbpPG82hSkcBkT5DFJC5p5,9390.27792794599,1129929,$1000-$10K
7bksysJykeA3yi93kvsNvL1sQADRYDntZYDPDc7mjVv6,9390.268786977245,1129930,$1000-$10K
oKpR6QbDtMNY3vDAs4Ef4qs78dqBc81h21esrPMCj2d,9390.248755353112,1129931,$1000-$10K
C8ro815y3dMenDDwb37P1YedXJfN4QEtmgPF4F1hTf1i,9390.248505642257,1129932,$1000-$10K
8TF4uMrvbuaGgMwjruJvFaVUbSebQsUF3hn4rcaQBU7J,9390.246374498734,1129933,$1000-$10K
AUi1sqsHkEmrW2A9U6EZRjmAcP4azfYDPPLwxVujU8eR,9390.231079566043,1129934,$1000-$10K
GQfxiF2rdwQ9TMYd6t1nitMXGaxj9wdo6iNNR7PoVvBn,9390.228950047298,1129935,$1000-$10K
6Y33eantRg3Hb22T1mebNh5UvvCWmuzKF1qEn28BrYpE,9390.216902091634,1129936,$1000-$10K
Fw4AtBqLDmtUAr9B4HKWz6GZUFhPRRdZEVHPEanGEBRd,9390.20683910111,1129937,$1000-$10K
yT5rYw32hbp5j3gnjypm7z3PM7GrTbQwZLQgqua8R5j,9390.198033579314,1129938,$1000-$10K
AKNwwGides4foPDbSwKF4qixN8Fb1Cfc2ce6kviEv444,9390.192206373715,1129939,$1000-$10K
BJ1vcJhjhwF3pZrScnbkeB3K1sjRBKZ6X8QZpFD2AnTc,9390.15746802906,1129940,$1000-$10K
FmRHWxMmivpvFdnYMZWrofDGrFsVRTCMhp2XBujuUU1G,9390.15493952995,1129941,$1000-$10K
CBFoqEnVx94b84X8Eaoi9p94K7DBtKHaySrkgfTbYBwK,9390.139770166352,1129942,$1000-$10K
9GbQu97xq3GhtfdFdhMmnXG7jjuC5Lcpn69pkcAwU1zw,9390.138293252761,1129943,$1000-$10K
A9RjihhETXp9kjjypekQ4Kcp7RbjKqn2EZb9ts2BMuEJ,9390.099192833783,1129944,$1000-$10K
DUpC6V6Vgxhvt8LcSznFhhDPFdRxCKutt3ntZQKojGc5,9390.091663089815,1129945,$1000-$10K
AabQgvZu2eeCLjfgPQr8xWZUQHgBCCXdsp4M1CsM6QmD,9390.06624830821,1129946,$1000-$10K
67QjdRyeEE6guJhy6cv9DJFiYvcJh5mz9nEKuFkm2y3P,9390.061222016682,1129947,$1000-$10K
BJdSvc7BLp3Ae6ZMKi12P2UxZCB9P3KvaErsa93FCjgN,9390.028772414587,1129948,$1000-$10K
DbuD3vYk2DXGPhmsbk1YBnkbAuHQENLgvtvkjEkoqhJa,9389.935588563229,1129949,$1000-$10K
EFGJZPEP7mMGAniXUqWgsZJ4tXQKdNRzANbAYkG5Mqer,9389.919950308102,1129950,$1000-$10K
FAzXJ8sXtdG1wWWce3bwMvhEFqWAzQF9rux3kKgRMN9a,9389.919747340755,1129951,$1000-$10K
hhBQppXUK7KfayUpKmi2YR6UH8zkqsT3BBd4BEjvz42,9389.91165198741,1129952,$1000-$10K
DF9vauUQSoKZYqGE2wMon9FyapGaX9xYdLPFWUFQzMT4,9389.89525929425,1129953,$1000-$10K
HDH58wdBXJRZ4k6LjZPaG5ySizNTrjagPHrbaYm8QK1U,9389.894940358454,1129954,$1000-$10K
8VMxTK7pTJxgEPqcfQc2Z5YHEexte5hsxUoeus8afuh5,9389.884191809308,1129955,$1000-$10K
Fh79u5X6CApL5gudxKKhS2D1tpKHdvu5q2TdwAKwy9FM,9389.872875353287,1129956,$1000-$10K
GJjmxkXps6FFRkDmKy6ifWC3wEs9qVdDqTKm7p7t5ZGD,9389.84166414968,1129957,$1000-$10K
CqTiGYUM4pZvv5iMsXju1FeZLU66D5KQZHsfe2c6WXwS,9389.801796000871,1129958,$1000-$10K
E78JJmg5F5F46mtQK9JzKBqwo1oKZKP2qFDisaMN6x94,9389.776065788923,1129959,$1000-$10K
BR4fTknZa8bY3QBAj6Udarehcz8mSs8tWZRkwEZyBtRY,9389.768915462275,1129960,$1000-$10K
BJrrDp4AYYcdJAaxr4HPFjpk6VZemr2K6dg7BKSSYL4u,9389.750421790419,1129961,$1000-$10K
6Tkh1Y2Do3SPDQx4M1KkPueysS4a354NjsTwn7MovVJb,9389.726445684875,1129962,$1000-$10K
2uiXwfXACU7bNUYxysLgGXNs66kGqb38LBxhY6pLiDG4,9389.712338458341,1129963,$1000-$10K
2jsKttDCpLSnoLMkCSFmcG4KLjB6Uozekt5FnR8i4xFe,9389.710244178841,1129964,$1000-$10K
B6zs9JefmEbvXwFKVmjUC92z4tjaioMedo7MogBC11S5,9389.69018012385,1129965,$1000-$10K
Xux4X4w1L8ds3oHmr689CefXmPHCrJWFjaj9QyijdDX,9389.665588166241,1129966,$1000-$10K
EgDC45bc6UgUwMo4N2c48WXbRRhps22X7jqe8VUvzdTP,9389.628068431335,1129967,$1000-$10K
HnFMcX7aY4tFhrG8iNqUM43TkcJ7pJVEYSshFkP3JcgF,9389.623799764033,1129968,$1000-$10K
BdWwrJ2bxvKY5XMGfu43txjQKne9EHqBzdU9HqTbR2es,9389.597950633959,1129969,$1000-$10K
CF4srxwM3JvRfDgXTgsABVY82ugpPN8LsCGP4LsgZiFK,9389.595305650693,1129970,$1000-$10K
F7bZFkxuE3ZMDrqhapCms6hhJjNPnneiSaXgWkgNzbwd,9389.575649031067,1129971,$1000-$10K
25H24RRhnVAusvjN8y9xozXyNcTKR8RECpYLWGmhmBR1,9389.564851821924,1129972,$1000-$10K
5UxcunmeUaXDt1C8fVPmibt1UV78jQe5EYBLdKovdC25,9389.554556515639,1129973,$1000-$10K
3r3jESs6FcYoAXzfi99xFjtQf7QiKrjjikn2RqfhC4Df,9389.54212448893,1129974,$1000-$10K
Fs8W9d3NWG3bkXcaC1hKoFM23rbPVX6hXa6KenBgWsCE,9389.540283888213,1129975,$1000-$10K
3AKp2BLDsUdTJUdezbSH3YaMnhi7ETwzRaon5eqiqHgb,9389.52319147297,1129976,$1000-$10K
GmLM1cLjEds9PVgJ18n1bmvfs9qu2dQfM1oWkYt8PR4E,9389.522223352113,1129977,$1000-$10K
7dzaJnTMEYYF2D16XsigYFVEShQmWD8hDSVU66b9Xuv,9389.510848335703,1129978,$1000-$10K
6fRaLuyDwtbBE2xPQkoMrxU2zdybfuQqK3wpY472moYW,9389.484373055962,1129979,$1000-$10K
2hasA8gV5j7awoV397yPEzM3kU29jB7gDFdS7iQduwj1,9389.422685156043,1129980,$1000-$10K
HrtyDRoYQuuRKMEupKT5PJQ25EVBYUeyUuRFYeCiKjWh,9389.380143190445,1129981,$1000-$10K
pXEbfpvZNABsxEEoo9my4pZPC5pD1MGzzg7rHDRxso7,9389.346376777834,1129982,$1000-$10K
rFKb2TwSetHAmknTFpi2oaU7iebJhrTZgg5ohHTa9cC,9389.342547419828,1129983,$1000-$10K
CunAaRa4eZ2mve3wcApsVrXXjP4ahW6S6RVYZLzVfci3,9389.337238567618,1129984,$1000-$10K
C8maKE8cqEEXJMgdBdgiE9QKwMfjn9GsFCYRF45uNa2T,9389.335120950194,1129985,$1000-$10K
HdsKzWbcd4Sg58CuuEr5QwSYWZugNmUt7PMbSZejDGz4,9389.32905845949,1129986,$1000-$10K
8YYZMRtMC99UUzjysBcFdDMsjohxJoaUMyRxEn3dwGfQ,9389.327045901642,1129987,$1000-$10K
B2Vmrv474thXdbfds8u9PbP6CBKbztLVyu7cBTrjUWfR,9389.317158895412,1129988,$1000-$10K
GPCJ632QBkMaedKa3zEPhDUqptcLWT4xRRELn3EvzWrT,9389.295447977613,1129989,$1000-$10K
6waav77yfPF9aAEjVg9zsqEW9aFMv7k78LQXzGJA13CU,9389.270981910846,1129990,$1000-$10K
KUzTk2xS6PzTHDEg2vw4iX7iAy9nWM5tgwxXiNkaHaW,9389.261061460053,1129991,$1000-$10K
3pUP1rMVsqYLeiRpZyuhD5dVyoHm14LkEjZNAvVcCY2s,9389.259565021712,1129992,$1000-$10K
7xMXkUUwjk1WJmA1BUJw9TnJmeim3BtJTXNPUnUqnxUi,9389.252232536965,1129993,$1000-$10K
72zQBpX86vY1JBJZstPmgDkpdUpFCihYnt5twKugwcm,9389.222120068898,1129994,$1000-$10K
9Lb5zhfbdQhjDq8pnFZtXZY8v5BMnhBUbMzbMYE4BFeJ,9389.219807134103,1129995,$1000-$10K
234wp6t3fDan5nXQYnzDuGVfLeFP3dJXM7BqF9QKRxSV,9389.14941747957,1129996,$1000-$10K
H4sm4rKdsUZ71cNazQLPaFzdt7LQQ7QYL5RAjSpYdzAh,9389.110840690559,1129997,$1000-$10K
4oeg6nt5crhPT4v5qpe8d7tWBjqBvYeQ8s5VPNhh5K5Z,9389.105688319221,1129998,$1000-$10K
2ERfm3DjDXBufHtn3mszmpbhHfBbo9BP9SNbDPjQsuxU,9389.1,1129999,$1000-$10K
EwjSSEtSKMwunf9efXDUoVuDSZuijSXiJ4mP7b2Kobrd,9389.086272631293,1130000,$1000-$10K
7bbjutbKefVL86BFezzGMkXqiEFC8JX48PRvMPSpziG,9389.074232926228,1130001,$1000-$10K
AwTimfRYzSpUXC7RSQnQXCN9fmcPTJhf8spg9zGj7jLJ,9389.06866101791,1130002,$1000-$10K
GzSzBgbRHpZeQcUKbPhqHr5xpxg3WPpVd5vdjFDBrLYH,9389.048734814418,1130003,$1000-$10K
9r5vXWj3nzvB3RGkkixkPxBdKbj3UYeNoEGKhh9PhYYd,9389.04111637844,1130004,$1000-$10K
8pz3yynCaQdGHnd6KX385m4YcfLcCR5ofLipMo6jcEYG,9389.030646121406,1130005,$1000-$10K
5Afhkhjo3Q2bpoTEyhhVBnEhmKuGEGB8ktWdySvv7JnK,9389.029824250956,1130006,$1000-$10K
AP1whH5JWRUhPac2kgL6sAYAJyYrXUgKKY9cmDtbVHSQ,9389.019036691161,1130007,$1000-$10K
Bs39UajZcQCrPbS7TLmQ7K5imzpDibwdDhKyZZeyqqkT,9389.017926335127,1130008,$1000-$10K
F2Y4RDCXXkRSzDsSwvxodJJ52PmyaiTqptkgJnSELyvH,9388.99516011455,1130009,$1000-$10K
573cTf4j7sdSjZd8f1FB6NdbxK5AuXA7LCkxMS5bJFf5,9388.96504603,1130010,$1000-$10K
7qn5APKjJJkSL3vxFXGnV6Wpgdxdjk73YC64K94DQnBQ,9388.9512488265,1130011,$1000-$10K
AjpFEjQZZM5htbSmtrraz5HZVRFsP5nXKGT33dDG3cUA,9388.944055261058,1130012,$1000-$10K
BrsBFwrf8DGkYDaEsHXVGabLgPBjBcXyBQMwS7qaTXcD,9388.92385335512,1130013,$1000-$10K
2SDkgmfriHPn9ACuZ8zFVy1SWwfbUFi4KowhPoFKubZn,9388.918069005449,1130014,$1000-$10K
Bb7ycXv3fqy3KoLpx5DoNUTRkyPtKQ9HmXGiG3fjrJSG,9388.887604925198,1130015,$1000-$10K
8c5KhsUMYuCrerYnCDJQZxBnxvLKRabvt66E7c9SoXge,9388.870428650704,1130016,$1000-$10K
28BkrpcetGMXabfdEdEKaka6YJdujvX6Hki7tz6s5BX1,9388.844922899432,1130017,$1000-$10K
7jDW9PAv3LxEuEgNY1KyV3ACnTEYifWsbNGXNDwZivGk,9388.8153375351,1130018,$1000-$10K
BF9mDbjAMYdzM9JxpeiDEALbEYwqBEmjGBQcjpThcjT2,9388.77309901464,1130019,$1000-$10K
BDuS1dRneruRYXDLpH1eNrUcD9aANzPBukSTgai1cnsu,9388.759919427539,1130020,$1000-$10K
EC6YdKE8RSJLXNe7DSgYcQRLU2yjjBzJLGfNiaUoxWGT,9388.75924831624,1130021,$1000-$10K
CreBL8ABkFo6uh9aE9VmBUQKSFKrpGfoGnNNChZepoGE,9388.751459565101,1130022,$1000-$10K
C8z7TDu1FY52GYPSdiPedd3MDHm8prDHG7Uda7botRtL,9388.74194510964,1130023,$1000-$10K
4Qy84mPQu82X1s3JRJAkd3n59xMSr4TwPX4WFPv86fUb,9388.705119392689,1130024,$1000-$10K
29Zxft1xeoQmudS25WSWdAVoJtms99h7YjUh796zgb1D,9388.700251070359,1130025,$1000-$10K
BnBNMJgf8NRirWxgH3hjLiAKxUhxYqz8dCdDqs1LH4iD,9388.68940125549,1130026,$1000-$10K
4DoS5nURTNTUKZVSsFvAPsgK11aYB24XGFp1PRQs2pBX,9388.646450990915,1130027,$1000-$10K
DpsAM68Na7MAjhvLWPRmehJYUmFuPCNyCBgtnKDGViAK,9388.634047993573,1130028,$1000-$10K
1em2Lvscn28kcY9kGin4mZP6ikJituh8hShSGvukHef,9388.611371974937,1130029,$1000-$10K
5mpgbLPPSPQB9v2t67aDxzz8tddLWxouYd5dizBGBYsd,9388.565374668922,1130030,$1000-$10K
2eWSXpZMXoNLXoWm7ZcB3RsjoMyeYYW8XKWW23v2z8Fg,9388.551213085639,1130031,$1000-$10K
ATwScs1QrGzpEKYsL33HykyemtSEq96vt4WTVAr5qAcr,9388.53863385794,1130032,$1000-$10K
4EvyVgTy38X6V17h3vdpgb1dkAKj92Ho7mm9j7vKRT8B,9388.482749972294,1130033,$1000-$10K
64Y86UsUDaqsEcf2FrbrGt7QdRiNQW5He52D1JetxKWC,9388.481693065976,1130034,$1000-$10K
Bc7wwwhZV5LVhDn6KPrBHLniRHzmTwnUTCeX9p3qJhDv,9388.477906001232,1130035,$1000-$10K
G6V7KjdLRrjVRc3qrys4BDwPruvxEMLtUp3A5LrRaSfC,9388.404400247597,1130036,$1000-$10K
BKG6uhi3SiHWAXJP6rcZWdE7ex7A8exCD5wnuxnLD5Jq,9388.346470680635,1130037,$1000-$10K
6AuozZPi1hbLBQnCaMT9Z3dKSHvvuSXW9MKxT4WrfZx7,9388.344567509357,1130038,$1000-$10K
DRw6R1P7XsyqMPPWSMGozxTcXqbne1MJZNd5RSvSfx5Z,9388.296814608535,1130039,$1000-$10K
5NgT6MemfC7Bd7Wm6UE1Yu6ZMjUKsBiVSta8gxguWADG,9388.291093718964,1130040,$1000-$10K
FDG1mucmSRHfVi2Krf7hnJTWpCS27TbpU7kKEt91fs9F,9388.265313497648,1130041,$1000-$10K
F4sG411a5g1v9HKZ3xy26m1VvS4yjcWTmsw8verFEGEw,9388.224118000328,1130042,$1000-$10K
4WUJU4uDzNjwK5LCqkvhC1GVsWsxCCVQvf1CrfUzV7AX,9388.183571611116,1130043,$1000-$10K
8NiNrEZEaaLTnW55Fuksdv8keeKv4eeeca7UcmtEg5JE,9388.17967170878,1130044,$1000-$10K
DDbJ7gmCMEJPKMbgEYCYWgXgs6RrfDSfVgvhXVJnaQkG,9388.173315202072,1130045,$1000-$10K
6oV5JB1xG2G2X8UnLV9L3mrjdfXi6cjoWFa7n79QsZZu,9388.158802027852,1130046,$1000-$10K
7GZxCcZXJ6yb8rPZUtoJwcafxHcxdz7rinbz1mHZRgi8,9388.148022316329,1130047,$1000-$10K
G6x4gmNy4soNK84CVSykUHQ81qhvF5HgpGsYGp72RhUG,9388.147220400195,1130048,$1000-$10K
4VyHDZZVTtFThd9WFHCUbySiLX81JjGgRFW5ggHXTF9V,9388.132006515158,1130049,$1000-$10K
EZnTkE9Bs14uKFDX5B1Qs7xdMJYwBinewmvb1emhGu7E,9388.120129030296,1130050,$1000-$10K
DAnbTwnrpZRiHRN8FUzTUQRM2V4wQLmSis94YyW8v9vF,9388.11490713431,1130051,$1000-$10K
8zJnAXoLeMpVnjbWsrmk6sJJH7qVD3wAQzWRdATiFK4B,9388.108359327794,1130052,$1000-$10K
28iPaAekTsW5aZX3Psy3DgE67ZngTqoap6RgDa35B8fr,9388.07539444324,1130053,$1000-$10K
DC6bLWvRB2xESGLpis7f4K7fSMvC5cKKkjeEAYyp7ke8,9388.073526558193,1130054,$1000-$10K
H5ojTCKoyeuQDTj8gXGLiAfkR18SkraW4MuLribRf4Z5,9388.004510392979,1130055,$1000-$10K
EoCGNbKYRVhaQ5fADWcv4pDqqiM12MRyBAf4QbxSPuus,9388.0036147941,1130056,$1000-$10K
FAtFBA991roNpEv94siFmMdyVVswV3t631BVwZXEBQTW,9387.986831320772,1130057,$1000-$10K
GPGWxGTewm19WJSAc8FsVWnZbYRzvFKuJQZQvJcizePw,9387.975432883675,1130058,$1000-$10K
GK7pbsUPzYY3cBbEtJ5TyapdqkXPo1pieoQM3TPZQtMB,9387.956650003429,1130059,$1000-$10K
BUURXJAGVUBbs3XgDftGCCbHDrjURMBrgV6pnqiihikd,9387.955713295478,1130060,$1000-$10K
79z8PfdUCCqmssnX7fnbvYc1YQn6EpKSt6HYZdAMS357,9387.945236330495,1130061,$1000-$10K
6Rjhv6FQeN59zRfQ38YZKVNzaTp46EeUiZSdASNmh19y,9387.94401368718,1130062,$1000-$10K
CzNMYsgq73v5iSE1ojfwbamFE8c293RnLTVRPyVdULdM,9387.936572798782,1130063,$1000-$10K
BQcok2nzSzt7eo2ZkPd7YWkEwyxebCppDgXNEyBGhzAJ,9387.933021147208,1130064,$1000-$10K
Hkhx1SATP8M7P1TA4C8YSFFmp9yj3pcchzWuFe3ENfgi,9387.92653051783,1130065,$1000-$10K
9VxECVsmgZDEgGpsDguyB5XhBUhTZVUMrxzH3FLw5vGi,9387.91301914067,1130066,$1000-$10K
3UoGQC3CHxzFBe1zbCgex26xDs8x2tua1vwrKhju2etw,9387.908311724823,1130067,$1000-$10K
95a1vSk3BjNJfCGMQVsX4e2qT4F64ozhqG5ReBtjoWhV,9387.894294969195,1130068,$1000-$10K
DsJhFgC6VJLZouyQJRKGUeedRRumMw7SsVnih4V9jWeZ,9387.866667553732,1130069,$1000-$10K
GTPtmy5QGb3LbEfW82MpJDtbe1FZgRZtXTJpWpetUDAo,9387.853948743526,1130070,$1000-$10K
HgiktwTP8P4JP29YDxH79zWXHoJoaQgMfWDVrNdiD19r,9387.848547953581,1130071,$1000-$10K
SNoiap8WhvtqApgL48xChoUHxVgmxocvYjBpthYbBh1,9387.827517185779,1130072,$1000-$10K
7Fv11FqEryDBEVvtr6Uon17u4Gp1ZQEjAPqY4rCtP8wc,9387.796969258816,1130073,$1000-$10K
7Zfqtkd4to7xDMDtNWwazvaz3m78SV2ZXoZJDRgXqzjE,9387.788162966277,1130074,$1000-$10K
EEdW76rSdETwtANHfws6Q6nEpJzhZHPe2XHgcsBA7YN2,9387.74928310278,1130075,$1000-$10K
9w1D2se87ZzwzJq3Mw4NUC5LpY5ZnKvKLS5KQ9gF9oLc,9387.745795715293,1130076,$1000-$10K
3yB3UGk9Sw1Zgebcw5utqzeDYbzhrhRC54Kcw2LEW7cq,9387.72127396468,1130077,$1000-$10K
6VthndpaaN7u7Rv7WxPi3UKoboJMdYwV126gtjSC333q,9387.697881366108,1130078,$1000-$10K
ENkFNPikMxsW4Jsuvc5HQ3LRJtgdUkRfM2NLmxZVswG6,9387.674316305918,1130079,$1000-$10K
EGzUhDvDBcGNebdFZTfNbxWyBA1Ar8uY1F1KXTRyrx53,9387.651041382858,1130080,$1000-$10K
3hqUGrLhgKKUKnWQ8XSs84oYMkKmM6xutH8NeQaYSQ7B,9387.644243100578,1130081,$1000-$10K
F6cicjxqbfPe5Sz6Bt7kaYsXTp7oWtzNohmt1vfvNVEH,9387.641601108795,1130082,$1000-$10K
HXnyyFbiZNMnvkXCMDdyuHXTJVpigzd2kwnRGZ1FAxuK,9387.62515737764,1130083,$1000-$10K
4bF58kiedPXFAjcvhrV9AZDjsHB2L9rpADjaayjNDz4o,9387.610160939124,1130084,$1000-$10K
AcQgpD6GHBQbf8jCzqNuFSbEdxEFsMD1cW6FJD9J2qcz,9387.578912268124,1130085,$1000-$10K
8SZyjg56PPRYvQMPY5S5zjmNCQoJMw3g2qGvWAn5FQDU,9387.542730962561,1130086,$1000-$10K
DKfEsmGCAMuA96y5vnAvd85Q4be2awFvbPkt2geR9XRc,9387.528605008752,1130087,$1000-$10K
EJmQ3NED6xTSoVfiQyuGifSSPwzXMUcBXZVrz8dbWBgv,9387.523233718595,1130088,$1000-$10K
8Li16rdoHhwDCWEymr7UUp71f7STK9wJcvwRpqZXFzec,9387.52240508445,1130089,$1000-$10K
DgwQZ8A7GoKSUfSfqZQJ6dNrA74G6STagHb5vnq2RfWY,9387.511579238168,1130090,$1000-$10K
L2tdk2HzHUErjo7awyyCouWbyxdbwui5zvzWMurEx62,9387.488146292128,1130091,$1000-$10K
hD1qfdvUST7hZNKK81fGRLxzu4bHN9LFEKdTv9SVipY,9387.48200763972,1130092,$1000-$10K
6QBsNhBJ9wuGQSGtkMAx99wHpgHEdWru7rZxW3DgYoNg,9387.454086962944,1130093,$1000-$10K
941XXBvGiqD7qASdZjHKZQi6USGrkeext8odbKZESB6G,9387.413748288043,1130094,$1000-$10K
3rCLqTF5xg75W8sZohB4Sdj3gfvYJc5yufjX75KYvCjK,9387.405474443429,1130095,$1000-$10K
2uo7wHESzEXuTjkuVa9R5ikeu55bufC7R1cmTRDLmcUc,9387.380715196334,1130096,$1000-$10K
A4jKHVEExd8zPT5Tes3hqFc4ggeWRLdxgSAbjDyiHJwc,9387.371997620747,1130097,$1000-$10K
6YdySHXfUuhVXxHhvgRCVPvMvyZk6RUB6TpJTWByghS,9387.369683137727,1130098,$1000-$10K
AMELJEKmn47HKHJTJtBdTeniYE7iwWbJ2M8AshyQWKYG,9387.367641598426,1130099,$1000-$10K
C585oQWFavRNuMXajaze2tX8qqYyvWTfZRR8a6pig2MV,9387.360360863577,1130100,$1000-$10K
6srmQAtod1VzaRRUL9GDFTx4544G81Vooy2ftgxf7HU5,9387.349956894936,1130101,$1000-$10K
4CMqKceiykzFqTdTvkV6nQvTtb1aZ1wbos34hYS8Jgf1,9387.34759241234,1130102,$1000-$10K
D9VebU4rRsWUDb9tubgmVQi1SLibTqBmp1K8HcWVTjK5,9387.327181392066,1130103,$1000-$10K
GGW86bLEjKqbRHJeTkTiY2mPxFuz3HpmJxrQeLKJWeRo,9387.323869826043,1130104,$1000-$10K
6vg7c2TP9cEwK5Bw4ZyHN3KBVWS8CTxL9adhQQZSKgYp,9387.302508027791,1130105,$1000-$10K
3fjHk3MJzz13ZbztyucdNnb9oeND3xs5qUA8ZHn43CCq,9387.279541190634,1130106,$1000-$10K
AekVJgrEWJRhna7T46CgSbVjSEcUzPBWieCWzZoe9UTg,9387.271224636395,1130107,$1000-$10K
FRjhfr5DuQ1LSiyZWMdxRhH4ouEBBP3UZDPQaKCsKoxT,9387.27028899772,1130108,$1000-$10K
5Dvrd9gNGUUQgKUc2jdE4cCjaCxz9g8rXHkXhUp8q1Ek,9387.26877098325,1130109,$1000-$10K
2ErxaFVngSvmHuUNDJdjn29wiEQj2YL1C78tHtXdVwnc,9387.262319179881,1130110,$1000-$10K
HgTxXFsCFVotd3JEWjpsdBrerWuY39uaKACADiZwksmd,9387.258863204632,1130111,$1000-$10K
6kFfRQRC2RQeJtpjdmJy53MSrfygZPnnuqKABrEdMQf5,9387.248488724537,1130112,$1000-$10K
HXj7KpuAqH2V6zT1gA5MZL9YfPoMrT2yU5vAMRNaiGKi,9387.1944374146,1130113,$1000-$10K
AYTxziey456YqVLEKihoRXeWenpgBVrnypHTKrka5QEH,9387.171843498054,1130114,$1000-$10K
AQSCjAjX3pY2MDek4jRHW7HLDGLTKdAJGfMNcPCHYPDW,9387.166584727225,1130115,$1000-$10K
8aRW8crUEb6Yhef8RBJHzrronSuvGCKBu5jGjwJS4c2j,9387.165540390768,1130116,$1000-$10K
Cq246okD7HbHgke8RQ3ghk8RvTYdQQQ2DeHV4WcpyWLQ,9387.157507940065,1130117,$1000-$10K
8VzJuyTcfFZpUkruSAeFEaFV4o2TzhWs27zodakn85Rc,9387.154992091162,1130118,$1000-$10K
ExaGv5KtuUnUXHJCC61wcjfE8c3d1ttrDHNgfdjErih5,9387.148874830538,1130119,$1000-$10K
GBiqYC35nyhpS7MfdWe7vQCP9Tz7QavmvZHuR4minkYR,9387.148142258779,1130120,$1000-$10K
6uiy1VDWHUFE4VGvzBW8PqCybWL1tqrdykQRopF1wi3j,9387.140673623318,1130121,$1000-$10K
CHpEcBT1BURatBA5WL1ZSY4LghYBNH5UZeekXATUPUAp,9387.120298762455,1130122,$1000-$10K
9Q5ovLW399GC4w4RAZspU9oDSayhLQhQBsjhqLRDVkG3,9387.064541719834,1130123,$1000-$10K
8sD3SmTjVNT9UgqWjWS29ncz8qV6TTo5Nu3JPVb1g1bs,9387.053207796782,1130124,$1000-$10K
7kyCaEHbBJF26Wwr3o1rsKXbHe1XtPzSDUhsdxds2QT6,9387.035974856435,1130125,$1000-$10K
56mLb4QLtpGHG6TWdbgDPkGKx3J84wq5F7535ESQ9S68,9387.0168159242,1130126,$1000-$10K
FUEDeJYaakrGZU68WrcxrpcEbMvrGR27JCTRp9M5oeNW,9386.997389022456,1130127,$1000-$10K
A1vL5WWytXL2HTNtyUs17oZAbzY6Zvnoy3mRSfbPq5Ry,9386.996071543244,1130128,$1000-$10K
4ts1dNqUZsvzxcJg2YxG2MoUiNrwNm71RVQwUAEohz4J,9386.977520746561,1130129,$1000-$10K
CFbx9wdBjBSN9KD891uLkcSzbsC937xFiSaogHBVc5QG,9386.964733160656,1130130,$1000-$10K
GDpPdFifiZ12yMFDA6yG6DYc58rmAg88BVq8p244R52S,9386.940088065961,1130131,$1000-$10K
95E54qW3qiGrQnYQNhVXCdWxooFDfRv8mUoEGebC5wL,9386.921232821558,1130132,$1000-$10K
CCqkVPFRF4adgaiXoiar8GQvu5nWX5GR5itQgUUtGAAU,9386.914455397697,1130133,$1000-$10K
8Sy653EnpuD1DK5ehSUWXEL4ZFJCrqu1VFq9GHxKNjo,9386.909154431476,1130134,$1000-$10K
2N3JcLn6FXfsTsKQYBrnjKaF3Yw8KcNZRHCuYrWkSgKM,9386.9017505069,1130135,$1000-$10K
B5mPgYpa5S2pvoZhPYbrUg1Y4ZbzfzazFSC357GJyAjH,9386.881007205371,1130136,$1000-$10K
AHnSJQT4aGpR3AAs8CJXKPYrVPantNCcR98CLSy84py7,9386.87544643931,1130137,$1000-$10K
B9tRxgLzphcTiN2WbhNUd1vuyqboJvhwV2fF8KWZ51Xz,9386.874122792307,1130138,$1000-$10K
8wZfieHWjVBy6dCy6sbPu4PuLwGFCYamYMvr3qmYzEDi,9386.836801214864,1130139,$1000-$10K
81u5pzBJpJFw3C2naVkSpw66C1yCzrqfWWs7XJ2bcuCG,9386.832308665751,1130140,$1000-$10K
HypEGBmBuSuuGbiUt8gwXr6bCiNqUuuqUKuBdy6994Ew,9386.828592281872,1130141,$1000-$10K
CnDKUX6eUZJ1VGUL8K4PF8um9BETqP5WGaP8LP7e9yLB,9386.748023889788,1130142,$1000-$10K
2Ne1yiuZaSbH9dhDQFSsXunAHyVxZ8En7MK3UPbtUUj5,9386.722630021519,1130143,$1000-$10K
9rd8mF6GB72AYvgUNtSctfmoSHADxrWzvN1itdLwvwET,9386.706970427891,1130144,$1000-$10K
DyV9gSKk3iaj8cEcHUxVcLNV6zCPy7UrpyJuM5zvg4xP,9386.70462753711,1130145,$1000-$10K
4jjj4QTzTdPRB3wqvvmfoaVLhnwTVkq94EbaYU4MWanp,9386.675435061336,1130146,$1000-$10K
Hw1ddwM4T7joap3bh2mMoGNthF4jQXThhBoAB4XX9cK1,9386.664555729665,1130147,$1000-$10K
3prKo6R5nwUdqLSE3pwkVznYBPU1Psw3JnMxgL3eGWgi,9386.65922059756,1130148,$1000-$10K
rEXzrZmUbwBmtQ1hwwRm9FESjz4Pg5kEaNa4Sp3SZiG,9386.658795273986,1130149,$1000-$10K
CbHULnNj43SyN2z6AjTyjo95iPSFL45nPW6WF28Sep2w,9386.633728522036,1130150,$1000-$10K
EwnSXWSdWLo6JodAJg6vx5gFKDcPQhocb8aFEyqVZR6W,9386.627054603669,1130151,$1000-$10K
B33pna9ydricaLcpEzgZ5K4ctAyJACnhSkovgm2hesMw,9386.582239121104,1130152,$1000-$10K
12fr3BDEaYwDs5mzGKfEvkDK9MZ4kQADxKPWh8dpjnNd,9386.57495753002,1130153,$1000-$10K
4eCYW2jQxosh6rVycSdVtJSxUMsEwK1XPJrCqeMsP6oe,9386.554229540925,1130154,$1000-$10K
8MoZ36vvzjZJW9hRqAuQfDfREYorBhxbu7R3XF6LyhAk,9386.553875526111,1130155,$1000-$10K
BHewtP7STdevBzjaLeAJ5FksVJ9vnC8MCqUMmsYskrAX,9386.538996378418,1130156,$1000-$10K
CYPEjBnbWbc1ehNjfMT44FhEyLGZGGoYoqPBEFc1VdZ8,9386.519536335074,1130157,$1000-$10K
BK9payH3Q13fFazciLzssEcFUF3uR1ZwBHALdLPnSj3M,9386.481247279471,1130158,$1000-$10K
6f9vdDFBugfYUNXgZVY8v9GzuNne4YQwhy2NVE7x94yD,9386.479598640863,1130159,$1000-$10K
3t9nqsxQBmLue4Y4cqZK277HEGTQMvVkiMwGoV2E9xDm,9386.449411721436,1130160,$1000-$10K
CGv9rjXxshdi5NMmjG1GC949y5AqLiz6PKp7qi6KwCsk,9386.447186572275,1130161,$1000-$10K
Cr31K5ECt3xVqS6UGEsjbWDMCjFyAGUucQEY9p8d12mV,9386.440461823038,1130162,$1000-$10K
F51XgpvvzDgrB6eNbBxJHnVM79PJQ8ayMjnJ3L9Ssz4Y,9386.423538195422,1130163,$1000-$10K
5jCKsMCDLSfQkngd7p5cS1p7EWeowXS7NqU3FewoCANR,9386.402250462264,1130164,$1000-$10K
DDi6RFizBWtLVLkYTiBiQeTWGZPDBnWkynQTkucef2a2,9386.39893457843,1130165,$1000-$10K
2LPtugTBntBmn87FToTceV7TYwKstr8opz9XkLDho7og,9386.340497773921,1130166,$1000-$10K
4QcXQRhDLBVz9izP1bJR1MhPSeMkME8yHkKBafGr3gwf,9386.32553632521,1130167,$1000-$10K
AqrmMNWfYUXbuypLYgeJotTsj82W8mYdZSeLm2u6C6MM,9386.305176270975,1130168,$1000-$10K
2RhmKyifkjnpoCoLL1T2uhAiwQdscMER1zSWvZYmZpaU,9386.27002174839,1130169,$1000-$10K
FJUFVie98UtPCVip4ScCKKHTjDprcdanC4qpfCntvE6h,9386.232112892132,1130170,$1000-$10K
DHmexLCtatZVnAGG3WeLXHVdZpB4qpBypCrjJoQy6Qn5,9386.205185293105,1130171,$1000-$10K
3pK7cSUXScQE7JYwCKvnYKCW8eUChPajjwDxTcUHayVM,9386.173091049843,1130172,$1000-$10K
9NRkmQhyDZBjPJY8u8JiJXSMsF9tvzCpKrNonT9PZR13,9386.160506796317,1130173,$1000-$10K
EuE4a4e6L4upPgE2SAqimSHtv6Wm22gtBASW2crXuahW,9386.152948978539,1130174,$1000-$10K
8bF5pMoNJ49UhgFndLuSobzzGroNm7xts5W2RqypEQk7,9386.146945993092,1130175,$1000-$10K
GHzPsTuRSAbdD91YNbMNG3EKa6FvVwJMpKtc7i83byJK,9386.104620006477,1130176,$1000-$10K
Fn9pAetZ5UD3t5fNnHLeQhJtWe2bvaqSbU9DshDzJs7m,9386.094080592842,1130177,$1000-$10K
5WV1aJjnqHSKMHeARpfKD67htXc3YjrovgFDFp3HTD7W,9386.083848576078,1130178,$1000-$10K
99ez9V1UR51y66mMiSBzMoNnCqAVDiTs9iMExCM6mefu,9386.074437705183,1130179,$1000-$10K
FvxocjC2bAiS9JjqkayrHBxdJrg4MNNeYCXrZoRyAJay,9386.069125362721,1130180,$1000-$10K
ECYg9ytmr223bQMESdCJbiDMZ7pMGwCRnZNZagFe4XKN,9386.050538656209,1130181,$1000-$10K
CMVUDSPfBBp9ve9jtT19bibDP7tRBT9Miv3hUV17PhEo,9386.049782518336,1130182,$1000-$10K
7xhWUPHPut4Arq7UJxK2SpW6acm1NUtGPjZtbX8yXGht,9386.04420544032,1130183,$1000-$10K
9RXJmHk49bGMvwahqYTDffF1JVFGfzmjgsdfce6ERhHe,9386.04420074115,1130184,$1000-$10K
HYL341ZFteG4q4fVWKeFarwxrK4ekFJDrZRUHewEaTdr,9386.043847118333,1130185,$1000-$10K
5RHunrA7xCRHHtXfojfConAWC8rLrACZBHLQH1K4fYJ9,9386.022114444822,1130186,$1000-$10K
8Af6wjSgNAMoQbmvs7eoXqc7sVmxA99bWCe1y33MciKT,9386.004109830394,1130187,$1000-$10K
F6zxeESEGjbV7RMMNUEs9a7WtP6k1iW4eYywfnaSkfWf,9385.974758651902,1130188,$1000-$10K
7cuWdcMCXanEzf3anJ8G59hoziJt4PBA6miqhk7u1Lxd,9385.974631913015,1130189,$1000-$10K
DY7v7VHTR9vxm4nGMTzgHHBTDKaWgekuYhLn4UyX4iJM,9385.94559747944,1130190,$1000-$10K
Eo8XBhL7AtU2BVopJwEJMV2eBtVsHZQLwkM86JbLMEhy,9385.914487021944,1130191,$1000-$10K
5ZmsiUijhTnTqvQgGMEyFyBkdjGWTppyV4aY2xS5QW25,9385.91336588597,1130192,$1000-$10K
6ht89AGvNqz6DY7pgJGX9vq8vLx7vtX1AEkj4vKT9sji,9385.90635996894,1130193,$1000-$10K
7FwYpUyTyQ4AHemfYBN7hDyuXeFaPX1V9JfvxrekRSFg,9385.88899606122,1130194,$1000-$10K
E5zb4hU6Wneyr2b4cZPfC4sv1Aecm9V8CvFJmsDR8fiq,9385.882767196847,1130195,$1000-$10K
HXrFwtnvVCvj4S9dd3ESCp3o9mPXr2ZU11fDEisqQMb,9385.876998887585,1130196,$1000-$10K
CPQXbzqMNfvuwcCi2Fu5fU1gVZK3QRzif9tFRVwwHvUe,9385.852104151341,1130197,$1000-$10K
FWhE3NCPQVV8RaFnSHNK1phubxdX63pRfh93Ea8mGKy,9385.846871855521,1130198,$1000-$10K
2N9VrM9mEEUMmNBuUU6HJtNdZ2g2dHf827VvYRMwLsaC,9385.845751077386,1130199,$1000-$10K
Gu2xYGadLjxYDFx8BcuZk9w5TxTrjQd4s3WQEsnqSxZx,9385.813757697604,1130200,$1000-$10K
58EXfbRF7ifs8G9SNX4VWpyPrUAvy9RLsS6nfJvJEvjR,9385.772322649398,1130201,$1000-$10K
CBddSRJUF5biHXJz2oPHQ3JbdGQ6iXYkHchBxxowSBAB,9385.747727541999,1130202,$1000-$10K
Av6BBWP3fyehLYyuJj4vphti6a54HwuzwEwQdNDLiAMS,9385.74309522412,1130203,$1000-$10K
4y1mcCzbjRjWaEReh8KfTyKudtvygW1assfWeUkxqTpk,9385.734056054547,1130204,$1000-$10K
82zaQykVUiD6YxMQuEjRdtsFertfbxq3r8prxyip1Qe1,9385.721848285031,1130205,$1000-$10K
GxeP2An6TLEXhfNvtcnWTKY9kripR8faTquXqPVBw5Tc,9385.696169259882,1130206,$1000-$10K
ZBMVvjcCgqr89A1Ahttmwrp8vwYh25mmoUiZpuNpECw,9385.636785431001,1130207,$1000-$10K
EzU3UEerGVjYbZMfbkxzLRwAJFtLQZGopkGR9Ue8KvAc,9385.633391212099,1130208,$1000-$10K
2EKkc6Lz7YDadi7TmKNbTcPRwX7d4sHCmNVHQ9WpBD1p,9385.62279083381,1130209,$1000-$10K
25dEKEcmgq8SDjWeWLxovkueb6ipMtSsgs92kJvUC941,9385.552844133024,1130210,$1000-$10K
7XtFg2bvTTUUq61HQRt5ZAx1Rk1jgBcnADsAedFFxRS7,9385.53832842799,1130211,$1000-$10K
9QpXPB5ZxsvxvWzU2fJ1kdezPtW1sjixHNAaudab9ckJ,9385.530757614288,1130212,$1000-$10K
416KxXYrqdHtPU5pgfqqC3BiCDSRpwuGypXKa3fD3KVv,9385.53016325664,1130213,$1000-$10K
9HpYZj78u7cbW68p5gLoGbFh7iSoik6nCGcdSqB1Kpde,9385.521173604788,1130214,$1000-$10K
oQDju725PfxxSCk1un6RE1BkikDgocVjHq5ZYoXaDLa,9385.461904337491,1130215,$1000-$10K
A3gabj646WnxuKsVrKXk6hkUPZRXsojG5b2Grog2XVkY,9385.458823722087,1130216,$1000-$10K
2wn7To9N2p4b7qw861CQbRyzHZhYtZBEMD4owHPqw6gm,9385.415243498728,1130217,$1000-$10K
5Hv4VR37WbRn6fuiPQxjWXe5oKudQLcrMNrpxrLn4TzT,9385.411693451657,1130218,$1000-$10K
578DVUfNVkAd4312fCnkUpt1Kzqx2tN8XHLZkxRpjnRj,9385.388762536018,1130219,$1000-$10K
2JLu3fazW6k6JERVywidSHKpoGKrYT7ekzRZoPQd8Tbn,9385.388274812956,1130220,$1000-$10K
GeDcJ464dQakJRBpCcQGuC3DpnS1zmaAmc1Ge6mdPrTc,9385.387623971365,1130221,$1000-$10K
6rhtCpJBfAAHEWeobtZmjyVgJQmRGc73ViGBMeDN3wSt,9385.381689818269,1130222,$1000-$10K
2m9Gm1q94Cc71Vd5LPJQLQdWXUmjTDeXm9NjrJnTPaNk,9385.350280822175,1130223,$1000-$10K
4eJ93Vc33gouvPvTxcKznXqCRbAQ462qjeoZF3HhXMDZ,9385.346721639533,1130224,$1000-$10K
FxhPFGuDttgpiEkpeQV2ti2nuvpdnEunVNUXKvoxovQh,9385.32990514958,1130225,$1000-$10K
Dx9ai2S7mWpQj69MQV32KmSfV7YXnkviv9x3msdpZ5Fh,9385.31751765416,1130226,$1000-$10K
ChZyk9gBUeC1Y3YdTzCVWCBzhgeCppYgpeGggyuXwdB9,9385.305237672766,1130227,$1000-$10K
HHudG3QqKuPHofWQJNYEZqrY8jDEkovX9C3EDj3xXxTh,9385.300391770359,1130228,$1000-$10K
9mmnVVh9hSzTmqxDhKUJtz53uPobXVS4pz6essKhgPqa,9385.299663269761,1130229,$1000-$10K
42rPcs5Q7T5SFf5taaBccYS7mk6hVmBWzuvE84HRk2GG,9385.290541806015,1130230,$1000-$10K
7JwMD4TMY8RMWBuRLEYU9tZGDsVe472h9GeDtUZPjyeu,9385.28866094474,1130231,$1000-$10K
633EVryB5mK8dp5WxUR6TAVNAe67moEY9EzbJELXfaww,9385.285527041317,1130232,$1000-$10K
8qA6YiLQe7sb2Pcah3JCJHQU9ne3X7icd2R7Dnoi4GLq,9385.276301153714,1130233,$1000-$10K
ZkQohksukRmUHK9XhHhKafjtJZfdYhfyRUbWcsu7zpF,9385.27604968701,1130234,$1000-$10K
AGMidNA5itig2Je9Hncrzdc77BLeBrD7Hkiy3VFDosty,9385.249158443146,1130235,$1000-$10K
85anhCt5L9Tm1AC8kFPgEcVqPEoFKiEtRe37i5cb2Yb9,9385.21211080045,1130236,$1000-$10K
8owZwVVzEMCw29CnasjtNc7Ztu7xCeQZsrJqAKhr8m8R,9385.1821427856,1130237,$1000-$10K
36xbqQowXc6fqGRYoHUeD7t79hDttX8mnVTi69Gj2C9P,9385.174971551998,1130238,$1000-$10K
CjdyWhJpcfBQLWgZ8waseKwXdQHpZtcjQpwL8iXVRL94,9385.17138980981,1130239,$1000-$10K
fu2YuE3YVUxA6r7PBZUydwnXsgduNrUrWmWxN14rGZs,9385.162651377621,1130240,$1000-$10K
J56DH4hPcHnmgdqvjri9Km6GgeSunHNTJBvBXgiBN8t3,9385.1556417537,1130241,$1000-$10K
GGUexzNhnik39qvvp26LdNeLAnALfveNXkPH1gNcjdAR,9385.15427173077,1130242,$1000-$10K
AfVVM5pXRQPaeL4eaLFQBmKtYBbSBqfGTFPv9Qyy8vxe,9385.146983203635,1130243,$1000-$10K
CjWz34uohGimnRBHgFPULM2kmJwWXuGvksrRyeGfSqXF,9385.14028522551,1130244,$1000-$10K
44vPMzAWcR1LGCwjt4vXfY6YzRKafjU2pBytNztmFDAZ,9385.122198384906,1130245,$1000-$10K
9BckU4xoFHNVUW2ZKwHscrpzFvFL5RVwWC4zXfhqb8Ls,9385.118542686647,1130246,$1000-$10K
6TeJJ89UT4JDkv1gjsj27KAi8twY62q6oTZNh5Bd1hRV,9385.09427040777,1130247,$1000-$10K
HMeBFC2T5BnAUX3744bcoBAxPkSp7ez4yXqhAUxUFGBx,9385.082508700574,1130248,$1000-$10K
94kekWfTTaMvXJYb9xpZGuMxrAEyz9dqBPi6MAw8xVvL,9385.067998875407,1130249,$1000-$10K
EqtPchh3Pav8YbDEShG1EUyTekYAHE1x1RwEhkvnsNLX,9385.037204809887,1130250,$1000-$10K
6MNrkCKdWygWgyHjW9so7RKrUBvnSjvAVmPuxZkdy3HV,9385.033641954602,1130251,$1000-$10K
q6CeHNRnfL8BoGMJX24K2xQumnKaj7YWhkag4Ae8nP8,9385.000272312158,1130252,$1000-$10K
FEsrL2AAdwKjgU7NqioSuvwdMjTeN3yBREnSUCW4GrCB,9384.933527965384,1130253,$1000-$10K
5uFaTMUyLhjRCmRMewknLwM1yXQ5EirVF8Faa7p4iokq,9384.873248681502,1130254,$1000-$10K
Edsq9jPysujLPPunZ26A4vR7yr2tTAUBAFHZMcDo2RG,9384.86777234959,1130255,$1000-$10K
8342AJQjbZXRabcjFfBjxNtMbC1SNQXSNMv3MbmgJC8,9384.859385244714,1130256,$1000-$10K
99c41Xq6arxBekaLqy84u7uMkGzdPzvADBXwGjj86grc,9384.840232113322,1130257,$1000-$10K
8ZdAfr31kAa7kMW6aHd86xJmJuyfQhseQ42Gyqg5HVqj,9384.831805597289,1130258,$1000-$10K
2BdM6NTpT8z9KJTFBGeAxZANdcbtQsNWQ3ie1VNhFfVT,9384.77714357911,1130259,$1000-$10K
Ft65m7QXSet7jWgp7PqsXQke97RxsAFGEDKVVQ1N7yDt,9384.774852598166,1130260,$1000-$10K
FKpKXgYbQRDqkVXmGsCXbCcUvUGWmgwx8u8thYiS3myZ,9384.766588788458,1130261,$1000-$10K
HN5XQmikDRdecRWPqKZGAjTh3C9sn5hWtpS5A3qzzsP,9384.763821832887,1130262,$1000-$10K
Bur5EdHdqxUBAxgFBYvxt9BLZxVkAfuEP8rye2enwmNj,9384.754897773211,1130263,$1000-$10K
88puaRvztib9GktwztLVSJ4YTnTeDVHnpMQRmgw4sarp,9384.741173856717,1130264,$1000-$10K
AFrXp6Gj5odq26QgkBGqnFmeRLhG1pzi2xiKzdF3RFAQ,9384.699028429799,1130265,$1000-$10K
51F8CdL6yZ3Usg11Syq3zcLsXheKrtYR6oapPv4Kr2yK,9384.692885678081,1130266,$1000-$10K
BQBKxk8ozFwaDENSSzu5mBap4WTF6F6d5HSrwFMWVhMW,9384.669574456533,1130267,$1000-$10K
77UJXoS2ZdxKhRSrsskc2VNZNxUGRRc49YAedEeXgeN9,9384.63150201392,1130268,$1000-$10K
4EUCdraiz92dijs6DxUbAAVK4RUGk7TSPsT1bDyCBz1c,9384.611426992811,1130269,$1000-$10K
DqZebQNCNqTAYeG43LjfG3hjLTex4MnyXwPhXpkMidG9,9384.598157649938,1130270,$1000-$10K
CSJASs1ezBRHGA5fZ8w2k29C3UpPNaFawYn1VMmywy5w,9384.566970640266,1130271,$1000-$10K
EgUPu1b7ReKUKfQGWfAnMGpYveEQzwqcLmwSMfxsjie6,9384.55477391642,1130272,$1000-$10K
8DqjEMKc1TxLbg3bbPWNr1oZsT7EygvPRoyW3AUwxrfL,9384.530202363074,1130273,$1000-$10K
JAbFSoZxbgQXKjh3qeRf1d7T3sMTejwnJbknrvMDJGw6,9384.51896472019,1130274,$1000-$10K
pLyrkCk8yHmXE5sg46Ri3cZio3tAHCvUgTaoQ7LkFkv,9384.48031764452,1130275,$1000-$10K
6HsSW1xdLu5uodg8PWGvFfw1wtjo9gLo894Rh6izphFz,9384.449224041216,1130276,$1000-$10K
HE2AvAFEVuMS5YfRP2dcV8Ckuj3AtX5inkAPCQF93aB5,9384.437731705098,1130277,$1000-$10K
2zJWvzFiQv51rU2icbu4E1WE1VmdvP3tjMw7sBdVZkWx,9384.433339314131,1130278,$1000-$10K
8JoMPVW49nMPzAGYEeRjTvwAhz6ZkxNSBuBn7eochGeW,9384.389305020506,1130279,$1000-$10K
47bAsvHZsLH6FhBZ4qfhUqArYYjMUgcAQ7gzRYKf3yTe,9384.387743639927,1130280,$1000-$10K
2jpxQFoaK6auKQJxQQuWUwzCEt7qW9pbGaUqidZdfBKA,9384.37389689826,1130281,$1000-$10K
Q7T1M5xwAkXSnsPmhje2kpQZJ7RjZh3FjpFSrMRGMDc,9384.360671542456,1130282,$1000-$10K
J1CHr1tcwjk6y1uxEGzD15BC7N8FjYCWbPQmhYyhqDHF,9384.348792570225,1130283,$1000-$10K
BDe1ZC6zRYQC3QD8G2fY5PVxA8kxcAvRqHsYvfKgnKdw,9384.334357023745,1130284,$1000-$10K
Cwn3LHMkXQfSsSGyaYMLErpQpZZMJp6nsVsk64QP7eCe,9384.321513788676,1130285,$1000-$10K
9V4rVy6XkpzjP65SWqyE8pQ2bKYQQmxeKryTCbcpBMpw,9384.27244616066,1130286,$1000-$10K
9q6FTmYvh2MfgnqroMWCkTZzCAgY7bKzHwqY7F5r3esE,9384.258034550929,1130287,$1000-$10K
E87ZGhZgcQgrcf3T967FhJzBXu5CCWJWwZvkrhctFkLk,9384.255464307804,1130288,$1000-$10K
3i6ogbZsy1VNgQEDkeiioV9M8GjWGaq1bJHfawgQAYMs,9384.196205433487,1130289,$1000-$10K
H9yVi7zgZCUeVM5y7Tduy9Kwf99DWCPqNHhTaKEYzuYt,9384.184990977006,1130290,$1000-$10K
3dwZyMUFAemGVpZo5bhPP7MqFyovwhYoCeVhSXBb6Gm2,9384.18498002829,1130291,$1000-$10K
CbPs7rSdVnAfj9jsYsg6udr5b4zKWcCxog2o4dgLjEKx,9384.1566708515,1130292,$1000-$10K
8qEZKuYUQ3jQXVvy8giRoUMY89YjSeX3r8Ht37ZJM1F8,9384.138325226933,1130293,$1000-$10K
2VaLQ8VJARmKubXiEKziGWs3cRjGJyqhtg2mHznja2hQ,9384.107196807983,1130294,$1000-$10K
3RbjtWFGtjybYQ7fA3eS4ozuc6VQKPNxetfNnatLnoJy,9384.104514376117,1130295,$1000-$10K
7ckRrphM1ABQRysyi5N9MS9PV5bHRU48keaj9F34RswJ,9384.101338179287,1130296,$1000-$10K
J9uWamwjNJdoArJfPNjdojdSQYzWJ6VwFSyrPhsDxXyP,9384.095244778966,1130297,$1000-$10K
Am682dziKDtuFJ3v8rHudAebVwz8wCy4ZQLpmkVCdtnQ,9384.086571229125,1130298,$1000-$10K
BgfwdLG8TNUhtwGVKmh9GarVz9Ey2U9EnLWSmo4CBWws,9384.05717201525,1130299,$1000-$10K
FLJR8azNG2GQgwmfY3NkTfoqQzPmgLQN4nusdK1pnKsa,9384.054870220572,1130300,$1000-$10K
Fnb1wcgVwaamtHVA3oZzXMB7at3MW5arESFXDzz32UaP,9384.046712095891,1130301,$1000-$10K
Gsu382W7KdoX67jPUKJEYUPjEWv7qZbJW1Vqpdtx4Yat,9384.027398571245,1130302,$1000-$10K
GkZ2xNciGYDw9FN923d1TxZfzzvaSGK8toCVvukMML2w,9384.022453106507,1130303,$1000-$10K
7nCYJdR2oAkQpNXzfXhyjBYPNBeuPCa9kATrSm49Kxgi,9384.00203911395,1130304,$1000-$10K
8WtzRDfymidw3kSBH73rruC6JoYE3X6SC91uW3JrYZBs,9383.977184879685,1130305,$1000-$10K
6aksuDmJyYp4gDfMVjYNKhFnWikFUeJ41hKJyfnatMcU,9383.97716311603,1130306,$1000-$10K
6dHAKQQuDjzCL6aA4ac47ipxYP5EwQxqVLbwsgs5Buvd,9383.95418688028,1130307,$1000-$10K
Fn7R8SZTBYVBjzWkak2CRYxkwUg3uD96pZ1ECR3yuzNt,9383.950306180759,1130308,$1000-$10K
5wasMeRHb9ZbqhKBHQ3qnvu781MwtFHTpUvdn1mzge9D,9383.93502572421,1130309,$1000-$10K
A4MLgVR6JXb1HqzJmfCHBD47VNyxX4PSCvFXck6LJpGJ,9383.925666237968,1130310,$1000-$10K
GcQTFbGyDr7tV3R3AvxXUM659PAUDjs5RJ28ki9Wytms,9383.913266228978,1130311,$1000-$10K
9pQrjteHXNRskkoLGbn5Cp8zMwb5PDw8UHShAari6amz,9383.90160917172,1130312,$1000-$10K
3erYaK5Zezu8Nr7Kc1BGPPw5c1H2dUVUkn7yPBmDHiKA,9383.900888876315,1130313,$1000-$10K
GUQhmQsf64HxW4Rz4Cf6EJkMspihYapz2c9Db5kFAGuH,9383.895250853142,1130314,$1000-$10K
3YX8W3Kbmv5sRR4R6vxXRry7FFWYij1TK5hwKmTWdUT8,9383.887176217408,1130315,$1000-$10K
V22ao18w1FVUNEAJrdq2JkYErjouGBjVwbqNBEHYgyV,9383.881580998044,1130316,$1000-$10K
EE939Ctgox1Shh8emMov6rcVPwtDV7J7iAwgjPpBpnW9,9383.878692463983,1130317,$1000-$10K
E8ZJrHciQBCKwKXmjG4S6jQoWRGqVUomr78beq7iQsqf,9383.877630925208,1130318,$1000-$10K
DvGUk1H8wW2JvPN4qr6jWVXe4DnXrvNCSVkGWR1xRVcz,9383.869673724457,1130319,$1000-$10K
EHbuA1uoiYwBp6etnUQTakdpMuzx4vqaRRrR5kWMMmmS,9383.850752049355,1130320,$1000-$10K
HUMwvXN4JC79kfq4W9Nvxto5XHh8DkNjGYLNx7bXCLkp,9383.839060664588,1130321,$1000-$10K
mqdk83P2gAh9UXkhSsKcwJuTVcEN8yDhWCm6j1FEWX9,9383.833866242272,1130322,$1000-$10K
dQDt8vKmdnv1J9GRcrUmx44AkynLeEmBAnvtcHvPDoT,9383.833685020147,1130323,$1000-$10K
6UXre7iCUYWDy6AFcBjtrhqmKcV2uG9td3kNtYY5QH8x,9383.82776421152,1130324,$1000-$10K
EaX5xqkcAV6DuFd7bRny5bPrSjnbPeKSPcM8FE8zt24r,9383.825341811309,1130325,$1000-$10K
AkuRZRc5Ahnkhs8CjikCrXLj6WTnzbPuCPgDPfp2ENDG,9383.824905417676,1130326,$1000-$10K
3AsYEvvDTevD76CfS911e8paqcjTBv5bmAFgVBeFektG,9383.775132594848,1130327,$1000-$10K
ABMmdfWGWJxL7wWiL2YE5W3XGi6PkcRdTmg9Jyb1d1QX,9383.772892765286,1130328,$1000-$10K
5cpKUpjoq1V1VT14A2V4zvqnxSDQ3nuTqCH938Zjmxt8,9383.763899550511,1130329,$1000-$10K
CpZ4EyjGNcpLeWygd6K5q3FTP3K1mamS5ZpQmCkEeLuA,9383.752109134362,1130330,$1000-$10K
83nXmcTb2gTZTpWYpZHxQvAFNJ56kPiva8XATkEXg7wN,9383.746189812759,1130331,$1000-$10K
DXS9anPDruPPRMTuzTjd7H5ew5Yb1RG4cDZ44dT8NhW1,9383.720808081114,1130332,$1000-$10K
2qxsdVy6mHw1P3wgb2pwkk9vTuMAkQHUBnhVgA7b2bTf,9383.714208285175,1130333,$1000-$10K
5dT8mDRpC6h4ubB9grYTmiTsL58EfJNQFFV43QzvQSnH,9383.698875473452,1130334,$1000-$10K
EHGUuNEQcvQy3Y9MppzrCBHo6fqhZBfexrbd1kui5tR4,9383.696929386093,1130335,$1000-$10K
2apR4DakJgoECewCxmw8vJ1dqWKhzAchNMcnWaQAVerb,9383.68296662901,1130336,$1000-$10K
GA9dVNcxBqi1Q55AgTLU5jBRm84qwRrQ57vm6hceunZY,9383.636680522271,1130337,$1000-$10K
DmLwSpUjzo4H6w7rtP3GjdmG7vLekZ8Te1QHUqMaRJRv,9383.634654881324,1130338,$1000-$10K
DvuDdhxCaQ5QarpPqJPbQM68XN8fXkKmjDAmnTnt9jTr,9383.63410381921,1130339,$1000-$10K
5hcAJD3iobefrwe8DG5cVQrgRrGpW9A8cdpM43XEkq6W,9383.623286424569,1130340,$1000-$10K
GUUgWyWZFfBPHR8mmwdEJe2fQ6yhTtZBvFNMGXCpy7HK,9383.622211214091,1130341,$1000-$10K
7qNvFTHDPBhEKvHtTSgaDB7vZ2cKaeuQtpSB1rqprv3P,9383.621933287886,1130342,$1000-$10K
3oNYHXKrxccPGK2hZpx7ZpPPieRiJqxdjzH3GrXc3xHc,9383.601609548337,1130343,$1000-$10K
6GHkFejPYCDcSEndkgzW2YbohKvqbNVCfkQ47ZXkDMN,9383.5943878287,1130344,$1000-$10K
HxrakrULeYDuQNXwhK8c2g7Q2FpSjBeszKmF6wg1rANU,9383.58971427332,1130345,$1000-$10K
CHdqYFTRrzKu27jVA6j2tiknh9bz6i7ZmZ3z5FgLCxRF,9383.581963888693,1130346,$1000-$10K
Fsb1cZgpu7yDroAMUZov8tyw8QNY47KxvwSepWZoa4AR,9383.525200517204,1130347,$1000-$10K
G1NPveQwK2U15PtPamaM59Pri371go8vkHJBjRUsKoMf,9383.522931914515,1130348,$1000-$10K
AQr9Jq4nhGnuKbn2XTSL5BQfqvQNazoQr9ejDFBjBx1R,9383.49255829223,1130349,$1000-$10K
8B8QKNCCFhNLnGZhAeLUJrrVoG8orQk78gT29SX8inVk,9383.482274201026,1130350,$1000-$10K
CZx2qPuyNw6eFLcM4XWjo6gTEysbrWyGDrg3f38ZqfNP,9383.429043519845,1130351,$1000-$10K
9ERjjkksDUzoyAbNBn6AgFy7ujvd9MKAqvYA24QgSpHA,9383.420607713932,1130352,$1000-$10K
2ttbGDCPfhNsWqRaDmAveGqufvcC9Ns71mbttYiSimEY,9383.418113309686,1130353,$1000-$10K
EVoBydc2fH83kCk3XTZ4EkUGuWzcjcMv86rSZ77uH6N5,9383.417748319802,1130354,$1000-$10K
CnXHNy5xPCshxecpEm8jLgzTvTzf8eAVBBtoFS3mxoiv,9383.404489294233,1130355,$1000-$10K
J7dSctdBdNR9hfFPKY9WKZw8e1WXWBwBfzpjHippuePD,9383.39977747818,1130356,$1000-$10K
426sYf8AzvzuyGw9yzCKdztfQB64tFQD267TUp6Kpo71,9383.39381001853,1130357,$1000-$10K
F4Rc5wqWjRyoDWbMWm6qd9VMQR1CDrnX6tgTXSQa44Qt,9383.369000744991,1130358,$1000-$10K
FAKHkPXLq7buaMaof4dhQftM7RUiMNtaRWDcogXwXJmz,9383.345026874676,1130359,$1000-$10K
EXjuYp31kgvkUt9WDpdZTGaaKyZKEbXZRApEDCXzKqGB,9383.32437357566,1130360,$1000-$10K
BvGbvwwaSdYUBA3ovcFefzwWTsHj37CQXcGxkDe9j27D,9383.31334387895,1130361,$1000-$10K
GC4pbuSwWGVtES3nCm2JxUUCA9cbkiFALHVmUQ2CtAFa,9383.31031909,1130362,$1000-$10K
9bmutXKVtZMtJR5PVHvRGUUwTrP7f2zpBgdNCsam3Uxy,9383.305735731576,1130363,$1000-$10K
6wctNW9RoJzpR5pP7mwEqsDY43WKpGAu7NUTk727WEh2,9383.295552251866,1130364,$1000-$10K
FhtmHBLvvmCvhEhSxG4iVpPhSqe3bZA76nban6ynKZVF,9383.25965907079,1130365,$1000-$10K
6zvBe61vUqG7Fx54zompuDWnWYRAgk2dKGo8Kd1T4Aab,9383.247997435808,1130366,$1000-$10K
6Bm3Fx4kv2UT9BjcfWr15ZvewrAz5QDFRAe3B8fH6DBh,9383.241177214684,1130367,$1000-$10K
6aA9FBzBztaTGj7XWm9wcgVJgYr7LpEuAtVJDmXHhboN,9383.223408212922,1130368,$1000-$10K
7tgQJekiQwhbXvY6WDRAWb1omJ7nUiw2xqzeCR7M72BB,9383.19297523874,1130369,$1000-$10K
ER4enB41R4a8gnxsmnpR4jpmCmFkgMKThceLC8qpMB9W,9383.139537395024,1130370,$1000-$10K
7CB3pMdZo3uNg9cGVjqS8wwUCnhroGWEhdQDTTyxVUse,9383.136673707579,1130371,$1000-$10K
6DXisCP1PfFtgcLuB2X2zi96WrmhJroCJ6tNfCuVJdwQ,9383.106295672229,1130372,$1000-$10K
E3v2U97i7e4rYovj4UTRCPPuaNadNVsHdXAXn8kRTaKv,9383.084990984353,1130373,$1000-$10K
f33ydm2qWifoHDynowTCjRGCm7xH54y5726bQ1HWxxa,9383.03902204296,1130374,$1000-$10K
CodTbmCYPKidM4W9f3TG4xqXRjF7y29o8PGNZAsTezFj,9383.02699878849,1130375,$1000-$10K
GfNJhrrtje6TD9Rn4cUfTVxtkLRor6sNPRsLLtoWax51,9383.02050607118,1130376,$1000-$10K
6TAwEmL3fBtZZFA2qCVEaLLPNJsrbt2g456QUKZ66Ui6,9383.012293805732,1130377,$1000-$10K
7FataCbzyFBdz3y5fPTN3GZLwFcnwiyhi2einTaHEKdC,9383.011883359402,1130378,$1000-$10K
L48nhb7UtNBaVPimTvnySzX4kDRnGo3hbEpU1fe3Q8u,9382.99305162582,1130379,$1000-$10K
HWAAmuBq1yTh93XyUXugqhcWHWUG3aCkUcdvuodXJDtL,9382.953153102919,1130380,$1000-$10K
FvVzHvKk5MDHSKpMCkKujSbGM1xADHZ3NRbgKcWXpJKX,9382.90709868773,1130381,$1000-$10K
2EoFnsEA8K8HTU3EiF8ydTCCz883gMghQaJ7WCYVeD4W,9382.891643611983,1130382,$1000-$10K
2fJqPbMEC1gEuoRAbbmEtK1PednWRvGdvE3nQNKoWFmR,9382.87864504221,1130383,$1000-$10K
nRRpr5EFry91AejMHeSCHkpF3Wue9XRgd5oXxebsE7X,9382.872376188097,1130384,$1000-$10K
6YJvPgp7vNjWmYpS1DNMfkLGggJLhshEiKS14hDUhLUC,9382.870937097327,1130385,$1000-$10K
46wknzZAksAKfUSva1FtR5x9HY7rSCCcWvK9khe7xHif,9382.86732052472,1130386,$1000-$10K
5fz2BWrkrk2TaExFBHqwtxWfL6fxbRLtfvB5Yg66bzdW,9382.86025896046,1130387,$1000-$10K
22BqR7WMpzGpR3jnJuxMsaUFj6vkwDUvwQZD9TaKU8FN,9382.8365867814,1130388,$1000-$10K
Am1ahfLGWto9oGrZ5C4PxRTWUyVEtkUwBQrmGYAZVHXQ,9382.812654243446,1130389,$1000-$10K
2d3GUdgEeg412DcUFXKi5DZqktRvcH1YUgX7MZYXK9Gb,9382.796540744832,1130390,$1000-$10K
H2ZeCk99YupLZhkTuErdb2gLwq68tzvqvFfVXRktmz8J,9382.793931724327,1130391,$1000-$10K
4WHW3Duia1Qo2GQvjPkHwT7YzpSEec8cTtJ3xJR63QDi,9382.749693670967,1130392,$1000-$10K
3rQBUbs9XUocJfnbjSjDtFTdrJGFd8CmeYHYzEXi4RfA,9382.74413131885,1130393,$1000-$10K
CfYdZJfucYKTsm274GLgqnvsjkeoLsByeGvU3ciT2q5s,9382.742253505341,1130394,$1000-$10K
EAePKyFYZ7qgB7KJLJNLbtLpGVZ7hw1qsxaNbMFn4UYK,9382.730806511701,1130395,$1000-$10K
EHekFRV6rUb2g7DzVHpRVDbCktmpgD7gpgvr5MMtvTzc,9382.713042288953,1130396,$1000-$10K
5rtJ1gLYYgFSANVp4mZiXtUr31rJXWfzRT269s8utMLK,9382.69432458959,1130397,$1000-$10K
6rvxta3vZxgWsQi2dJo75Bo3JGcSAFhettL66f3kkpzA,9382.647770047624,1130398,$1000-$10K
BNCqaEGPWPq86VoMA28Sy2FEEXjX3N1u4ukLqH4bkbRx,9382.61708563218,1130399,$1000-$10K
FzXKf1RJy9pQpiJZuqskGzd7k7utZGRNxEE7A8ce8Sws,9382.608012230137,1130400,$1000-$10K
A3CvhkRrwjpJPwb2HE5cYV3GPk6Z3KqGziBZwimX28kH,9382.602607230034,1130401,$1000-$10K
4n8Vm4A7YE7zUXvTcn9dDw3QK4XA7t4TkAiR7XcKVMRg,9382.593776462945,1130402,$1000-$10K
H9wn9fcEHxv797scoJzDYxpFC4PNb8Kxdiy7TSW9TLFK,9382.569567001014,1130403,$1000-$10K
AHyCSqz51kCd9SeoLzmgXeAjrjP5X1M2bsTn4WcQnAjD,9382.565039082025,1130404,$1000-$10K
HD2C5KrYKnXCNYYtCM16PQf8DX64q3Atd1x3TQgkD2cf,9382.547508548982,1130405,$1000-$10K
9No37FW8ZKCBgaZZqmjvetgtcdoUhvABmMJmPBZT8GU,9382.522579346856,1130406,$1000-$10K
J4U4qdugGQ4VHa1ps53mk1GzFePPEeHWqeiVraCdQuZL,9382.498942602637,1130407,$1000-$10K
EH7ZSK1cvUbQbyBBxYBTA433HGUGc3sgGWJ2qVdiRLDQ,9382.48773431095,1130408,$1000-$10K
HvgzR9C4aKFawDjh75GYEUcHnGdJEzFwmP73J6e8KJ52,9382.486071850355,1130409,$1000-$10K
6L65SrUqjNqxSzs2MrUHqTYf21aVB9DwHJXNF2T7dNcD,9382.484461296313,1130410,$1000-$10K
8FmE7D5Lj1wBkzozyZhUw4HWpKPyHywK1KV8vcX8AkQW,9382.449347189344,1130411,$1000-$10K
HSt5GBE8pujSZKoL5QwVdo8Xma16AHXcHeE5FTiUT1vE,9382.440063250242,1130412,$1000-$10K
F5ZvRyyTRCJL6M3aYikDW7WdbijoWmxbeyF84Ac6iSi9,9382.40754086485,1130413,$1000-$10K
GpuF7zmMqWGSTRoJAV335gXYoZgBAST6tHbnQJEC2Trm,9382.362955312705,1130414,$1000-$10K
DWgDLLzNNobZdq7Cmia5PADfHFoPjQU31uDCNZyzi2Eq,9382.351763585739,1130415,$1000-$10K
EwLCvtYQqanBwmeqY7hbnT33sDdrwj2QxCKkuVnsXfpL,9382.34093921932,1130416,$1000-$10K
HRrvFRyC9aVy3fmMiYo94vZ1jDHTH4e1oxYQRRxrNUmt,9382.282752286601,1130417,$1000-$10K
Atjrz6cEjz4uDhyazsEWk3pRpRorVDagnNsBgNC3mxUA,9382.277122835289,1130418,$1000-$10K
77qkAiJGBsjLoUgFLeZf5PYxKuC4qKPPf2pBTvmNQQAy,9382.265086479596,1130419,$1000-$10K
GTuZ4CpLNoAcF9STYUwTsC5Tuu7HU5XuJTAbPfDx51cR,9382.241291947092,1130420,$1000-$10K
6ioJe5Sna5tBKpB8z8xB7z41A4fVYfGdabVnnT2exADa,9382.22875150108,1130421,$1000-$10K
GSXM3RE4LiNiCGgPzGxnkH8Z3czxUUGN6xjsnat3enzA,9382.213101900703,1130422,$1000-$10K
AAgpnbciKxbAxTxvtbtP85ze9qe92AhwRKjygSavphPv,9382.191465216692,1130423,$1000-$10K
7uwEkP8nz42i8iEQj4yr4GC9P31GSKuzpikknCojwWqp,9382.191435115223,1130424,$1000-$10K
4NDh3SpK5yUhQf1agApt79NqHpPKs1P3j7Uj74gQBKLL,9382.185961417596,1130425,$1000-$10K
9yWm9ujfnucESvzFgRJTVz444AzQzLGW3LnEFK9ZdsmZ,9382.176325193637,1130426,$1000-$10K
9LyNubdHpB31WB2NLUNrQ645HNDo9fpGUVfLphKooKgU,9382.171681068809,1130427,$1000-$10K
71TaDJHnXk9zGSvVVMLLcBp3m3DsmN1PHMy8F1xX6TB1,9382.103364594215,1130428,$1000-$10K
5NBwGA8tEYhiadkMDeDHVV4gpNF7kyG2QYVjY6yMSwNq,9382.079266250956,1130429,$1000-$10K
AQs3TkA8P6ddSWiidbEa7fyoVxxEHmvYaBLrFDGpZWtA,9382.006522802425,1130430,$1000-$10K
GLFusk5gnvFHXdiM6qXxMpNxXiM2imru2k6R6Tni5idM,9382.000045019035,1130431,$1000-$10K
EsKVAZJkysqgS6dJXGqAQTiurPovDzVE3iwG3SNDohmB,9381.979095574101,1130432,$1000-$10K
AUiq8rRHqMARmJUtjxNE7YGcPZ8xHd1VLCyH1nU5gEHd,9381.954324368684,1130433,$1000-$10K
Ff6BX1r6o4dvUFmw1SUZS6EFDnRSPSjWT25cwKthiidY,9381.947371517368,1130434,$1000-$10K
AZYUQV4nBUwuvYu4FtTmtCHrH7fqzC4Ci7ro2cvEwnts,9381.925292198848,1130435,$1000-$10K
8dE13eNPSwdPN56m1vwV63axdTBF9QbP14YX7mCiCTSE,9381.915163598569,1130436,$1000-$10K
JDcsyN2doq2tyd9wEqMajniTNfgYfPgDevUQ3ZP98bcB,9381.913444601236,1130437,$1000-$10K
Au3pASYuKpkjh7SFTwZxcAnNExYx1916SyGzcMK24BWp,9381.87668564378,1130438,$1000-$10K
TdpyFnPeG76YK3QoKcRXNoSETgHseuXv9DvFGWq3k64,9381.86723363251,1130439,$1000-$10K
C33J1YE5CHcposwn6RpK2t9XHfBaqxtQgjij9JfSpbtf,9381.84018669399,1130440,$1000-$10K
5fsd6z4j2hoHvVJJtx6iiUX7EBYg88x3i1aF7stUwobf,9381.780396552906,1130441,$1000-$10K
5t4Vxg2YTRkEUw7YfnxCjGk6w2oQmowRLZVnfUfJ5E6f,9381.773428338476,1130442,$1000-$10K
6won6dpCwhexvuGiLpyR2E7MGLLUcoKRFN7WN95wCq3H,9381.76813598891,1130443,$1000-$10K
BKasqFi4Yoz17AND13Khp3ophQRQesMdyKHqJBtGGhrm,9381.753328135472,1130444,$1000-$10K
BNdDRbyyJFyCb2UUAeKHCS3Q8FmiLziKRxiaviw4L9oQ,9381.743283430613,1130445,$1000-$10K
E7H7okH48PY7VYVMBgXT82ENnuu1Q1jDbmFPWN1UjtTx,9381.74198835795,1130446,$1000-$10K
FZyudByvDwWLzDaFbahPB8H1A4vjpfjxgFHo6noH7gEa,9381.739551227884,1130447,$1000-$10K
Fu6kTnSyQjx3x6hnk4AnanMqxb9DcChik9sLndiXuR7r,9381.714014603373,1130448,$1000-$10K
BX4dzLYKCNrA8wTUJiX8zkhYU2gPNVyhHeLHubu4xdM3,9381.713680172521,1130449,$1000-$10K
3eoKQXQVqPSfMNc73NLQpMTN53YCAWRtHdSXSW9o91DF,9381.7078517108,1130450,$1000-$10K
87KVvGLkrrn3yxdgP5WNvD2kuMFfjL6yyCiYD6u3RbK5,9381.706088851211,1130451,$1000-$10K
9XQvjopkbRZz3Vu2Bc6twDgafLqZp4rd62uTxP5Hnz7H,9381.705869850464,1130452,$1000-$10K
79432XNnVDqxdU9Dnwu2yPAgMVB3tN6eip4a6mC3yQ7D,9381.69745541453,1130453,$1000-$10K
6qJU3ZdS1iPbhU8wP1jbwJ4zTbHwp32FkEmMsP2o7Nrc,9381.691348074804,1130454,$1000-$10K
5xKJiHkSUPv2ZkSBYZTiTJADNVZrnZ8NBtaaECndCcHp,9381.66937473771,1130455,$1000-$10K
HaCPaFvybiFtNkoPTjwWNUhGZrHcT5gKpqWztJw4gYD3,9381.629017333691,1130456,$1000-$10K
8ViCKu729JV2XjeGPep56MrpFsyRMS33HK2EmDfTae3N,9381.619587778081,1130457,$1000-$10K
CScTb8SLxMA2MNiiT8K5Wxz3U3SQxvwrQBXbFSaHNHQR,9381.618828942934,1130458,$1000-$10K
3s4NPf8A9YKz4MVuQGDQ8C2Q8HnLCd8LZcYzuvk1gvak,9381.60462165,1130459,$1000-$10K
DQ5uhwsUyCde5JVcw8L2AUuCNqcFtrq4rXgvvaBZUX9c,9381.6,1130460,$1000-$10K
EgGeM1HejT6G8kWKaUXS7VnasEzYDsZsfC2ojm3HQX7E,9381.58636758459,1130461,$1000-$10K
Ar26YU8Zbx7gf1rTHRKoG2ZXQjYaTERuR6bWpqiPqy39,9381.550072501199,1130462,$1000-$10K
5eh9Ctpdz3Auz59y4MGhyhU9eRiU2sad13eGQb3vajYe,9381.537177332073,1130463,$1000-$10K
77U9fMBMr612BD63MxrTb1E7M9hkzTTr7SS3TvYhJYvn,9381.506298209773,1130464,$1000-$10K
Fzy3NgVZntWPgERy7kYgTtAGkiJwRd9uNz1MSXZWuU2A,9381.477033976984,1130465,$1000-$10K
H3YWNzg7jmszL3AQfGTRAHCm3K52NtukFTs1Y5nM5kJf,9381.45232756851,1130466,$1000-$10K
2RycVQUR61dDMfwTr54kP69z97otNhVfrfXWdMEzvkfg,9381.45212399971,1130467,$1000-$10K
9KvRMNcCtBECLxoQ8VSEUfXGy5TfvXLFfouFT2RW6vCv,9381.451291546398,1130468,$1000-$10K
2htu3munuHtX9CfCAuPusn1KTJWsJdhGtxyoLyLMunQ6,9381.449150517274,1130469,$1000-$10K
6jZ3i8DqviQ9p3M2P4JrwAXBUuMeE18VK4qMFSaPfz2q,9381.445922292598,1130470,$1000-$10K
EG1Cvxw55Tv9KT1cK8cQPvCFAHJxyMQWzYfJKt2oGkYv,9381.416488986819,1130471,$1000-$10K
FjFiKR1ZB2ysdjHmXp1b7APaS4C77ZmMKMp4auugj1YE,9381.40986825398,1130472,$1000-$10K
9Rm6cQJR24GfxKtCz6KErycwcfAMqrrTLQjijW9Vu6BF,9381.404414969114,1130473,$1000-$10K
5W9fq2WLVmb3GPKG87E7pyBuroJy5dsFddRQKWmwfetv,9381.381554806645,1130474,$1000-$10K
H6ncbvhE8XywJe2sqiwKwAgySuXyVJQCTFTNNCdBS8my,9381.379847600685,1130475,$1000-$10K
ANCeVPBwVAn2JVf72VwwVvmEtb9qNmgbHJcbfQoirmbf,9381.378100509903,1130476,$1000-$10K
EackuiFiToWMT615Z2uqP7rbjSBfhqPJ4zL6E3C13x5x,9381.344186840928,1130477,$1000-$10K
GanJfCkoDwy7pzhzfPakuE2rMbUCYBYYJM2bLW1gHVoc,9381.336190571354,1130478,$1000-$10K
BA3UZLWcktzYoi5ND9RdtjyJPNQYfTBkKGs6TaZygcqm,9381.303685272851,1130479,$1000-$10K
EZemYHHCz6jUeMEKwwAyUddthF2XqEi6e5C8L3eHVWHQ,9381.289797127158,1130480,$1000-$10K
Bj84ZubRXr9hUFTFSdiFuZYkMBMuggGRRCJMEy5VEbcv,9381.258570199181,1130481,$1000-$10K
434MuMyAGVxLHeogJ1RgRgJ4g7pULB2uJiaumiuM9TTz,9381.213193426593,1130482,$1000-$10K
6otC2euyPxHK91mwqpVLKCbUAzVtLqZBJqeWrjW333Qx,9381.203060218906,1130483,$1000-$10K
rr4c7rSqXFg17aDpND6oXMYLTP9shiU2GCXegbqdanR,9381.190029287403,1130484,$1000-$10K
B3xwhWGpP4FG9qL1eHWcx6Yg4G9zb6FgW5cbrfL3rnSK,9381.176928921075,1130485,$1000-$10K
7BvWHckR7wyTE6nwaDwAgLS9WgbHkUMv3no4mYkwumq2,9381.172829227195,1130486,$1000-$10K
36x4zLjKMQVyo13t1c3VDsZ2mZBd6umkCeHEUe9SdoMA,9381.169736317024,1130487,$1000-$10K
GUikUBbZBFi9HXuRisH1zTpeoZ1y3QMds2ZuYrSxvX8w,9381.159900334578,1130488,$1000-$10K
2Xmq2SQU6d7kiiiUndL7QZweGm8RyTK7QcEb9BVtnLAZ,9381.125153205528,1130489,$1000-$10K
3JV2x58DSNFLVkAtXo536DgbMt6ZEC7tQJJBPB45wS4W,9381.110654973321,1130490,$1000-$10K
CWkdoA7ZHY391Msgjncox6MNrJNxqAXEdMSzAFiEJ9dg,9381.091953074534,1130491,$1000-$10K
31MzrTJa4NdcL9n8umk4rKUc5KbgHuF2eJdLySxmXRk8,9381.05345654378,1130492,$1000-$10K
7zM9dKtkENXopkRVbrFCt9DbZrs5gKHGt8uUr5uNGepj,9381.039748516243,1130493,$1000-$10K
3wmLQzfkdCSTXYops86KH1VU2uPcoSMjLEiTwL4P24NA,9381.035568349498,1130494,$1000-$10K
Bqw8tA22Qq7Utr5hbmHnmon24Kpsixsiapc2773VwHwL,9381.032429658571,1130495,$1000-$10K
6LBmafB79enPtm7TgmpRS86X2jABCijyDjmyQ7zamwsJ,9381.025180354083,1130496,$1000-$10K
FgrvXvowdpQ7sRgdms3AHeiWgpvJGsh2Q585rXpqdsf4,9381.005033482728,1130497,$1000-$10K
Eh8Ryi6AiaWD6tV4tMsmsmewTxdGVgvWCYehaS8TsHNy,9381,1130498,$1000-$10K
FmMBCM5pJGtu6cMrqA1cNrUiNkzF7trNVkTDZmcFhw7i,9380.99082892719,1130499,$1000-$10K
Gbw7MawQL4S1nS2QrGVQDwbYEuQ8gApVdsaTnyWQ49ev,9380.986263014156,1130500,$1000-$10K
4wtc9cU63ZqjBhFw8kKzBWT8pMWyQmWuN66TExCik1pY,9380.98465838568,1130501,$1000-$10K
39QD9KDQuyhzqAjBLE9nB3e2HaR3ZzF8K5cUE5DGbt3h,9380.983845949948,1130502,$1000-$10K
ABtBrALWoEfTUXa16jZxtiQef8epbaGE9Q4n8ngRPo9q,9380.967948962572,1130503,$1000-$10K
5xG1SgiCL3qz3vejpkwMXqx2BQEEKk3BsuPNhCHr8yQj,9380.919035932407,1130504,$1000-$10K
T77J5Z25ybwviFnViHV94EUtiDfBVMbqG7949qcybLK,9380.882762204863,1130505,$1000-$10K
DxHP3iGEmwUksyeDg9oS1KptNZgfNtqb1NCm5yniDm8i,9380.870486799753,1130506,$1000-$10K
HmuiWDSUYacz3zTdqfKTpgm2ZCsc94Xz6zyXhMqMBbG,9380.84345179655,1130507,$1000-$10K
7oHiSoWbFQ93PyAiVYqwLxV6c5rxhZtgcbNg485ZKr3S,9380.76407682014,1130508,$1000-$10K
C9axRvbfXTJVPhFtVb8mELCLhM3tFQGRzExMUf4HzbgF,9380.74060103848,1130509,$1000-$10K
5rUc9PkCLqh61qr9oskFQEY1Zb9ETrirziCVkbUAnBFq,9380.739867040045,1130510,$1000-$10K
8Qk2Y11aMp9fMDs6sidUAu9SGJTVbQrvG8cHybfWkYXL,9380.739079280602,1130511,$1000-$10K
5Zu5cGX2TAzJcPUB9FpDmXBGUPgR8Cip7C5TLXrtMcZn,9380.696359657242,1130512,$1000-$10K
3NEHhmdQtQpPqXZCWfRT1FM9XzZKDBfDp16RJy6a4S7j,9380.668643678764,1130513,$1000-$10K
ELgSyyF4P2N8eUYSwR54DmLjmguaxwPbvuThZSgJamtL,9380.615057806583,1130514,$1000-$10K
9GSTW11ELgNpWQBQKBWYZadt8PKpYsn1XimrEJG3RmXc,9380.581931076349,1130515,$1000-$10K
BVxUhbE9KAmufKWMUE8Mqk4JdttRw9V9cqwcwBNww6RF,9380.56793575648,1130516,$1000-$10K
7FvWhos57x5tn83FkJ1Wvcs5Zz5E5WwQLmnS2rTXL785,9380.559416423557,1130517,$1000-$10K
FEWeDcto48sxHQtd1sCBM1zW8oETf6aa1wxd4UFbVUWL,9380.54731037815,1130518,$1000-$10K
H2EDaGxWmFuHaz3G8EhnrQ4o2VE6h4UNRcXqm81xz5pa,9380.542374261788,1130519,$1000-$10K
4MjyPKuuscTvE9T5ovb6QEVkFYA16N5YvcB2Kzx8moXK,9380.529195832361,1130520,$1000-$10K
7z1mmmZsoPUFVfreyxbuv2sHKD5nLdiPfzKyGTjweWBc,9380.509826904283,1130521,$1000-$10K
Bcvih1qXRqJC6d4CugEVSVtQyniwob7cMqLmtRYvYBeP,9380.500054597496,1130522,$1000-$10K
CPzYi8HMXPdzhBKNe9USDPpQPfrkZstFRDWLfGrMciJr,9380.458903696926,1130523,$1000-$10K
99c563ojn9Knej7pTW3ZqAe8Cc6qu7ZG3yN9LSSBH7Zx,9380.437474218064,1130524,$1000-$10K
F9uxQ8LYJT3jsCJPQyftqCYFMva4WSZSJdQeNbGSsin8,9380.384695814984,1130525,$1000-$10K
ZGNyTwnkvcQr7UpLAHjoiary5BGyvP29R8aoP1paRKa,9380.36334957494,1130526,$1000-$10K
BJSAcfxP45UL7Hwh8irNWPVNvjcutCb7e4pqSZtdvP83,9380.345025748595,1130527,$1000-$10K
CxvdokWMnLjuNQwUTxkxi2o5gRyS4t6AJxeWdezxELMk,9380.338180366713,1130528,$1000-$10K
f6KzYbdLo9EP9tiZT1MUSFf5auG4JBvC41h6S8GzBt8,9380.30564546613,1130529,$1000-$10K
DrHupBu86e2ZxGKExZeYXPY5XUAsv5MvMpRFFfUu1cUr,9380.302162655085,1130530,$1000-$10K
DizVeA4P1kREQtjdnZF2gWU4pWrhFdCkWwW82jgvgkXA,9380.278131987136,1130531,$1000-$10K
FojHWKkCFpgoBP597guaTe2AdTkenNYxmAyQt7ATzU5j,9380.276439339885,1130532,$1000-$10K
2khEcD75kB92YkbEPKzLavPr5pQojXdcUjySh8s29RSL,9380.26434755,1130533,$1000-$10K
ER1ANjehcVAfrt2qVCYQGrb9ECvY6qKu4wDSPrKNpfvh,9380.22016093449,1130534,$1000-$10K
Gg4CV8wgumQpj8n17gL6hSeGTGXEU3bpjoMqnvTuxTy3,9380.219409378891,1130535,$1000-$10K
GH6id2aveHdXkDEvEkuLR265itt56iiNSo6f5Hxy2boL,9380.217756291413,1130536,$1000-$10K
4P6KN45gU6H1ab5WMV8Joxjk4qC2obHyEW7swdP5dw2p,9380.204559763768,1130537,$1000-$10K
C6ykNuveD5rzJEH7m2HSPtcKuv6ZbjUmS9gAhvD9yQhG,9380.176813249023,1130538,$1000-$10K
BFo6yfqmyA2iUasLzPxPfDDRjgRShoR9JNA1PRCWzMfH,9380.170718691421,1130539,$1000-$10K
7JwJfkRwED6HWp2U3mBKLBXwgZXVcDHpfauzq8YXAbg5,9380.165156380477,1130540,$1000-$10K
4zdy4HKbwWXcdfCQrsEaWkf13efLn3oEfmhzjXxXrLKt,9380.133274148084,1130541,$1000-$10K
2uhDq9wT33G5WkkjvMUu7Mf9va8y19xELGLu9c1iFyqm,9380.125707210773,1130542,$1000-$10K
7aRb8vw9TaCCxZ7TE2T8ar1Bq7CuZDhuW23JCrAjyPD3,9380.114013780192,1130543,$1000-$10K
4jSqXCYUdp5dBX2jUz9ZC3GR73gFp8ivzw1A2BWZVv64,9380.100205649536,1130544,$1000-$10K
44Fm1P75r1yU3boZdRhBn7Vguqig9pfQNhg6TBHW1UX9,9380.078709052043,1130545,$1000-$10K
2wt5v7DpQcdSXu9c8b4ubaLvfJreDZGTN9JytYPBMEAf,9380.047026398082,1130546,$1000-$10K
7Ryx9EANM9XU1XrBXqV665cD9cL4aqfPX3pL8D3vpZUe,9380.027225179227,1130547,$1000-$10K
7vXEuw7mo5WjuPay2zydtrPppc2gzcCvWmby9Cw29E2f,9380.025105424664,1130548,$1000-$10K
2VoNNHtXXqFkvzbWZq1RdTAyRmDU3zi9Hw4cZPdLdKx7,9380.015470696972,1130549,$1000-$10K
29tipdpgSeAx9jYQxV6Fm54kK74s2xYsBzYpewAVFi1p,9380.009847542937,1130550,$1000-$10K
13gmsLUuCpu7F5WV2Je8qUXqtVCBMB2bWnSDUGXVni3A,9380.005282380249,1130551,$1000-$10K
FYvzQY8AWWQpFg7mmecXhHEq98D6k5tY8JeK8aJzniM1,9379.963450902624,1130552,$1000-$10K
2umxDmQHKz6YTuNSnfjM1XJ46WmcBiHpP6Y5tUoRrMoZ,9379.960856898464,1130553,$1000-$10K
FCsBgnqrS4f79oTBEZ3Ap4okC5CJ2CCJiWnEbyYhWgJP,9379.956982261405,1130554,$1000-$10K
621YakuAZJ6uGEopoAKt5EfUJtBQffmDg16AqPezykL9,9379.956182616274,1130555,$1000-$10K
BhuR9R7zKkee4rRTcRkhyeQr2UtHnY5xMdiJsy9rtnKZ,9379.945324630391,1130556,$1000-$10K
D7H2T5m7iYv2ZHq8GqzeXa44eK7HFhumjDgUtpzB8Vig,9379.931445453449,1130557,$1000-$10K
D84ath5uUQSWSjPvRBGRaeiy6U9ryvSSpS8EbdDge5CR,9379.892848449977,1130558,$1000-$10K
DZM8BHQpMna1vnDDnKAVDBPkzyex1e98FmdaQsyNte8Z,9379.887030225002,1130559,$1000-$10K
5nsQz7HS4SVJv1B6WWbQd6hf9XbABahcjVWCVuHQacCH,9379.880614161555,1130560,$1000-$10K
Bea5ZnuYywbpeyeYGJP5L7CEgkBBqfF8GG7VCatUBSiZ,9379.879508144553,1130561,$1000-$10K
9CLQoscHn41K6GYgDcMcGjU3UP4k8uyjZtXkrrHr3NS6,9379.872585470772,1130562,$1000-$10K
5jZVjE3UpFZpdESGBNoMG4i6AkfKiFoi8N4Z7PT2EBsG,9379.843339806357,1130563,$1000-$10K
3mo7jSqpimQeLUXDCYc58UksAmMxK1zWu32bM66ADaKu,9379.837592314436,1130564,$1000-$10K
2qCErsUWUxfjkyvBHbFvZuq7WhfMyVGZjjT6SWx1EvhX,9379.831266733954,1130565,$1000-$10K
GwkTZ7pcy7LGFau6ng4bViZkvk7qV8VGfBffgRzhwehY,9379.82396528404,1130566,$1000-$10K
Hej9qDdVxMcFFJsiNvEbHvUYQVwmiSoeT5YhY5TGLF4o,9379.821352107683,1130567,$1000-$10K
2jBXPc5Cm3Kq52rkZfJPqv2jEyfHi6itksGmHeyrW4wE,9379.816997650925,1130568,$1000-$10K
BwS4xZxvDCcC7wQkLoXHYJyEp4qvmhBC6TVZPHhSsy9x,9379.790274543438,1130569,$1000-$10K
9JiCWZU67y954ywgPgKVEsrvEfPTpboWQuFsT4j7m6u7,9379.787989903294,1130570,$1000-$10K
CfgqgnXDQGfyU6yZZ34y8UeETdb3uhf3WSdkp7dStEMp,9379.780713362037,1130571,$1000-$10K
7e2g5zr3mHLGsWDJUUUsqmrDA36EXXUxvWaEQstZeyA1,9379.712978252795,1130572,$1000-$10K
7ruRaPXcXrPBxPAUvc492GyabJ7z1JPnbiow1hMqzweX,9379.702074270406,1130573,$1000-$10K
yy6LxJ46xTkALmexA2bF8uroCnb2Zx4SJVw9bfZyz5W,9379.652455521207,1130574,$1000-$10K
6g6Mgqasaj9w2cCux8CmpwRoFNTvFhqeKuica1SFxDDL,9379.631120135611,1130575,$1000-$10K
9EdkBNirVLPtkwFbBxCXj3j5CbTBSd6GQ1YsaMehzPYV,9379.62190254272,1130576,$1000-$10K
7JRDToYV13mp7R8eEdpYKtUojTuhTk1M6LCcnnq2RN84,9379.606131569926,1130577,$1000-$10K
FafyfkVe8zQGUoUg7hXuPivxA5J1jP8GpwTH9yU3nqxh,9379.58281040632,1130578,$1000-$10K
9Dx3ftUDLTvpQUKnUHXWYG1k7JqfS4mKWzyxdAwukR4u,9379.57885106124,1130579,$1000-$10K
AoaaJt1iZGeKE9SbtX8SaYTACyzJ8NTVaw2X7VzsVEat,9379.56047417126,1130580,$1000-$10K
6k9W3z2yKxqiRdGdnkZXySBXFrwuTM7BNxU6njTsga5m,9379.508162471067,1130581,$1000-$10K
Bx7oCk6nzAxynNNUYuekFDSQFhnXGCBw31CpH6GVz2GJ,9379.502875626373,1130582,$1000-$10K
88eajawUxhrPwNvva63rcs8S3HNZyN95DLGHS3FCGna9,9379.473210551772,1130583,$1000-$10K
BpxExPjgnryUkD5TYSjwGSrrNxbYd4UgwiHd615Yf6UV,9379.467993760316,1130584,$1000-$10K
24kYdsu7wdTDc1cBWrKheWPkAGHFgHmJZN7WTbWqxt2R,9379.464607000618,1130585,$1000-$10K
BExWRQQiwCrccaRrZMwVEKdteYcEcVxBc4Y8L7uLMgeZ,9379.453217094086,1130586,$1000-$10K
Ao4eBdJKQ8wMWND5eRDdr66bwtZ9B15yB3RRo5HxXH9w,9379.431275886918,1130587,$1000-$10K
3GG1k4EVRXAWMDGmb1SKNrKvggogChkJkDAtyJRFud3q,9379.415853091345,1130588,$1000-$10K
7hQNXEZYaYKm9zDuqXtBfKPFRYgyEPdBSdhS8BMYtbwn,9379.413218905176,1130589,$1000-$10K
32WAfdY6MmG6ueDpf6dSuZ6bTbKEATSQr3PyEBZC1nzA,9379.388818108506,1130590,$1000-$10K
BR79ue4Svwr1PKuAmC573gCUh1asP7gUSkcZtGhYA6sw,9379.387716828078,1130591,$1000-$10K
EKkcjeTWrMQyUBWuHgbnavLGruJ6nrjedJH8wb5vE8sn,9379.376808372079,1130592,$1000-$10K
4UGnRBBaFNRZsfFizBk3cCWZFrntaM1sVMwXNySohape,9379.3766344704,1130593,$1000-$10K
EGZEgQKc2r3kuHzYw2cEh29mvVrtc7W3XouhdL8TbZaw,9379.354253804424,1130594,$1000-$10K
7q9MKAebuCUQciSBV9X2nRVnHupQmc2zL2aXuFrXj1jk,9379.306296792349,1130595,$1000-$10K
46LRB9S4KsbtYZkJYhC6y6Dg3jz9Ls9CMAy5CPLEeKTi,9379.305690774378,1130596,$1000-$10K
EWzmWj26fpb6f13RYKXVg8XkMZsH1dofrVSj5aKhSmuB,9379.292908552578,1130597,$1000-$10K
GHgv3Z6kLUWhNMJDUGaEB4BcKrJLJYqhD3VBP6MYDqf,9379.280190002635,1130598,$1000-$10K
EC5FmtRZytNigwEm2mjkrzuJAN3JhfUokC5bKrKZ1yrF,9379.26734010817,1130599,$1000-$10K
4V7jDGGM3FE4gfXZcWgnhxQuaX36Na4mLSey66nKUAtj,9379.223832059495,1130600,$1000-$10K
69T6Nznbd4FQcfschuLZ3h1CK2jKTTiRGKBhaxmmJ2zb,9379.22238297709,1130601,$1000-$10K
2yLroayPG4b4DwSrACrr9ABJRMqWvG361RR4LjhJmAec,9379.190761307176,1130602,$1000-$10K
HRU9nB4ELs3Y7nBrgsi2y5iR5ajYhFm95mQ5ZFZepsfd,9379.184218136026,1130603,$1000-$10K
5SP6jyoYj5gNCZ4V4HM5WJDys4kuvM5ZLiHDdiedC42F,9379.14390524628,1130604,$1000-$10K
5PRmkJC9LpvbQPhGvkCaiX8WuhWoDS7n9vJSVZvNymFu,9379.14075610431,1130605,$1000-$10K
HkLctqCWxiJMtuavTstnFBFkzKxZJkUkGBSQDBTgPvsK,9379.139481430431,1130606,$1000-$10K
99gesRZfs4aN389MUJNiEdJUXWKGdkkAYDJV8QjAje7u,9379.13105591825,1130607,$1000-$10K
GQ2erziiVRepua3yyfC6cvJgEteevA8bgAPWxAsHPrYq,9379.104868460989,1130608,$1000-$10K
EvFsXBMZuNuaoWSKkePWZL29Yx4QXMhxyjufkC7mxeqs,9379.09751254493,1130609,$1000-$10K
6qiM8MiH94vjzuYEnwaDBnni7w8XGnFB84a6GtHpZMwU,9379.085865096378,1130610,$1000-$10K
EMkRAv8g39wRwYsQ6QUhUsJuR9vMFjcnuA1A95qN2qZZ,9379.01582285843,1130611,$1000-$10K
9dJwP5jCzjYaivJQkYwwHmRgX8uPy7Ddd9BUb6P9aX1W,9378.991540316052,1130612,$1000-$10K
345cBT27dXc6dKuboFwKXuwDymdKqR4GtqBoTGe33QdL,9378.977743474601,1130613,$1000-$10K
DD1kpzr3q1tB7UEQzupuDKjpK5DBf6C2dfYd9Hwjhhrg,9378.954759076167,1130614,$1000-$10K
6EUNMVhvmuE9N9b1sdKcip49iACUMikhW3eHRAzVT1nE,9378.938274259957,1130615,$1000-$10K
4BfQrjwGN6UaJjXZn7vdLndbmP1kyGLzaoM52GtQUkBR,9378.927816569298,1130616,$1000-$10K
4KAKCPeEv51fmpwo6A1SYr93E3fuv3R6yGrAEUTaqV1t,9378.890750881848,1130617,$1000-$10K
3QfU4EXet5jTjBeZrZHvpHodavMXj2bRUbxVv2uVwvXd,9378.876469740197,1130618,$1000-$10K
9kkrEKoCBKnfBqCWokXmgTvakKHumzoQAjHUfTvMiwUD,9378.865891974117,1130619,$1000-$10K
7LsgXhVFnbNxVfFrwiumKV71fNzXysDtggx6JqbwsrPZ,9378.858784802454,1130620,$1000-$10K
E7zH3WP5tJfvBtV1w6L6mNe2hAUcvfcjcjZAxJw6LVMg,9378.840397841948,1130621,$1000-$10K
3ss2sAGzaAi2zQHasVehMgD9B7Ff9veBjjTeo6a5CBgc,9378.835117272765,1130622,$1000-$10K
GzC2NkZ91bSX3WScn3R2PsZjkMPZYzf4UsnhSJCpmXEZ,9378.81000234752,1130623,$1000-$10K
C21ic9SwWnVYFgAotmRKFcPBrziSG2pnSeJArAsHmNhy,9378.807299574386,1130624,$1000-$10K
F6nLGqBdtcDzvCXk2fQ31pL4P9Hc3NhVzvLStGk7WCR3,9378.806204965105,1130625,$1000-$10K
Bc7HfcgmnNNGVCz8RFJu3W5SoEKvjMnMBgKHjmsNf7Ws,9378.80422296778,1130626,$1000-$10K
G6VZYmT5UZ4gjXSwPmL37W1Jqo1LW1xtkr5gxJzyg6Ri,9378.80091291374,1130627,$1000-$10K
8EanX3BDEaoANSHz273PDYQbiW5rN7g1Xi8BgynVMSDV,9378.793093953416,1130628,$1000-$10K
HcyUcwXX5HcyGiZTj55toH1pJFbsYFvASegFV1vqpDvz,9378.786062066843,1130629,$1000-$10K
FFQh6JYNwMFX7vZJEmk1w9d89cEGhGLg3MM5GJcz7KFe,9378.785747433218,1130630,$1000-$10K
9EUSzN4oFihp6apjW4xrwq7iUa5tcWnQV4d5DVKE1a9i,9378.782183225903,1130631,$1000-$10K
76JAuUQXy38VW9sX2fpZJmL6GFruKkD4mo8cpHL86ei2,9378.753173817684,1130632,$1000-$10K
F5x2pPUYMtGBKRe2DkPJRSjH8kMt3SL2EbvMiudnXtKL,9378.696346606599,1130633,$1000-$10K
GMrns49UrxAEhza4bi42smsMGNnouSJzGaYPwNFuABRa,9378.65434240332,1130634,$1000-$10K
BGqpJuAV2w3PR2C4EUsD89fiJ7nkN9HJ2UQ3kogxxcwn,9378.639992569577,1130635,$1000-$10K
CeSJiGKP7GmzjmnRcbNzm18c1nT1NmbCeaWCnpEY9QVA,9378.578974740069,1130636,$1000-$10K
ByR5ACXPWgYDG9knVJc75EEijbWB8yMrk68uceSG2gsy,9378.561638437319,1130637,$1000-$10K
3DcEmwS3oUU2WKtNGiLpGMcpDrygjtFMKpb7gFHiuBbC,9378.555939363428,1130638,$1000-$10K
H79RjAFPPYfrFkAzpp5PXGHckjqjNYzTM5z74sUhSe34,9378.540620894426,1130639,$1000-$10K
4aBkEZbaUgdx5zccyABewaznXNzbyDkC1D6fFGD8BMh8,9378.535574463041,1130640,$1000-$10K
AQvTwa8jZ6GTwm8bewZgRLoxy5cqxMYh2o4pqHymN7Wc,9378.496993399407,1130641,$1000-$10K
GfzbPyGgH5NgTtTCbSYgtsCihxoxNjGUyxoXvnsJWgDd,9378.496553412999,1130642,$1000-$10K
431VZ2mnonnMDKtcARP3aLaWT9B2MfHiEWsuN3bx2dj1,9378.463545528924,1130643,$1000-$10K
AeM4hP7S1pxQuZ8fZnfsERvtMNFyotT8KgtnXvZm2HYq,9378.402369059553,1130644,$1000-$10K
FFEKwohPJzvtS49zxqCL12z2gaLpZTZ2jZpzb8b5gWCy,9378.39881699757,1130645,$1000-$10K
55A8irvHB1tYfDSBiV1P2tQNtzXT6JWPZpq2ERwdYCbC,9378.393632572614,1130646,$1000-$10K
7Xp5muPXZzggbih938PA3ufai8ak1Dc73yNZSYrhupHi,9378.361639585042,1130647,$1000-$10K
16f98cMiKYm6iWKBaYMpFFo4prqAhjuLjwnWQWHbeMZ,9378.361509069036,1130648,$1000-$10K
AC2ZasxY4awsRj7RronGT6HC8AZiSSd6UEc3LGRBERN6,9378.34610083397,1130649,$1000-$10K
4Bj9JeA8A573vEWhHhpqmb7sHAPniC5ZZzxczvu2YUdb,9378.32369364584,1130650,$1000-$10K
6rycmraDvKWw1iC9MbVgLwtnGpKTh6RPfqRSjC5xUog9,9378.296535099642,1130651,$1000-$10K
22F8E4xDJPVYxp67PV3HkpEUhcW5QWWz7516J76Q3T89,9378.279326807484,1130652,$1000-$10K
HYcZQ41aDwhLUxkzHpcfDjFXbx66QfhHQaeo4hLv3QEX,9378.261944193708,1130653,$1000-$10K
GzPkPru41KFxJFb3HptXtWFR22gZj6mkyi2UjNQ5jMWv,9378.25473817269,1130654,$1000-$10K
2aKenMnu5peZ6TUqt7iVT327A7wji55xC6fWisX5pUz2,9378.251104398418,1130655,$1000-$10K
6dBdh3CYzUy8KTXcf4pHhj9eFECmzcbKfC1Kd8fmaG4J,9378.23982162764,1130656,$1000-$10K
F5r3g89SeVdaBSP75VRHGe1cdkpYC2c4UVes44TGQifk,9378.237801731113,1130657,$1000-$10K
HAvJPpbgHaZrUv8FZmujpn2Ma1eUNDMwnrqwoMDMRGxi,9378.211035086659,1130658,$1000-$10K
8JAEXamURo5WCvWxmxqm6i8YWCx1a6SZJ21SoFiyEv7X,9378.165156415698,1130659,$1000-$10K
DW5KJyGCe8Ymvbdfnd5i2cDNm1mxsCBxmQtqjKT8NCXA,9378.15202852417,1130660,$1000-$10K
DEAVkxgct5NWTc5jse7VijekLXkWxA7qzhr9aSvuSZqt,9378.148363740745,1130661,$1000-$10K
6ym8ZUUrgA5VPKAWJLSDmqaw2boiHCvS48aTNwVN2DcK,9378.121077314234,1130662,$1000-$10K
74m43skQP6oaNdZFTdteYw3WvEgmJtMCYhBD1Ms4fdqT,9378.091378912008,1130663,$1000-$10K
EuqxRYvNYE1n46GaRuZataTNqVofjhvANuHQSJKm1PFt,9378.086278323855,1130664,$1000-$10K
7iPWw9Mp5BYrkVi6iK2FVAvR9p7seyW1wCN2qWuT5WxS,9378.069099397198,1130665,$1000-$10K
A15eqCuuQufF4naYdAVeAJVs2X8muBhUSArh5Miw65Tb,9378.03884559841,1130666,$1000-$10K
27ZQVkA1RGEFNrtF8BtPmABCfEQV2HgcKAQMbWGGtEYZ,9378.038422902238,1130667,$1000-$10K
GwKfry3CznoMGLV4NMVruE7epEWr5rMoTn43zB394q9e,9377.987479336023,1130668,$1000-$10K
CrpiNK6sG4Gv1oBhdGctHbQ4LCzP8aTwR7XB9FaFUVgb,9377.986347368991,1130669,$1000-$10K
A424uPii15dRn7k6EkbTSbfjHHKgLXEaDLMd3N492ms8,9377.969678911963,1130670,$1000-$10K
FneLsLL8zBYjYewdiLqbqsdhh9C3dFyDB2tkXDqYPZDU,9377.960536474036,1130671,$1000-$10K
3nJHfCpsXHWCX3rtnjjF6wE5RHfVQnaXycU8fHPg7rqy,9377.954298132596,1130672,$1000-$10K
27f89anBgqQnEbfftN8NsZPvY3n6Hvw7F4LajgjRgrWv,9377.95312209296,1130673,$1000-$10K
FLjfX1Tx31VyvLL86RdSh2gtJpKctpUwARb4TpvVDDmK,9377.946259966335,1130674,$1000-$10K
7Qz121gTq9hmgoF9E8UuGc7uaeHyPuATJZiM9wm6mB72,9377.930948723055,1130675,$1000-$10K
Gf6DYpuoW8rPmkdcwBYm964WTeXcmS1U5HBf5Q58iryZ,9377.928972755748,1130676,$1000-$10K
9HqY9XYQGpuMxSwmwWbqehRJpDP5RPZeQTRdbCrWPqKK,9377.832593817217,1130677,$1000-$10K
CD8eMrmaiDc4AMNNv3WsJj57psJvdbUabmMjv8EBytQB,9377.829066593706,1130678,$1000-$10K
9xWoM2Sm4mz2zuyfuVH97uW2UUR7j7dnJwNJvY12vrEo,9377.821323556234,1130679,$1000-$10K
AJrmdj8SDAsT27HbYsLmr9y2qpx97Jpff5XsX4BaxcwE,9377.802208739664,1130680,$1000-$10K
7zqQqmMbSP4arqwREdbiiFJyFdMZkuAdh6YsaX74TMVf,9377.791589929762,1130681,$1000-$10K
A5ccTknGbGnhQ1GZ7KRQMXMU2oqTetrQYSPFqDBp39f,9377.753492313139,1130682,$1000-$10K
5toav7gV6aZd3nL7MWJGHL8A9A7oi8F8fd5Mny6fRK9q,9377.746335492784,1130683,$1000-$10K
HMqGPFidDN1aowtEfA8USAKJMqY5iRSDistinPYzDedE,9377.741918556858,1130684,$1000-$10K
4vqp3eYUTZxHohotSfJycifgt31wupGtW3fbfVBQPvbU,9377.717270640067,1130685,$1000-$10K
Bg5hV9rJrZMiiWyzRMzuJ9RRNUuxGE4rfX181aQxvvzy,9377.70052827977,1130686,$1000-$10K
5FTtwJVrTwTcJFyHZpr5ZgfGGytdGtgxPNRjijeEyNbf,9377.688309075033,1130687,$1000-$10K
F6fmzc3HyroHttsHszq3mmbWmUVJ61S3x9pTAmkweZK9,9377.680362398529,1130688,$1000-$10K
33nLUyjnqUvwYFtW6DASEaZoPaKUmJbu8fa6T5bRETwv,9377.66917230684,1130689,$1000-$10K
EiQKFS7Tb753jaL7dcwc15Vizw6gTRz6pAX7CdBmvfDd,9377.649965613697,1130690,$1000-$10K
54LEfgvdtN9SEK1Ts8zQziuaDH4yfDwwQWdy9vA7o3Wu,9377.632437885442,1130691,$1000-$10K
8iVnHNx96TbuB7QecfKBFMAhzrr1Pe9qjcd6CHstT3Rq,9377.576053958708,1130692,$1000-$10K
8cRxJMmGsb2kzvwtQ8KDLAuVyX7u79nxQqHik1ZSSoEd,9377.558183424531,1130693,$1000-$10K
AdMCKzecC3V5N6JKejdP4B5vXY5qanZTU5Gcbc8BDqgn,9377.552244961616,1130694,$1000-$10K
4VroqqHQbjnTzZHx2ji1aohkkE3CpcujoE3qiZ1ndyxh,9377.547689405126,1130695,$1000-$10K
AXUr8whyTZ8DKKcZDZJd8NhKyKdKfHxoQ9dZm1hEpKHN,9377.52061175393,1130696,$1000-$10K
2tz5u49w6t4KnfcrSK5TmywJ1UYDjNGUnEj1UjaD7CRA,9377.498927162533,1130697,$1000-$10K
GgMSvANdhRtvMbHxDG8k4Lwq2oWS35WVUtJMNcznL1kn,9377.49473612531,1130698,$1000-$10K
3XCZqUMH2cFy4ujey8Sm3SGXgBFpNeQ3NYigxa5omEGr,9377.493127468371,1130699,$1000-$10K
CpCbDDYPykGtvFDMkJPLWD2D6whjni11kScM7jTcVEF3,9377.491427984045,1130700,$1000-$10K
CFM5WWHq2i1KUkovgpGbYAiG3iKiX3xLEHdsu5wuQEQd,9377.490158149156,1130701,$1000-$10K
9XMy7J9nj5wVTt7QBHpCFuiKkgEvLXakkcMvbd1CNUvP,9377.46818202906,1130702,$1000-$10K
5R1S6n2Bzja7DFiysBvjuUv24uBTwsrRCxWoz4GpzLS5,9377.448087120336,1130703,$1000-$10K
HyHYfPtsHfDHnDuVGWakkSmrkd9nCax46rJ6muiVwKwU,9377.436278850137,1130704,$1000-$10K
BGpggEfwWT5cQUthx7o4RRC57RXeewYxpTTmM6T2CdyG,9377.427405211123,1130705,$1000-$10K
7Au6gN9DK5xZHbgm37a8aL941aNYb2jy5RHp8yeBRVzU,9377.426760663871,1130706,$1000-$10K
Feqa3BN9651xcSY4VQDcD2Y4w7xA2dHaEDWq9xdbZHd7,9377.42302698048,1130707,$1000-$10K
GniP7Di7DV713wJ16SpC8DMUDyfnjoXxCBUKexwTUFzh,9377.41837219844,1130708,$1000-$10K
51QnTYaRJe1uhpD4xPFVVkXVLNpCufxf1p5i5knrfQjp,9377.388416422975,1130709,$1000-$10K
427zm1CTAbJDn1i4MVRLSmVrANoWDByAFsayTySg4cQR,9377.37037596535,1130710,$1000-$10K
86pwjrZt2F4WcGqzhu9rSqB5T9RADRWuRdqxDoQevHCU,9377.349252534694,1130711,$1000-$10K
EU3bVZLYeseQMMXWu7xPFGJScDQxyxcFJkof874bCt62,9377.34209349202,1130712,$1000-$10K
H7nzp7K5SLCsYkp14cLR3EZ8stYK2k2VPbEib5zyTmuW,9377.304087835564,1130713,$1000-$10K
BqxDHiJvBx7NTgoKWUzLGRQa8xjXBe6EJeBTVYkbdSsY,9377.274444801527,1130714,$1000-$10K
8XxjxZTVJPW3MDfNaxRJ31z2nci5jBw7cqoEHryxuUP6,9377.264585226189,1130715,$1000-$10K
68avqTNzUEhmU4tBAvSq8eK1HrZyeGMkoxXZCfa9qGJD,9377.226027608644,1130716,$1000-$10K
D2DkD6aH6oeGgJrGzh1Zu1V15m2QYT6vSby7LASSUgHH,9377.2163945771,1130717,$1000-$10K
FTGVAntC7SNA2zpSVFDvHo5fRB7JmvbzLcyUqFXixN8d,9377.212581628191,1130718,$1000-$10K
CjPK8EeBNYW4UPbKDVeAXrBq2yvrQVDhPWhXuzVn9DGZ,9377.211744836657,1130719,$1000-$10K
GMDtD32mVq2urP2dY4wcSfHrKc85hnvRHmpvE1PH4YgT,9377.201593281281,1130720,$1000-$10K
FEQnD7rqaMp5rmzZU6aGLhkYwATdKg25kfCTEBVkNjT1,9377.163050546522,1130721,$1000-$10K
2tE6umXyAyRVigtoM5gRRAqNfVeTpwo6rsj6VQSV1GFs,9377.159640649426,1130722,$1000-$10K
B6m8BZNgsrQ7emjKRqpPbjW8V7K3UkYmveKNsaoy7EFo,9377.15066256073,1130723,$1000-$10K
2hWUUqkMgVMXbpgec8pX6AGapoHZ2mNV4FZ9tNouKpeq,9377.12827881268,1130724,$1000-$10K
9FBmeHn4xZS43562yhLh3cWZSd7aYCQrZwqs5a2Fk21t,9377.122081724547,1130725,$1000-$10K
529E7Mbc5vb53Dnn7x1YEKCDAW3KNjDxZ2T9w31p4w85,9377.116679924651,1130726,$1000-$10K
H65nKkb89ipCBxSXnQDdRcH4xbUzizEGjoe6eV1VyYhY,9377.098480885403,1130727,$1000-$10K
CMD7mtM9sGeLqkcfwVXsGF5nPE3akw2euGsnZqax3hx,9377.064732263269,1130728,$1000-$10K
43jhCo3SCAchaWXsea5zqX25KEmajaKatxmuaEvLJ1VA,9377.056967161034,1130729,$1000-$10K
JyXKSRgb7eBpLJVybYuDX1DXjhWwTLppFedgDiFA6rJ,9377.056636139983,1130730,$1000-$10K
9LpwVKms1xyMt8gDuEwEADwATh2y1tpun4pVmVafgqQ4,9377.042612330317,1130731,$1000-$10K
2TYsRSYe4BzMTnTycnU5WjLZsv5dqvFAQHDrFUdqTYjs,9376.986854299126,1130732,$1000-$10K
CEirwSyxZWUdB8cs5KHwv9phrUyJ424qPowXs8M9dSYr,9376.983401079773,1130733,$1000-$10K
CpMfWx5r2dXb1rLC4PZqPpAfXjm437CtSBZXV5tTiVUj,9376.982078010078,1130734,$1000-$10K
3awBbLvEkn3JiwGYYFD1AScQquDdttFJn992caEM74F5,9376.98119343836,1130735,$1000-$10K
By1e7PC9zFHoB7P1zHWMFev19zzj7mptjnjU8MqnYGwf,9376.979315909668,1130736,$1000-$10K
hjDiEUWNCekVM6iq6B7U98nxNgtDZW9m1CZ79R6yJBY,9376.977182530829,1130737,$1000-$10K
8r6kJ4WJBnD1YLmn7t5q6TBwkyAe2FsfX1vQ5Dmxs8PA,9376.949869499558,1130738,$1000-$10K
H6aNSMG69eSEn6zXgSdpouvVSSUNYhs368GHVyj2FqSy,9376.925215263003,1130739,$1000-$10K
B27VtpgRPdicZXqt8vsYUeesaDGiiHTrAneTmAjCx2tT,9376.91808365332,1130740,$1000-$10K
69odiRsK3B545ayT9uR9i4FaQuxDBP7zE2FjFZVWejQh,9376.865687607355,1130741,$1000-$10K
FZqhehipkMo9V879QSJWT9thPKswxYqtkAYQgNLuCRgs,9376.849632956155,1130742,$1000-$10K
Gm8DXit4hHuEdG8Zruv4Jq5QsknkFaQFeiruocRttuCW,9376.843020393844,1130743,$1000-$10K
3EMnjqJVidyzDbVC5AtpQ1Zhbhu7MtmbterdKfVd2JT2,9376.822416636198,1130744,$1000-$10K
2G7XHqddRPfoqQP6WWJ3u5MvaNTqvvcGRx3xpeHyVwuK,9376.798101617882,1130745,$1000-$10K
5tvt5eZmFsgZ4KyGg4wEgRZdSpP6VDbDPjTpWtm9N7Hi,9376.791904871929,1130746,$1000-$10K
3xveUFyB7dxVwWxWs6jzYZbt6LM47PxtBMVqSwPMmRLv,9376.791535467833,1130747,$1000-$10K
Ed6nfqPad3VJuSoHFAc1HuRRn9qEoWFQ7LRr4kvqMjek,9376.776144081961,1130748,$1000-$10K
EGPUGCR6hU3rNPTgQNnMFFRrLrSXCiCKTFE7Ypjimwxj,9376.762733067035,1130749,$1000-$10K
2GoKw8Lxt2hobCJ8R8aroSYF3Nz7PpVfyY8Z4tarsNx1,9376.75836687368,1130750,$1000-$10K
2PgxZ5PbS4TcqJTQxuHYmkvYFjkh4Z4hKrnbfi7FHxmn,9376.745397738843,1130751,$1000-$10K
DykE5XB4CLSQWm7FA5TbSe1SsskfLSwCx9T359pTpvB7,9376.69202829995,1130752,$1000-$10K
32Smh6R43PXiQob8EKFe7sLS9FeGUwFZVCeNpWf8zMUr,9376.669734061292,1130753,$1000-$10K
23X3n12JaRCMSAXs2wX8v6Ub5nas9ifw5EHxFmYQoj3E,9376.66387465788,1130754,$1000-$10K
CsCaG4CP3qxgHErexJuJexnNRAewjc4wGd969PnWPcXi,9376.6528695094,1130755,$1000-$10K
AV7Yc3371iTcbLmkXsPWVmxUcbML2P8ZVRV2ypFmc6Kj,9376.59743497743,1130756,$1000-$10K
6Vo74ni832QLWjLzwZe7tYVUUuR2a8rgkbKyguRJj3np,9376.568171309234,1130757,$1000-$10K
FnSp98mWmzubkdB45yJiYAg15ciuJjCrUFShwyxdJHV,9376.559723546123,1130758,$1000-$10K
147ACsnja5Fefum6fy4aPgZQ7P5emfu93mZDvXZraQBc,9376.55760579824,1130759,$1000-$10K
7yrCHYrVHYdwici7uBN9mWJDTuSrHWz6EkVUCS33xmGd,9376.543317397145,1130760,$1000-$10K
mM7nLQbKbfdUgYpUYPYNYhn8AHdgviep7tdcEbrgTMb,9376.532725386842,1130761,$1000-$10K
4hULJRV6YGEjvXbx3FVwboPXfzopLPWnHkrbw716ZJE2,9376.49371668339,1130762,$1000-$10K
8CpmcD1G6wZSGbxG28qEzY7VBq8tTK58WgYJCzHW68K9,9376.47730912778,1130763,$1000-$10K
2aiFTCaBSZbwtagGaQsFMqogzLo9YK5duik2UVSCat6h,9376.457163054693,1130764,$1000-$10K
6cVb4Fg3RejyywZHWqeSo58yM7CprjNnNaEvS3Abc8nE,9376.455532056407,1130765,$1000-$10K
8zcSemVspNzXaGSHAVc5rGE6XN62s7yTPpdFXfvf4BAk,9376.417317801264,1130766,$1000-$10K
5KkPVkio7CKWsHcMzEYPMzVX5KZFNZ5sNDNWYJxUMtHv,9376.414568062572,1130767,$1000-$10K
H4QgfkH5hv8BiXU5ZQzcT3P15wDY1zB4zXCS7moWbXBv,9376.40539027726,1130768,$1000-$10K
A1SGW2DfBmBGYJX9uZPmbtgxUUVBE3S1D72NJ5cMqH7T,9376.375497877023,1130769,$1000-$10K
A8miyg3AxuPkfKBS3WMPL4RvUVG8hZVv27XuJsQUu2pJ,9376.314696832425,1130770,$1000-$10K
9CordidPC8HG13Guprc2Z7DSVhrPdafVNqu4jRah9vyC,9376.30235762231,1130771,$1000-$10K
6uBjcVRreqWPzhzg15wPimEwBzN4gVHSq9YtieyXULzF,9376.28029393094,1130772,$1000-$10K
A5jJnYBLeAPvRfDqqNJNm8tS4ZX1LiZYAGKnXVY9LvsJ,9376.28012701207,1130773,$1000-$10K
4UVm2DFt12NLeMHNL7YTVEQKELf4VedzF1GQh5oqX7Hm,9376.279302962741,1130774,$1000-$10K
555PM24jDooznF4LCku5g15SDGFNNg63w2pn1XRb9gKR,9376.27226262099,1130775,$1000-$10K
Fo1rZzKieb5yYAzwkGEgjJzCE3A4c7H9A5Y4NwVZ3SDr,9376.231113948905,1130776,$1000-$10K
6ySPLDXtcbmnQ4CFkFMh3HqqXwVQnnmnxAEwGmwbGghb,9376.226928996442,1130777,$1000-$10K
Ge1R6coADxRSG1SBy7u7q1apSFriVHQoHPWxfX6CmDY2,9376.217825316098,1130778,$1000-$10K
5YcjoNSSh2nLo4LVzp9hprk8wSfCVNpDZ1nQWoVwXX7e,9376.196001385302,1130779,$1000-$10K
AiHxqzivZ2WeR7aWNXEympL1PbyLEjzVUPct1yBEmdrT,9376.183830576,1130780,$1000-$10K
EZ54gFVHNowmdZBK1izXR2vvMdWsKPY5FyqUdLcndTQT,9376.178209145879,1130781,$1000-$10K
2ACo19MGBhiWhEkGxHEEPLfy4SUQV5rMQC5eP6RicrWd,9376.170681510052,1130782,$1000-$10K
2pvmuCyhDFHJWPMPGUBeqTAjYsTLp89PCGDeY624Yw8a,9376.125269514487,1130783,$1000-$10K
3PD7FvyfyGTQmPtxS9EWVeMKREB5fBfKAVKkWwrW7CxG,9376.11500499605,1130784,$1000-$10K
8NnyDdT8UDcUus6qkNrFCxky9DkDKfJdfkKcwABW8bkY,9376.102368503449,1130785,$1000-$10K
5furDgsf5TH7R1sgaTNGWYPUBBwxpZDB48xdSXPHWATa,9376.069408334324,1130786,$1000-$10K
3obDjgKXMTwvZ3xspLu4kzqGbjV7afe6meo2B8EP4Sky,9376.063740317119,1130787,$1000-$10K
2Xwuh9X4aMR7LnsSu5bdHqPqepZ3dCEnt1yQY4vueiDR,9376.033095240531,1130788,$1000-$10K
F1L3e2V4GzwSCxbvKNE1w4qCpvqCbn6aiahkUfVdcQ5B,9376.027326834814,1130789,$1000-$10K
AW8gvuLr7jqbtpCL4JLMJscax9AL3X6WHfxqUgmFjw4g,9376.020567351421,1130790,$1000-$10K
3bQ4szDDGptwRdwyZJfho691VbRL3vkqQLqxoAX1AeJX,9376.019107365322,1130791,$1000-$10K
9nBQRMmJ4mZExe4XYGjnHPRNSfRAUpLxM5L3BTen2Wv2,9376.000501825627,1130792,$1000-$10K
Am9uDr6LZZpFzopaanFFxfKKhSZYCFevHECWUjFHNc1F,9375.999655705338,1130793,$1000-$10K
4y2Kdn9EoGCy8hUbHbwMJCAgegbQjhmfV3CC3ABMcMYH,9375.97793052061,1130794,$1000-$10K
3BjK5LTp8L6ZPHivktVnN1MYJX8KtUS8vpB7GkFRYGM1,9375.963286782757,1130795,$1000-$10K
ANdBuQN6s8XZxBm8MiNSQAjdZ97p1YWcJBJiRCxadXkA,9375.9483797059,1130796,$1000-$10K
96CnKuBULKLEAQoprEjwnfuVmkYDLN9td1WBwuD91ykg,9375.9269535184,1130797,$1000-$10K
5keAKMcwspmeN3d2s52Y2me6oAXkuScUmBUdYFHVkqfo,9375.926013403996,1130798,$1000-$10K
CJj2LzMGNg7oRpCeEAVsYHHCwuviZM9UfbUshEeCgJyC,9375.900321267209,1130799,$1000-$10K
82cmKFBJcT9CbEbxST299jdUBhidPmJuHsBLdx3cLjnj,9375.86944501551,1130800,$1000-$10K
3EdZnVY1f4DQ7rGLNVTJmfq2AxbgvibmEMrQcDvYN5MT,9375.852364104521,1130801,$1000-$10K
49oymNwxwWuAw3p7KCjGK1bM53RV6LWoBpUjPyRjVwup,9375.833916609561,1130802,$1000-$10K
AxZFwFXHwpp2SzUh9YKRPYixhByDCsgkE4zAjcLzCFAB,9375.813520914984,1130803,$1000-$10K
DobqpJUzU8Tq1N7xhbQbKiB6NNHyuPa15tzv4riBPqUh,9375.812820024996,1130804,$1000-$10K
9o6pox2VBWBQ8CGQX1SddNMExynEGxweYN53gS6ZnZYj,9375.81141096995,1130805,$1000-$10K
2MPZMZtmSAj6cyW9XPjUUxLU6bcuQSnhtfaJmyBCX2Jg,9375.76988129994,1130806,$1000-$10K
w8tGEgLUtJcSFccoe1N7aBuAyhiNJsWFM4n4YFzedbF,9375.742851642448,1130807,$1000-$10K
8G47CorCAFi3Cg2LjkY4bk5EZC71V32PVjvwJuvVGrMs,9375.732022482793,1130808,$1000-$10K
9cMke8NT1dioqSkRy1ZVQkB4cXnBq9VZWqioyffZz5fU,9375.728612795323,1130809,$1000-$10K
9BN8CCBAbX4N1CwayNyYfxx7afeyp8bJEjLhxL7QpFmB,9375.69830284914,1130810,$1000-$10K
7h4S9PzoPWGM2kJ1993xFytpKCUxAy2aqqpmBbUmyYe1,9375.685852447823,1130811,$1000-$10K
FMbjDDPMX387XPU8EkHn7gg8p7JtoQ86nJrXN7jceVy7,9375.620705391066,1130812,$1000-$10K
3NALQgbiGq1WoiQsfKv39dSsrXGvXGo7DMfHwE9QjwB2,9375.610520430657,1130813,$1000-$10K
HUw7aG5tMuhefA4TLnMwxaBAVPeCbNRoMQvSopYD7oGc,9375.591272708425,1130814,$1000-$10K
EEg2nnveoSJ6jFGzsPm4Ezext4y1K8GjqAW9n3Wuq94k,9375.572662870416,1130815,$1000-$10K
DpnD1U5naYDtyhxc9WQLXV8GhKS1ZF5ZwXaQJdvAP3qY,9375.537410130666,1130816,$1000-$10K
7HL1kzpfcp91V2UMd8coHtqGHtgRoHwRdFqJQv3DQcYn,9375.507732595357,1130817,$1000-$10K
28xbEz1iaUduMX71bvWmUSh4CeH3Kefi9xX9WGBAFmv7,9375.503789519591,1130818,$1000-$10K
HhkpKetq66zoQPKAyVkWFCMaXGaVWjG2wAPorxzrjdEh,9375.48449288258,1130819,$1000-$10K
6VFUzzv4MxVcYPyqGu2b952DAwvXz4LEWMfHc8gu4TpT,9375.46960652261,1130820,$1000-$10K
DUypqzCv2tCxrJbVraTbicKLPMP5tdsX4sXfK8HSH4xs,9375.44049307653,1130821,$1000-$10K
GukN2GHpKciTgS3nvApLzQD5cY3KcGH62ohQCSEszdkc,9375.426804231434,1130822,$1000-$10K
GFGUnMFJdVCQ7TfgusURM6yoey5YgEHLYZWMe6a5YcEb,9375.388588771884,1130823,$1000-$10K
3vVTLwqU8qwGLhEJFsC4bXo8piyb1Wcv8FYSkf2rSBh7,9375.363532423042,1130824,$1000-$10K
2bJzSLMrmAydEB9BKbpYcSbjHLDkBN4NFHSHxkd8gWnp,9375.336979065094,1130825,$1000-$10K
EpkpfSesTjSUvFb3afaeTCYALtTNTYarCNDvFhxFJnqx,9375.334792540636,1130826,$1000-$10K
A5aVa4VsTUhZUt3urP53Yfjsuk1h1Y9jsgfXP1PQFtEX,9375.274637318691,1130827,$1000-$10K
6SfZZyKqhkuKedRAJH8YatcYCJn2xVLRG3WLSB4DFwex,9375.270208666347,1130828,$1000-$10K
AUnHM1Zw7oZvKpThfEKrLUyTFvixLNq55c8ymqTcjYEV,9375.24485959912,1130829,$1000-$10K
EQckqFirhY2gqfVWdCS3vNgkpGxV3Z1bqfcLUPophFyA,9375.208960859509,1130830,$1000-$10K
HcCCX7iPH2WixRagqdTsY7VHDmedVxUthVRUowEcUy5s,9375.207321090165,1130831,$1000-$10K
AyTN1cSGX8aizPLc1nEqdNEoeBbF3YVQGNcLNbQSmmDZ,9375.15730238354,1130832,$1000-$10K
3kw6rmiVeSJxWFavoYJDndf8U8cPE318BRBdHaSdM49k,9375.12874219802,1130833,$1000-$10K
5Zp4znYMF2rvtf4RrBLMgapPN3GeTQ6qwft6TufkevEm,9375.09069554614,1130834,$1000-$10K
BbScLyGhz8fjkhE9gfVyn9uDmwaFT8knViVCuohmC8Bq,9375.064323493096,1130835,$1000-$10K
GSArWmUKHJAUjitMgMeBeby5brxo6Efqy9rs8TDJ4HwN,9375.060763366215,1130836,$1000-$10K
3bXdTR3cGfVsq2oQpZ9QD3CN9PZhKwqj5ua8HBf8pZf8,9375.05784364301,1130837,$1000-$10K
DSwSvS3LtKHpWgDM8ceSzEEgY7YfYMaVWMeHXCwU7X1D,9375.048632856342,1130838,$1000-$10K
FzWCwph5vvMEbmsg6vq4nPsEeM3mhsGBFn15SQq6yjRV,9375.029177589548,1130839,$1000-$10K
BcGM2t1L8fUS16712BPGKzpyWLUE3XTZWEdZXL9k56Zz,9375.027902377695,1130840,$1000-$10K
HTP4mWd2d8CJG94rBeMgz5BmauTnevihP8AwCvwpt1jR,9374.998453565433,1130841,$1000-$10K
8Mkjrj6GkiZoTjJRbpQD3X4MoN5h51DQ3Cv1X1Ut1pah,9374.993861907808,1130842,$1000-$10K
CbCJ6uNgMvx2G9Dkzazw458ezTz27WDATKDjgjqrBDia,9374.979851190248,1130843,$1000-$10K
7fJ7fdEZZavresGPajeogjLtYFcKDQrYJQvPCM4VJxaW,9374.97825552455,1130844,$1000-$10K
bzeAkCQFCqBzisnD1PSJTGtiKmyPPPcjmiL8tFwh8YN,9374.975687346247,1130845,$1000-$10K
7RKaRQJ33JW3HaZVxukMsqAFtMk69GQJPKDZwYmYeNES,9374.972613813057,1130846,$1000-$10K
41Fg6bjGy76nXRG7uisk2weeM2si8JfJ7e824nXEcEEK,9374.951632989869,1130847,$1000-$10K
CkjdEkGGNZz9UcdnVFKgZZCrE9fYS28ocSgUxz8BYBmE,9374.931984510837,1130848,$1000-$10K
GBSmBZTw7c1s3dAsdPWwGdibvx6rXJA4yhS4pgeq2un6,9374.88971785666,1130849,$1000-$10K
8nyzVLvCUjy5E4dQFnnU6UdDfWQPezD9vACrE6JQyu8b,9374.88193636888,1130850,$1000-$10K
5ZLy9FnaCp6pi7dbTk7F22RKM5JAq7dSmCjY9iqoHJpJ,9374.868271253461,1130851,$1000-$10K
F4Mz1xdQP9xj8PLHGac1aBUQhk9jK5ThUaSkdqs8WrQu,9374.865320584384,1130852,$1000-$10K
ApngGo7ENxJPzftxpR7Mo9M1qcj9oHsaaxPCPokfh9xW,9374.862926108075,1130853,$1000-$10K
BEi8p7iQVS1YkVbPoJfXTo8cSinGf4yGiV7DKuYzEBD5,9374.815037380067,1130854,$1000-$10K
G6ngmiYq4vjci83ayJyYncsh3FM3ZaLTqdn3urQJzemk,9374.786954608167,1130855,$1000-$10K
7SxGNNMrcvADSnpJthRRz6pM2LG2QJptAsDMqK351ZZc,9374.73064084283,1130856,$1000-$10K
2cVkH31LR1jLUpND6nuAnNamJ3HzZb9fesibc9Uzp9cz,9374.721632660137,1130857,$1000-$10K
2yj8bqAi6mu5RT5Gu1KMgKNBs9DmfQq4aXv1SiK3GN55,9374.68596110941,1130858,$1000-$10K
dustiW1gz3LyfaYsM6dC6XGT9doqEuCG6AjXFGAedWQ,9374.654272508338,1130859,$1000-$10K
2amnzcQ3vPH5WfpLFfoBtB1eqtwuGXHLsU5zqJFM4mJ6,9374.639788682383,1130860,$1000-$10K
8P1wSMvRqdkBwdchXhmqeoacnfUGZRBykrUWg1uYG688,9374.62327181374,1130861,$1000-$10K
FpB7748q67npUjbQYvWZirdxpxvStmNecgfizgmJsM1b,9374.617733799816,1130862,$1000-$10K
AY1HRr9VJ4QFjBNeU7GMNPSub2h4DSU9fxCFyG21vtiX,9374.614911021914,1130863,$1000-$10K
JwFcw6CUaH19YB9MnpdZMgmtTjb9WRpmaH7prHTXrde,9374.611674644762,1130864,$1000-$10K
7auhvn7cJ1tYGWq68LJU8X1KqiSkjseMNUW7WvKF9Jpr,9374.599282838359,1130865,$1000-$10K
7zU3jonPYzw3feJpnzw87B4SDmxpHvMh2ToTrb6yJC8V,9374.590104466897,1130866,$1000-$10K
GwfMRQXTDyKRG6gLnP7dUZTaM1QC3B4jNDGo7M6NDVRg,9374.580258478074,1130867,$1000-$10K
GbhUcYT6kdAk1v95mnMVWqD2nRGAspeffidFSDF8UJyM,9374.575360275794,1130868,$1000-$10K
H85Cg7b4XyyjRyyZizjMStUHW8Y2XC7o2xPbGEB7kgCs,9374.573874964746,1130869,$1000-$10K
GfBWHt7NyZLJyhBWBH8YteMhTNGXQgT2MsmUbptqMAfR,9374.57301,1130870,$1000-$10K
9xHryg9vui5fk7QNav21dZS7cBkAVDTTvLNeJRENBerC,9374.57272724107,1130871,$1000-$10K
8h7pdubyRFn4sAEdtVeFUTxr8ULw6nvt6Bxnim3xdSy5,9374.572227024491,1130872,$1000-$10K
GEDuYFrDq55jabSzLXMcFWJxFdFp2yZNS6dxcziJ9qqL,9374.567016432866,1130873,$1000-$10K
GmcTcRevUwEEqSV1aeN6shWD5BKixkE6aNL2y9jcM4ju,9374.556104855206,1130874,$1000-$10K
yL6nppRXP2NSGkEUYULfq5vWSb3sMaRBZXhHZuyoZAH,9374.554250714662,1130875,$1000-$10K
Cpix9wPS5qTzezH3zzbeGfvJc3q8iiLwE1k1xZTX1kxv,9374.55254347897,1130876,$1000-$10K
63EgU4JdDH4udPBFYduqboLMnNDemv9ULbDtoEEMHcLW,9374.504424221941,1130877,$1000-$10K
8c1wmV7sYwy68zRjwyVNfgWCSudo5rZ2JJUxVFxDeehz,9374.500876120108,1130878,$1000-$10K
CdcC6KgzzMNeKEfqLWj1WqdwccuNF92mvwZxt39jVFzJ,9374.491815148162,1130879,$1000-$10K
5JczW69Td5NEypmpg9dFNeRsiZ8M6ZmiCwTrTZ3iNCeY,9374.491644249189,1130880,$1000-$10K
Ho5CTKY4hUAympQtR5pBixs2xtxUv7QJBnmv3GvQhECg,9374.487702170749,1130881,$1000-$10K
9GFpiS3qWDacy7rvZKjJ1kx945jSwdrDbo7DoSee2zCz,9374.480999235635,1130882,$1000-$10K
GcB8b4VjfhWm9NF9ivg5uXp61P8mBqRrqQiTMDnFPSRg,9374.474223042054,1130883,$1000-$10K
RjZ3VkvDyzNGfy7GCvgEWbAtc85yWeM6CwGUTsFftnx,9374.459367436342,1130884,$1000-$10K
25djt1z8bctSWr9WSd2hySqX1iWqvB9s6GAww8yEjJka,9374.454642353921,1130885,$1000-$10K
Bv5xSu54vtqhigQ9pdZnt9ZxeXJFQvW4mSdJxsc597Wo,9374.404978181927,1130886,$1000-$10K
DhAWDgMaaqeM8KV9cZ775b7NWQVRrygkvDyG4YjbFQKK,9374.398586834213,1130887,$1000-$10K
5ym2QsMqdvukkGX4LZcgS51o9qCRiVxkb5mhdDykx84E,9374.37967342089,1130888,$1000-$10K
6d2zac83LCiXA6j6VPXByvTTviB2mGVtRrJ56vxV1PFV,9374.365832448893,1130889,$1000-$10K
37TEnfjHpv3dDeggpPNUV2zh5fnAZEeCpMnV3Ma1jKwN,9374.326183101311,1130890,$1000-$10K
7eURHDmSWY8sAvXs6pthvbAjdMFR74SsT8HqcYEzy6ee,9374.326139729921,1130891,$1000-$10K
FL6w2YQzXJ3cbWsqR4VW1B1nE6pUmYGs2QY3hQx1aH2M,9374.314014473626,1130892,$1000-$10K
2euNe2ek5g2cPPHjVAoJmzgh4QoCgNycvQ457yfqJ7NB,9374.255373717548,1130893,$1000-$10K
BK1W2fphfja4TcZE7D58mzh9vuRUVbxNcFQXS7vzgWih,9374.22461987423,1130894,$1000-$10K
iZ6AjvEwsAegoivih5k4Xugi7mc6SqJSDUfHt5Bvb6K,9374.221247091069,1130895,$1000-$10K
AovYzqGoQeThwdhKiZLGqViCLx2XpXHPWmKNjLwb1ia7,9374.181026706729,1130896,$1000-$10K
74BCnaQYQTUAanUS62gmNTLcETJBJKiWdDwLcPp9oUPq,9374.131598689979,1130897,$1000-$10K
8gzGHemSE7oToKy2GKDpEntV4a9bYzwPPtb8mW2RsyDg,9374.128248143372,1130898,$1000-$10K
9JvTkXGwWW43F2YBrXB5PnzjgqQAnZR41kUfnAQrH3vy,9374.122682705198,1130899,$1000-$10K
4CbSRFaLCcK2gfazZDbdqs5WKLj76HwmtFWVPYWZGmVe,9374.106241140482,1130900,$1000-$10K
26LBT3R4bcghKihocHF8tzjVpuEtM99jtQQp2Bwx9qx3,9374.10035493765,1130901,$1000-$10K
9dWY6x22yCqq33cZocFHuMU9P4jCCYoYxZDrZGRrX5NG,9374.099805642796,1130902,$1000-$10K
9CVCyUM6KLWNtKZCRPPtenhHpB9XnHJj7N5xt3RnEmX8,9374.06177944247,1130903,$1000-$10K
F9uTxVPuLAuiDu6DewdE2JiE2JReEaVuFotx779R5Yyo,9374.059703914203,1130904,$1000-$10K
2n6phGcnhw6CkSFxU7umoDWxWNGRMVBD17ZcobLRyS1s,9374.04885458782,1130905,$1000-$10K
8FS1p9cDuMgkhCpRoNccen3ayFn9M4D1SqFv7wDFjY7e,9374.017611293586,1130906,$1000-$10K
E3jXPGaTbGsePxLXFdBXuAnh2X75Ja4PMCFZ5SQ1DK5G,9373.996602557969,1130907,$1000-$10K
GcnzATXBHeYdLXVUq3fNTBjtUH3dZVRMzaa2KssqhBes,9373.987239013592,1130908,$1000-$10K
9zTUgrLx93HhEFiAu5Dnyy57i1Z3AdTDH2V4ZhdbogvV,9373.985515012193,1130909,$1000-$10K
DEHzDzJkYmFRVkbhzw9x4x88D39SK13ko9vQXbxvXu5A,9373.98414111625,1130910,$1000-$10K
428jia25FutGzYNiJ4anddBA7CWHT97i5abPoGzEEvz3,9373.961748044976,1130911,$1000-$10K
HqC2uFddM18PhqPVTkuXVQTnQ7BBuajFxmXbapjqabPd,9373.888775034677,1130912,$1000-$10K
9LBZReMs9xb1ZTFFnUfREGcRpknxMHqTKGkRss3LxBAS,9373.886369947753,1130913,$1000-$10K
EGLHYmE2aYt1CV9KXeXkvxZCA7E85tbkDrm17JfsH4FD,9373.858645544951,1130914,$1000-$10K
5zzas2aKL8rSwhgU69a6pgXSBgj6QsS7cSN3MV6JvjtR,9373.850207032,1130915,$1000-$10K
xg3gNxFNS4eQCLpXooAim9D4VBatEkANbx1rm18PngQ,9373.83074925939,1130916,$1000-$10K
CvRnoi7yBSktuFePgs6kzPbqrCjV6vpd1x7EqHrjzeXc,9373.825281983707,1130917,$1000-$10K
6XxU55roJf4W21YjivPSYqic3rvZUyFJpBCqp3WdCYD9,9373.822602203449,1130918,$1000-$10K
4bcXv8fnNP5rhEeo5MkjPrnv6BcLceBxzJ6HcDQsm4am,9373.799307745692,1130919,$1000-$10K
7aUTLkHz9MSvYBfgVt9wqAt5sSmBBSQs92sr8cz2cqLV,9373.77365243942,1130920,$1000-$10K
6WsuQKkdHibScF7nQ6yZyKjNzupWbwFFAEtkZernLWfq,9373.770028503292,1130921,$1000-$10K
48MTsfKSUt5jX7tVD2sEzdcVrczTZs84uxb2Y5rE7qcT,9373.737987296252,1130922,$1000-$10K
21GsSn4EcVWcGW63G4MacWjxNkzgbBJjxzVJz7z79hhq,9373.729599096141,1130923,$1000-$10K
C9w6SFJnvAHBBXL1Vq24r3KKcsdTdmwNuL7YjuhgrG7J,9373.723779433562,1130924,$1000-$10K
CiKyLe3RKsbgr9FUukK5NzNugZYKXRnUHuBYtvX3pWXQ,9373.68968092867,1130925,$1000-$10K
2UfaEWqCUM54h9yB9YogmdjQYhsesh3XDU3xa4xaNTx7,9373.689054962935,1130926,$1000-$10K
93B2PbFMkdNovsvaWC5hrk6WmjzS557eegwjJNfEEFRk,9373.67472313866,1130927,$1000-$10K
9S88SUBSrSPdcK9hwtvWY7jgYpFfXcFyghj5XzsGMbGL,9373.669828200762,1130928,$1000-$10K
5bHsHR9uhYgehgrf7d2mppfyjX11AxLPHaWkZHJktV2k,9373.658146091177,1130929,$1000-$10K
HBAwTFo6Y6Dj9aqLwK46fTgmDTBjeDvgoUbpiEuQUhKp,9373.65571996792,1130930,$1000-$10K
BMB5MBLhA21iiegmpZcuNesS5c3tSknR8TmjXpnDZVpa,9373.632125898788,1130931,$1000-$10K
3X1nBZK1VvLqJxWjnbowq3yZf8wq33bBuDuWGoi5ErYN,9373.618,1130932,$1000-$10K
9KyXGz6mQLHtJmhtRgfFLx6XRxdmg5JzZbcPUsBUg6LT,9373.597567316201,1130933,$1000-$10K
9ZSBD1LbdgTrPCRpF2JPAaLCDdaNjMgxhwtcTjVCxj5A,9373.56640194732,1130934,$1000-$10K
UDE1Ytv1tvhykokUHHJ3rw6zVuNtQm5U93Fy15gsxP6,9373.545018240606,1130935,$1000-$10K
HeKezg1Ta5ZRFcpdVqLUpgW8ZiSCz3aEQMmbYvGci2qd,9373.542819418979,1130936,$1000-$10K
8VFgRyBMgUGhWzo3futR67LTfMzmDCDuMkUvVWsV7vLS,9373.538848155775,1130937,$1000-$10K
62wcsnVTmfYjgTSVcp5jE6GpTpLmjPfsJ4CMPap1KPmV,9373.528118652093,1130938,$1000-$10K
EKaSJx2cPAaHxoHkWHyr6K6fFMG2h3HaJiAKPAvgtZea,9373.485785616453,1130939,$1000-$10K
6qi6GCQc6CBF8CA6uZpn9VZwSJqvuoZVnNXCUoNtQ8Ki,9373.483030216026,1130940,$1000-$10K
5TMJwPGJAYFwxUgDPbpwv4ATP4BNpTUJ76faoNRC7Sy5,9373.457608396362,1130941,$1000-$10K
ApD55fzweUhNRztEVQtDbtpQZMHYTwYhWjH57xY6ZGDV,9373.449256291866,1130942,$1000-$10K
2Q2NR5RHngjBrsTW9DVqFv6z8sK1yr66JuULemKiZ4KJ,9373.438544984378,1130943,$1000-$10K
7Hzu7Ca1Vgn5sjFZZnKQ7CP6VNLWXckajqdvc7mB1P1m,9373.419489799346,1130944,$1000-$10K
6cog51KZv5uL4ta7khEYe2PHsbQd515oLG1mK64Ks24t,9373.418237091379,1130945,$1000-$10K
4SV3q2zwsv2vT4wsSB1vsEPA5gDd6G4KJmBUT77WJjLL,9373.4093212364,1130946,$1000-$10K
2gqFXLVnK89oCe45L5bFKgYyWprgpELG1R8C88W6g9WN,9373.399536228535,1130947,$1000-$10K
36PVQNQ4zh71hd64r1kVb4GaMVFFxsVzc88FUy36g9cN,9373.383921406949,1130948,$1000-$10K
AbVGjik5vZvJAMS8DYNSUbgSMokmZiyahZihoLBrxnjq,9373.382343435402,1130949,$1000-$10K
Frxjo9b4GaCDBRG2ihzxMGKsH5RTUNcyGFnV6rdyeDDH,9373.361538833264,1130950,$1000-$10K
HkTtHt4Fg3kbkhxnb6t5HxxtUEvcuRjPmWpsFeV7dedQ,9373.353321463881,1130951,$1000-$10K
4LGj96zUMTC29Wwa3zCd5RyQJH76i3uvpHBDP9voqsQ2,9373.335502052687,1130952,$1000-$10K
6tr5euL8tZ2HL3R6h9P7ronCztoqaD8LE3NpjVgAdp1i,9373.324161321081,1130953,$1000-$10K
EdWVTS2YhUZVcg8T7eFutWYb2LJUwTvdozJYppx41nyt,9373.312132274605,1130954,$1000-$10K
ALrkKTz5wnEfW1pgppYyMkCauuZYSfjZoEkr7gwoAEgz,9373.30479899204,1130955,$1000-$10K
6rAyxpcAyfE46SnmBEhaz822DCw5BPQo6EUcwohjp6nV,9373.271546166015,1130956,$1000-$10K
ATByAcrrj8Es6oqsfmefNJg8g6WRUvc5yh7kGVNR7had,9373.270504962464,1130957,$1000-$10K
4ezz77T1spkjxwxR1DVYXy23h5aL1SEY6i9SYUPeFemi,9373.236132623942,1130958,$1000-$10K
w6bSfaEnTwEhn5BFSu6AArRfmKdywwihVk7NPcenAx1,9373.194215226964,1130959,$1000-$10K
FcxqXd6Pk1be8YszeqdHrwczATfJmZ9iTFgux8qWjSFN,9373.189739606385,1130960,$1000-$10K
PB94WzgUCu9ubWVz24FMNZPfN8PuAy2RG3Mc58xyvHp,9373.18288147693,1130961,$1000-$10K
HNLE9XfaJTPX7nNcgCmXJAmAcabc4swdnR8dktUGesu9,9373.16849139578,1130962,$1000-$10K
DTF98aaxyFd6k4FnZp12r8HrfgYixmcPmyXTvDioKRRf,9373.151683600752,1130963,$1000-$10K
BrTbK9a9Xng4dPByjDDduBH1R33vWAKRZv3QMG4aZSw9,9373.15132484454,1130964,$1000-$10K
5Q1WNSHHtM577sPbeqc1eJwDnNs6nTZLXckTR6XTzr1a,9373.119804439719,1130965,$1000-$10K
4X3oVaFcH4iZ1Ce2KEabPxVSPEwqTGtwzbG629qf6svB,9373.07340968092,1130966,$1000-$10K
Fy2Ycxfq3obPpfsdHKcdBv352N3txRo3kzmG1Vu1XbGZ,9373.065718150445,1130967,$1000-$10K
8Cs3M8fcTEZADbFxueuNjKuagy87CpXtiuVEe2qyk6sW,9373.064141575787,1130968,$1000-$10K
51ajfT3oDV46v2Rhq98VJyvWzmrxGdqTpJC1Wea8Lcg9,9373.047814386095,1130969,$1000-$10K
EKHaYKGkVKVaLhqED5xWuVdWxBpbFEn87STsTgZLWL5o,9373.044436307418,1130970,$1000-$10K
FirQYHhjWAcjBfZCnAkyi9WbGgE7t3bb7ZvQ6M7T2muU,9373.042855227995,1130971,$1000-$10K
BTuL1cnV1jCLmAUQfmp2xxLqfAZLaPLWzbqodntYY7u4,9373.027389472587,1130972,$1000-$10K
B8UeujduUV9mW3WEpVLytS3fqzfqemt2oZzHGxucmwAF,9373.021583856935,1130973,$1000-$10K
6WUWm4JWLgc63FCrz3dQyy1kTk7ReUiRBYC4bTSosj94,9373.010363142517,1130974,$1000-$10K
HRc3bNocXftZFiyZDGBsjU9aorme2tGZoQ75ND6e8JUL,9372.983457425213,1130975,$1000-$10K
8FLbRsXXJhCF329oVpEhGcqrTLt8XDx3RsLh4YVZKoP1,9372.974773455862,1130976,$1000-$10K
B2NMT34YPJekwFmYB9iT6rTh8YMRvn2udkK67BuqPLXm,9372.972967888207,1130977,$1000-$10K
ARhxHcciJwWVryb8hMd3tS295pjWekkcwmZLdotYQWjA,9372.96297512631,1130978,$1000-$10K
5iAoyPSUFA1fsc4t1DUfiavfqzYbMF9ffFaEx6gAHaw9,9372.957516152424,1130979,$1000-$10K
575x7JKt7J82affviNebpcWTiv1muynTEaRAwcJicQw9,9372.94917863383,1130980,$1000-$10K
9Cpty1DBJ2SfHe3mggDRkZ17ESTPvNitAVLqU93gQrEq,9372.948571075478,1130981,$1000-$10K
GvLjQjuRt1cxhhVhxZugzfnxTMZ6N5zK8MXmCcL1brkq,9372.908711095119,1130982,$1000-$10K
BTpgenZ2ZbNYyhQC4jifTpd9FnvjQmwsAsjW29xUFzG9,9372.88681260434,1130983,$1000-$10K
5YhJwLaTw9aKhmYFVv1prQV3atskoLXuZpoMnGhWWitd,9372.872361627602,1130984,$1000-$10K
EAnxAhLNrma9wefKK8rLXdr6njrPkyZQNgLhnvRGqr54,9372.856390368135,1130985,$1000-$10K
w3ngkHAE4NiWtaUHuVbPMRp5wwjVip2J2oMNmDcty6r,9372.8427573106,1130986,$1000-$10K
EBnDzAWg2TGRMHoV8MDtvDwFk8UGRgU96ypQXZFzJ75r,9372.839013485072,1130987,$1000-$10K
AjN2MpF2R1FkqByHGdMH7tA4hrbECAAtKdmZb8MsLjGs,9372.794977579772,1130988,$1000-$10K
EX7JR4Wve7nQZT33pvDpN6wFCaMG5eCcaz5GjqEMLfxY,9372.78701251652,1130989,$1000-$10K
3S1iGLjr9PwvFyxeae41M3LxwRdFH9dNR44yp2bNLkwv,9372.784097300912,1130990,$1000-$10K
5qazU4fZ9pLHEgjf2JnVezGzFLXV7jaMV2tLYuurDjJw,9372.77922034688,1130991,$1000-$10K
4akcq8G3gQ21rjAmx5bAXsXAcuguA6u7BMCBRCUQeGEJ,9372.720046619334,1130992,$1000-$10K
Cj7dxBHVj5AqwcPXTdhbCri3gqTmxv3cqM3HdZEtUSiV,9372.70329643824,1130993,$1000-$10K
6k7Xyc9ua8CbPurg1FA6GKHjGCSs6rM5yko8aBfYUmKC,9372.674597343113,1130994,$1000-$10K
9vhgqJaD6fLTfjA5gcGCtPbM5NGfgWbGGqHVqePRY6K7,9372.673627108159,1130995,$1000-$10K
P2fxBAWGJ7Y8dfVXpjuhSHPx3rVfiKyMBH8B9XcztoD,9372.666444355735,1130996,$1000-$10K
HxMvnrG8eLdqh6WPpLNDwcQ5t5B3rzfUK9St2bbuHb4G,9372.649930310548,1130997,$1000-$10K
EcY5ysgCAssN2AoXo2Gt6FtvABoBzNVKevb9uQppgHLp,9372.633178453583,1130998,$1000-$10K
2ZuYqBpQy8krV61WeFnhodC2ypgTKRMNTe9qr6aA4nRm,9372.576428222965,1130999,$1000-$10K
5aNZTRvK4vy5jk6j5ztD5jM45GGeJFtzruiujGGyZt8P,9372.57292577777,1131000,$1000-$10K
FY2jGCLwnBB1NsAxd1brn5FnnqZjGsKmSa6vDBmVQ9FQ,9372.57165892295,1131001,$1000-$10K
ELiqW935MSA4DVhu1v8PNyMBq8y1AKzkFua4BCYp9pfu,9372.56423453385,1131002,$1000-$10K
3ghsMT4Sv5Bz3kmNzKpKrGbdGxEZGLxqcFR5YvvqEX7p,9372.5283232742,1131003,$1000-$10K
6zZrZb5MhCeEGE92hYNaJ7337CjHyLo8GTFN4xf5Jm9h,9372.49367855097,1131004,$1000-$10K
7fu1cBCBuDemxMFyFE3tA3a73s6RkLQCNHTmcNmnPnpd,9372.480497686543,1131005,$1000-$10K
7Zjy8G8EqENp2ySEHueV4xschHjPVWqWfyb1rRTrUxgN,9372.479265436212,1131006,$1000-$10K
22K4hkCojC3wfvtQAh64TwxVMzS5c5h9RHo3n4S25ca6,9372.475095500722,1131007,$1000-$10K
HSxq3wide9EcEeDqPXX4pJFLAUTAEj9QtsKGfHQoCm4Y,9372.437081050453,1131008,$1000-$10K
CWyKMk1FJqoHYQqhjjaWbtJQ3mvS6QD3T91mFkzZtDz3,9372.433824919706,1131009,$1000-$10K
GYb9FsJGPGU6T6YeE7MDLdkMccHdJVDjCPrmUv52gftd,9372.426439348177,1131010,$1000-$10K
AcYhbWjBywR2C98XotJ4MbcroFJYedhj2hr6de8SBLk7,9372.418548884816,1131011,$1000-$10K
Eqrrv3SZqgGKg6cBGen3vkfjewHaefSRNkRKo4UGGFQM,9372.393715920849,1131012,$1000-$10K
8rmQdtc2p654t2bM6QL4PnG82dTWy6icQawibYL3Ypeb,9372.329267589015,1131013,$1000-$10K
8bSEYjq1EyXFRbXnvbxaRB2FPbPZjPssb784mHHREPnm,9372.326688033256,1131014,$1000-$10K
3d4SyatSHKDmLSW8XH5XkJ7TBBQyw7ekbCN5dxJ2zgaB,9372.325437607833,1131015,$1000-$10K
686y2t3Jd88UYqrYQGwBc48NF6CUyv8kzNyAFPHpegYw,9372.29104352597,1131016,$1000-$10K
4FGmNCWCw1T4LNBYUCBe4ietQb7dSkcmSy7t7nr1GLze,9372.283655326331,1131017,$1000-$10K
4ughTwxZGDs9tZwKc4DPx2PqGUPiHPENu639UhwGrgzh,9372.276138901103,1131018,$1000-$10K
Eshg81jZNBVUqWwbJjvNbp7Kv7hPtca6A4dK66AMUELB,9372.264096369057,1131019,$1000-$10K
9jGmvpJop3uq6vKxb6kNnSTCQEar6tH6GwuRMQ5csTmm,9372.257313460921,1131020,$1000-$10K
HwAXXSVFEugCG5wXYxPmQFqyfDv3aCFM7QTZrMcq5mKP,9372.223771184219,1131021,$1000-$10K
3sspKtY7f3iCETbj3JVECA6dz4q4wFD8eyi83s5T2LSN,9372.219375846886,1131022,$1000-$10K
Gs8camztJNJAZmngPS24UrD1fgbrpRW5euxU9ht4VXYB,9372.176351275542,1131023,$1000-$10K
BFXPm9EvZTLEFJzQqpPmD5NP5rjEMdKxXz4ex84yRAZe,9372.16571947403,1131024,$1000-$10K
9PdAM9P9wscEEySUN28EtyLGBZCQXgow4biAR1MoYf1U,9372.16295403573,1131025,$1000-$10K
HmsK31FAgzJtkpE3SE2mQPqnJ4EDhfjycdHGjwmRewyq,9372.153887091163,1131026,$1000-$10K
Bso6DLthYkhhiQiPNh93d5LKjBTZR9Qjar2ze3Q3PhUz,9372.143980935653,1131027,$1000-$10K
6Dw1vw6oHnfKhcxqbdfaisbYNyRoxfgwVz15jXmtyFHX,9372.134581958378,1131028,$1000-$10K
E8hYvTdVBTFGwhTcDqXQS3SyFDzV1pQ3LKUG4PRPvLEU,9372.123223757964,1131029,$1000-$10K
6o7ZZ5jbsV21yEY3yUZJABGahb52sdGx1dY2KNBL1ETx,9372.123168538748,1131030,$1000-$10K
6PbDQZ4UJ3FrU129t4Zwsq3RnYHMUMuAYWvWdn6DBhUk,9372.10262942685,1131031,$1000-$10K
VKf3jXwkwpXbqsuSPA7b31aLHgsh6QZaqhdTGYfkmgG,9372.09811780151,1131032,$1000-$10K
oz4kM9ATiGKWSaAvkJKGLKwh1mNBBh8TZJ9wgm2VBYv,9372.082443191202,1131033,$1000-$10K
RFVXAtXvaex5KHMVreEkkhcysALrWpA9qiCGdqbqcRc,9372.078925417169,1131034,$1000-$10K
B4mdEuB8nQW8rH6UfKqg2YYQ69dhCHaWtERVcE5gRg9c,9372.0698391804,1131035,$1000-$10K
8ZUDq47VKqo1Dj91BsKFUczZS5yUJY17x7qzwGkBnLAd,9372.062456381587,1131036,$1000-$10K
4jBRbLH4tCAKByBcmfKWLo1uw6HhZeBZHKP8HS58eZYZ,9372.023952108199,1131037,$1000-$10K
Azr28kqxkJVgxNvcZzmB1WoQ8pt17PHu7p1PmSpdMjig,9371.989128217889,1131038,$1000-$10K
HKMVvLQL1vuBedGnT9gnbV68zP4qEUXoeZ2Zxnt76FvG,9371.975660333543,1131039,$1000-$10K
EjYenjhKayosRmzGwY1ABvivQxC3CDGKUs8NS1HTYjPi,9371.969830763404,1131040,$1000-$10K
BNdJoyaQAmaRVitGGrKxbVWzR6Rw2UfaQsdhAeQXXBov,9371.953358282157,1131041,$1000-$10K
GUQD6cTJtRLtsooUhgqCNfos6WXFhbBHEACSa7vfVT4e,9371.943984884652,1131042,$1000-$10K
F1SyV1WVYgNxujAArU7gQuEKh6tk96iLAsUD56wQqGeC,9371.905106291833,1131043,$1000-$10K
HECq29zr5os2zYVo5EDSDdKUqC5EMTHorp3bSmFHPXSp,9371.85610745298,1131044,$1000-$10K
Gs6a6SYSb5SmHxPCS64MyZ3yKvjRp3dFvQvcdAczENW7,9371.828889649772,1131045,$1000-$10K
BAz2xNN9g7btiVDs5ZQ93ZdCqCfK9yRhLMqarVSGWuVL,9371.813137478699,1131046,$1000-$10K
7Qay8EvS1omSULWNE2iF3PS8M4a7UR4ebwnBinqQkquh,9371.765859656123,1131047,$1000-$10K
GJd5keUrt1cTTihGVsrX9VV4U6eUVNiYDbsg4Y26Yz5B,9371.760742082319,1131048,$1000-$10K
8JFneBfLpEmtgKb2QEh8x4bK9AkHzFgrLiYtzG8iK4gU,9371.7580021292,1131049,$1000-$10K
5o8PB9xUGV9E1BLR8KE3tVcntn47MpzG5suFS2Xa9ohU,9371.747685048656,1131050,$1000-$10K
5EvYaM5hEUEgMJWgweitmLNUnpFJ2GP2tbG3KNPznYFG,9371.73590653668,1131051,$1000-$10K
CTMtobrjcfyCWQ3pYCnv6hgzf9w4pEu9EQeKsYgHwcPM,9371.733505531125,1131052,$1000-$10K
4Ab4JqzwW4EhShJyB3Yfs6GgRAptfJzPKy1xtCvnhiMj,9371.714436612054,1131053,$1000-$10K
AdqoVTE2VCWvZjeYxpchYvuQoxD7xjbq87iiWJKNJTuB,9371.712391039331,1131054,$1000-$10K
8Df7ArCDeMGFsRtuV1Ump4BqT882k9LXgbHKqaTNPjb8,9371.699978417473,1131055,$1000-$10K
2rneaVXfuBSqd5JDgSeS8X5zpiR4CtsFmuUZgYU1pYzH,9371.676395201886,1131056,$1000-$10K
4UwSx1Yk2BafeKTrvKXYyrJqcyPPzoxqhDdeoW7a3LCr,9371.663224930233,1131057,$1000-$10K
Da3Zs8v9eBPNuWzFWRwknuDbZZDqovcDn9ePjsJaS9Ys,9371.648092646747,1131058,$1000-$10K
5FmYTVz17vF8nGRE8VzasEzH4NGxe6jjEC58n52BFvYG,9371.642209840304,1131059,$1000-$10K
GTgoZPfppgqccb3rQWGHpyMXQMiGztf1XQQwBcinYH9n,9371.62761349043,1131060,$1000-$10K
CVR4DbBzNfTHLN2naM3M99Dwfx4NBTuBe25XKaSZJxiS,9371.625886296251,1131061,$1000-$10K
LSYdF2E4gSqz8SMPBGbSEt1thTimn2LyV4uKQpVpwfr,9371.610626394868,1131062,$1000-$10K
s7ia24KsdwohThMdUggD7qrfjwiUT2gs3h55BG4mt2p,9371.59775329401,1131063,$1000-$10K
4uJrcQg9scui8tWmstkuMTeS4cuNjFC8DToG8P6ATkLb,9371.5385637768,1131064,$1000-$10K
DjjSxxs8XbZwEW5LStiEXiPUyPSSoFdfckebvhPUv5GB,9371.528181472377,1131065,$1000-$10K
8DGRYkMgZuToPd19qJrCWWUjyjJs34tfnhx66Uqh1cXg,9371.48307251124,1131066,$1000-$10K
5jYGz5i8ZivwB4bSzytoNHBotLQwCJrctYcTjc3L1uba,9371.47452238246,1131067,$1000-$10K
6qRQDDP7vJv5ZBhGYJTg6HwL6RZwnbEun5ssyoDHvkCZ,9371.464687229623,1131068,$1000-$10K
8K6nUPhL19ESe5GEwkxSLAR9p3Gm86BpF3Vh2bfhRPHa,9371.397980071328,1131069,$1000-$10K
3dKFFoWo5p4bThaaSps8nNcjGiG2gE1Hka7qAsH6zu5X,9371.38958118139,1131070,$1000-$10K
GvbieYSqRhh6wboAvvdWR8HHHM6hq6KvXK6EFhF7dox2,9371.385085926137,1131071,$1000-$10K
ABMrRM7n2gqSBwLw21pbJaXE6EmWQFHTRfMu1B7gUeLw,9371.371996671862,1131072,$1000-$10K
Bq91d1dZGdJ79urmbkXcSLM14ZBKGKAcgnVwzUKVT5oL,9371.356776884168,1131073,$1000-$10K
J3SKPKpvkoPCsMq36FcuWyiz7oEuHvT22L7rH9h4agYe,9371.35208980995,1131074,$1000-$10K
8k7bTMrFe39YB5D5e1W6GKv4ykoPszBvDDKuDimJs6eR,9371.340063979684,1131075,$1000-$10K
56ECk6RBEEmmxGLPzz9yYRoG9wneomM8wqMeyhtdWa4S,9371.302331747569,1131076,$1000-$10K
BS9jYwFMjch3yZbLWRaAD23CY6Cj11xY1fQyPfG1nfeq,9371.261545387526,1131077,$1000-$10K
4a5HMf8aYLb7Ki6K5iXSwkYYVt4wHKoq3egoqYMx1YxP,9371.25725688136,1131078,$1000-$10K
9B9dKah7CZr7MQJGt23fYT9HCoikefy9ZbE5idfb9uRG,9371.24604756716,1131079,$1000-$10K
CTebcmeXLisTVBSnDZ4sBY1qo53TwEjP6UzZDwD4V1DW,9371.19404716993,1131080,$1000-$10K
4kUeFy5A9E27ZQr28yCsJEkZkgFt2dgBopjUwddFgeQL,9371.18886555903,1131081,$1000-$10K
4MGLooRUUrjrE9ZPntiAoYB4vwzL2eotH24FyGYo1f7z,9371.18614522529,1131082,$1000-$10K
7HQdvkhep34ZRcmNMwibq3LdpU1mCEp2C8hK2jZnf199,9371.185721378217,1131083,$1000-$10K
J9ATJ316GV74Yu7NrCkjXqzMCACXRs1NbJNUAx1r73pz,9371.161259016199,1131084,$1000-$10K
BhBE5xmaUx9ZYwD4B5pY9J9qaQne3rydD94865uSzZn,9371.160136296243,1131085,$1000-$10K
Dp4UL9vuqqWAEqRtawfLMAdtscPo2PifU56dGZX3fcPP,9371.091157889878,1131086,$1000-$10K
ytywpFrikd52xkz5ZQSGtrkPqgft1HKAu1rPC3QHnmy,9371.06401308907,1131087,$1000-$10K
7xaKPEeY3nBS39URyPCbKA2iDLtghi9XzAGsC3QuyuUA,9371.06112224712,1131088,$1000-$10K
7TZJ4uic4Q9PHmBLTqdci2tDFXMgAu7ktKnJVB6tZt5F,9371.005906846833,1131089,$1000-$10K
yxYuzjB1aV2A6uX4PvPYUWHwuAK4FGwkDZLVWgEkTQD,9371.004328180206,1131090,$1000-$10K
CwLxQ3piGyY9feBcfTutsTfWWHA3yLGY2u2XFKriJnvc,9371.001004826221,1131091,$1000-$10K
Hv3RPiGjJdzcetFy56cGFBneWa6jn96rKvmeeE7DZooV,9371.000307127859,1131092,$1000-$10K
CFPWiLbJurRe7s7sqWZCz1wiVURxSN2yn9R7Dkdkfwe1,9370.9503928688,1131093,$1000-$10K
5ee55jkcPk5iwAL25FXiqdBcFcWTxLSMCmfqNYJDbEK6,9370.95001095272,1131094,$1000-$10K
7LywTuUjZEFuxrhjennP9hBpRhw5GP7RhTxwMu8viV7s,9370.946075402004,1131095,$1000-$10K
EKn9ayEWooxtJSd3Yg1cNHA3nUJFimeFK5rSQ8gULDZ5,9370.927718053825,1131096,$1000-$10K
2D4uL44PAiyXWUyXyES1nc2r2CmrSY8BaH3oGdZ9XSmR,9370.927115823928,1131097,$1000-$10K
2ifEgJhLL8Z4kPK5DfxF5317Boi8h4J4kGWauANkkn4J,9370.926764151227,1131098,$1000-$10K
Z6uDhobYaMmP9CbniAXR8dpMr3mVScEr3mXSigNL25k,9370.91194830919,1131099,$1000-$10K
FdsamvNAQdsHPWuAYvkFiyqGXBWY73HPXGNmzbjnB1xy,9370.889107181889,1131100,$1000-$10K
7x2u6F3R3Eh9nphsbNeqDGDJMe2WpK8Be8SmK52x6hY8,9370.881511353055,1131101,$1000-$10K
AdNcTMqsqttgrXGPfXa2fivGm3sjFpBjZNqGu8vy5xF2,9370.854741662471,1131102,$1000-$10K
9yvVighEarViUt7KNb7CKgqnEKdWVq3gBwfCoBCS4AMD,9370.84747809832,1131103,$1000-$10K
5k11hdwVdiYuL9r7nrUREDqAKra7nan2qRzdC9VMHkSu,9370.84208529755,1131104,$1000-$10K
GfnSkiKobdcLcXJ6bUhMZnVD3QuVQtMz4f31CqwsPrVR,9370.78989372752,1131105,$1000-$10K
HEhT23qRZLh69ixoprYjacL8Y8JfqKfUayVrB3sRzZ3d,9370.786697457941,1131106,$1000-$10K
2D1EWeVsSAZmnakvmKF1xpybRot64zbBNan9QTjBXC8J,9370.684723310884,1131107,$1000-$10K
A1o5Uk46wxpiSncF947EnjgHTANdmVTw9QbzKwhLoYS4,9370.663971996013,1131108,$1000-$10K
5HTbWhPhHgvrPzxgL8LfqTUsnctHR9dc7PhGpGpL1RkG,9370.65568658628,1131109,$1000-$10K
GChVkksmPDve7sK3AtP11Jk2xxUdQsKJV7K7EPefBWSh,9370.564002182215,1131110,$1000-$10K
6S2nf9NQ2z8EiRcUFruZ62LVWcFmMfnQJRieLvy9WMnD,9370.55058736626,1131111,$1000-$10K
Go6zb3SySq78dH2ivMepX5YqDiXox8zstg7EfpjhJ7zd,9370.542250783297,1131112,$1000-$10K
72sQWa4XfR1YyftfcvP4rg6NWYNjNh6XPrt9sdBhiYFu,9370.540198973888,1131113,$1000-$10K
D2DhzBadzcorTZicxtP7cat9gQL2bPt7xnUeLGKhMRU6,9370.486462733663,1131114,$1000-$10K
AvK1i4dcaZ8WyumZYmyHqHzZNqTa9ui24zCZFKZirdTk,9370.464450594636,1131115,$1000-$10K
8134oz2FJWf1qtfpJzBEMks7tTtSYSoGf4EVeFPq1R5b,9370.446513131175,1131116,$1000-$10K
3w25JJHxXC7HLD7UKZP1gBPhPcA3NnapSjuKYAbw3Ehe,9370.442711109297,1131117,$1000-$10K
7ZYvJGkx5wqsVq8pYapQHGMi1k5jEE7vPS7VAJhDxkJd,9370.426413512163,1131118,$1000-$10K
6AwEUXP1mpE6ZbpSfHNzQwApKatFzjRRQ99MW1h6ZSmt,9370.423789081311,1131119,$1000-$10K
AnzcsJR9vQwxGP17Mdt3nim8isZ4w2mhkxNNiW4FqcL2,9370.399658651522,1131120,$1000-$10K
4CFJm1rDtEcc8FyBcWoPsRXsmPD5cATnKhULXo4M9h4X,9370.398688861967,1131121,$1000-$10K
Gzdgks3ArZ5wWd1p8YrwSskR9HdT2mBo3R9gwUdMYxXL,9370.396261370184,1131122,$1000-$10K
GtEUAmYBZXHivQMAb8dYjugpPmjqayyJRuXSU1rQN3Qk,9370.38616644904,1131123,$1000-$10K
3f21G56jfLV8HM7c9wRhXAzjkk2pkeU5PF151KonUhb5,9370.344398850088,1131124,$1000-$10K
8SrR6PjWJQziv1PAAbG3jYRrw28rE1AsG25NutAkbWD8,9370.343924531067,1131125,$1000-$10K
4dy8o3HcPHdfTWdVbeBxthMPAzScESQuoWDQqQouFXvR,9370.328790543756,1131126,$1000-$10K
HWkRc5FLt6G1CJYESur4XyyttQgpJikTUdwJYDUNA6fH,9370.316416591742,1131127,$1000-$10K
84webEqqAmn6PZf4yW8WcwUrt6TivG2bWWhnpLrXxRtX,9370.290269202793,1131128,$1000-$10K
35kz2rY2VCqSptKiaGxEQcYcdJPZGjvUCAKin5sjMMC7,9370.28039122464,1131129,$1000-$10K
GHeceRu8F9yQt81yY6wVuB9UXqr2eTDqJKEbGibc2t1Y,9370.28,1131130,$1000-$10K
2cxi1mU7PXGvPhR8P2vateQYkfzCtYHBzmwgNypyERkH,9370.262015893151,1131131,$1000-$10K
9o9csgz36gM79w7TczBfUkfKhnzywFLq3EjDavuRzQh4,9370.219906225768,1131132,$1000-$10K
JC1JzQdFvZt4Yesp78rRDRxijcZqBjCyTk1d5ksnN4SS,9370.217915512936,1131133,$1000-$10K
DQM9rVQvvGxWGdBoKzMGKCPxB9VRvYMzo9MWkjBczNhz,9370.212027166985,1131134,$1000-$10K
7qEJXqTZrCs9PT9cF3QAveKVDw4pRwWtqCLunWZvA9CY,9370.210111275015,1131135,$1000-$10K
2vJsn2Dg4NnSL9ftwEvhFyDPp9UruAaS2Rk8p4F2zhMD,9370.19918769719,1131136,$1000-$10K
34eAAKbVoq2tn6X5NshLe1sG5zfC5hW3KZMJq7UwVoeM,9370.124119817941,1131137,$1000-$10K
ENii2Y3P8CdpeLukj9dGUbhzF1tq5fZWEWxFeWwwrkzd,9370.119407480499,1131138,$1000-$10K
G1oGVUH4Mz9SpGt8Hzjt1H2Aupp7GUtNZSRL9vvUrmSp,9370.100187811111,1131139,$1000-$10K
J853s1qGpaz1a9T2SJg88QJYm4ZHVGBJiV68ZQkhJRvP,9370.096530918281,1131140,$1000-$10K
AyajDyu4WUZoC2YcHsLRmZoBbqeAPDQwNTiWrWqX9xSi,9370.091182169785,1131141,$1000-$10K
2mxk3kNShJydStkBsFFbzS2tcvxYJDzajx9oW5L3VESV,9370.09082840736,1131142,$1000-$10K
CkSudKEt5zjKSyqWYDYucv17AaetC55BUS1bVALW5Thq,9370.03867283674,1131143,$1000-$10K
Hu8rhkeun2YJ9LdLDtpcTUSqAma31QK1iueGft8qNtVZ,9370.026212431314,1131144,$1000-$10K
9gJKe1EfxsnFHnR7gjNYZ8ZDL6oreCsb7LMTbRbCcrBF,9369.993634780429,1131145,$1000-$10K
2pVaeRqG1XNQ3vEKYxyc5g9WGKSXg1YDECcSsd4HdSGA,9369.988335522576,1131146,$1000-$10K
6DUkpFNLTpsSr2ZTphK5jaCLCV6HQrwj1KvnxHdcHQ1a,9369.988190588183,1131147,$1000-$10K
t35YZHGUsMCACmn6TSU8M2bCABP8JYJuBiSr1oZ86Jf,9369.983940688866,1131148,$1000-$10K
4mtHKzvkMhjZmoMiVowSb9u7nyyxnYRv3DChyHRXfb1Q,9369.940928624674,1131149,$1000-$10K
EcwFPNRuYzdwX4LGZ8yvuWp6hYyxuXVuFpZA3adkx7AA,9369.925674561959,1131150,$1000-$10K
Ego1xJCEou2bGkJ4ALU5kM5YnbQihwapTAZCkiKvbvhy,9369.925299166165,1131151,$1000-$10K
7ppexaAVtqsMgTH92tswmq7fJxie7Qi4wktmPt7CdP5d,9369.904302227102,1131152,$1000-$10K
GDM9ysgKkAjWD6PNqpta7G5m1aBNH9mWF7CU87RiVQKn,9369.88320091393,1131153,$1000-$10K
ASXD7ZeujSmr7eKBuBir2kpPTU4aSSwAKW7MMwVARQrq,9369.856276262231,1131154,$1000-$10K
AYNWA7xevgevpT1Fcpp5oNEnqrgFvdLPmXBpjJQG4fh5,9369.836160695068,1131155,$1000-$10K
J3fgz8BFRMTYEnmrczKnM948HDeiFp9N4eJDHdWgyehV,9369.822822612397,1131156,$1000-$10K
HuV2FG8hKxGS3YfZxepitaxnumzRgJZaTLb5TGyBWfYA,9369.800747273268,1131157,$1000-$10K
39rugiKRVDW6rg5C2Wvn13acjEgsH1tRVSoZw3kF9Bga,9369.77502083254,1131158,$1000-$10K
4jHw4FxodF868Mw1GC5D2MJfuLjyJt6eDcMG1SW4cxLC,9369.738933101242,1131159,$1000-$10K
7uDjch6yGLCWsS2SXzTnfYxanyhSSBNjXeMjgo53QXnx,9369.735554997113,1131160,$1000-$10K
7rUMaSoK2iEfJXXBe6JUm7tQsSUYtAbUXuCLwwpzK1dd,9369.727629764031,1131161,$1000-$10K
ErYLnqKFpqDG4mZ3gv1QJoEsgnshGZwM7f5Y5wdnS7BN,9369.715169339286,1131162,$1000-$10K
GsCizrP8LX3HZwmjHGkzcHG2Grwy9gEsMaU8GrNByJST,9369.681279824583,1131163,$1000-$10K
JADdnwaNbpY9AAFYditiPZ8g1GEAupPecC8HiGdjShKT,9369.68052595214,1131164,$1000-$10K
6k9LZc3LD6a5puDNCucqE8ALoppVaGC6ypvR9E7mZt7K,9369.672104305544,1131165,$1000-$10K
7SLrVMuueQArQR5PK4BQiG5HXuqbV9ZCxRFayA2kqWZZ,9369.671717284346,1131166,$1000-$10K
5xccF7SDfNsTk7cheVND7gfCeuvfvL4txKcEGqmE7v6A,9369.651955793395,1131167,$1000-$10K
7mZjhMZRC2xRE6UEZvaPDtHfBUW6dbk79Bw7A1ZgqjEX,9369.632734874443,1131168,$1000-$10K
G4UYgdq1YibiYhsSZ3wiBErGZceCwaar9wfCPTerVbjE,9369.615054405169,1131169,$1000-$10K
AHgsrfEBeoYPwvAKTUK4mF9rwpPnGVoMmTY8DSfw7ebC,9369.59760917458,1131170,$1000-$10K
BR9hSFrpdAQP8pJQZj7uucT7UJvxt7umXKh6n8SavjK1,9369.58828270652,1131171,$1000-$10K
ESLabTr2erjHerNEkP1xW4RdxXy6zKUsE5PpLuW5F3K7,9369.561915795604,1131172,$1000-$10K
KGSDNTZnhUAtHuAcsbxqnkQsupYrZPPVfA4FsXKw8KD,9369.560947529862,1131173,$1000-$10K
FALGBbing1D723Z8XzdzpcSmNPGjeSR5X8XjMNcYcRmb,9369.516995090195,1131174,$1000-$10K
DX8kLWcFyHGAzU1mXqtw27Bt1KxmKyNHXGA4gDqfsoGM,9369.504137929458,1131175,$1000-$10K
2ytWAhBSHThQibEeXShMJvD8AYZHbPDaVbzeUgs2yYQf,9369.404116973878,1131176,$1000-$10K
9EcyYQT58bCrWHYFVBox3h1UzEnC7iRJtue2PGzdwDWQ,9369.388993827517,1131177,$1000-$10K
3BqKcz65TVKrKKYioRWWPUKYCSPHhywx8CXKnexzuSeN,9369.385612968452,1131178,$1000-$10K
6gUmafMUx5756fGoS4BBtNJKb5E8bWbTM6Fb3Zc2UzgX,9369.383612276082,1131179,$1000-$10K
2cgEzboPBjxbDyRNM3itKETCSiiHChpFzwqiCtqMWqxT,9369.31938161577,1131180,$1000-$10K
J31Kfn98JhK1g1RWZTa1uniZjYSkdUQp8SigBN8amcTW,9369.310161195532,1131181,$1000-$10K
9W6F4RHwMUwdjJRe5rTucFcPUGgfQKSxaZXgoniuf9vR,9369.309040639779,1131182,$1000-$10K
GuxXy3Z3yTiy5XCzfFVvjoJqZmAa3SxrorWN6Dfr1zh5,9369.301005317338,1131183,$1000-$10K
H9Fy99xWh5QFWnFhNoSE8WMwJrwJLyevcET5cyxREj8C,9369.286017594883,1131184,$1000-$10K
8u1EP8pMXhFXFZbN5qBBekYLgXzZBMCMq5zkHqgpUMKi,9369.285883596904,1131185,$1000-$10K
Eqr6sPC2W39THbMc9BcBspQYnbLPLR7RqCHsakMjKjJm,9369.217434815817,1131186,$1000-$10K
FVjzhARd5xLxa7XbhKSuwXahMZFpYXrCyjSY8hk3QEja,9369.211703370182,1131187,$1000-$10K
HWTPjc78mX5ga8jFUJjSfzYFubzWQg6XThtRZhUKBYwE,9369.196241503778,1131188,$1000-$10K
3g5CPbSxAYpy8ZEFp5yYN93LHLaUDWuPaZ8ZGxJzBX3c,9369.194400285181,1131189,$1000-$10K
3VpM12QwxiY1iAW816dBX8GmhQkzTzFQwyaWzb1vW8PF,9369.17961971006,1131190,$1000-$10K
3d9n5TxjZdnjprwp69SPuiNNUYp8Wto76njMtJzNC7e9,9369.152212425404,1131191,$1000-$10K
6JX6etTuDCm9tMNtYPShjPwLHF2wjz8LKZwYLTsafV8k,9369.132620279952,1131192,$1000-$10K
8T9XZdJyFWqm2kd1MwoqHLPg85jzSyLShcuw7NEYrRp2,9369.120551411625,1131193,$1000-$10K
8fMKrjeijyqQZGSerwYiARA7GfkJYsv1PbnyQZr9347E,9369.101275301731,1131194,$1000-$10K
CwZwtGXtzrUWBhtKXtjo4drS4i1FX5Xf6wgitXwdxw9b,9369.096989479174,1131195,$1000-$10K
6tr9a8Kpc4ahuFRrhXmxJb2wqUjf1bfiHiofr34UGWjG,9369.090710478158,1131196,$1000-$10K
DE1riT4PwkkqeMVxGZFLwvcZ5MwfvmzFjvH53ZhnfuL,9369.07675252308,1131197,$1000-$10K
3TSFmzy96Sm5VhWFwRknhLqdqCVF3vXwPp8eNZ9ehKgc,9369.074110943693,1131198,$1000-$10K
GYMDqfdaeCr6nSKw9vJkWJNtgMTQKf2z9yGpzQiKtAEW,9369.063823960956,1131199,$1000-$10K
8g6ra8UAKf1YyD2ZR3njF9yoV7yNNgyaMLuXu7NBfwfm,9369.060229217292,1131200,$1000-$10K
9krkYNdAt9CxKsDtXeYnvY72D9BuQcRwbM2kz3YLTrW6,9369.05786729695,1131201,$1000-$10K
GLAZ4ZVVdhSNeyFQ4aQWFmNyTKpED9QUiYywugir6f2h,9369.047312765324,1131202,$1000-$10K
FBG9GHnpNmbw791FFpfBHBqQRCt3SrwG4aKXSnQw2b1u,9368.988527147378,1131203,$1000-$10K
8QTd1AEEpdCiLYTZ5MbshLc5gnrrnSp8tsktu4aV6WDU,9368.966873328041,1131204,$1000-$10K
9CkV176EYMUS7Zstwu9oeTA3Eprx7WhULtV5sTNeqKuS,9368.963549710645,1131205,$1000-$10K
3Uhr874QAQjWsTHxbER8Pyg1YDeRFJFMdP2ZmxfYcPQ3,9368.956935654469,1131206,$1000-$10K
4Qy5VXXDPMYdcmaLVWQidswJWshKMzrMeRoSKUhkWinr,9368.917061332611,1131207,$1000-$10K
Bffo83vuD9XPaQxHMyZ5Cmi7AYoLiETFkoEGdTJxuikf,9368.894605969575,1131208,$1000-$10K
8dfKq7FbVtithU726nXpm3vCRgeuFmsnmzuUn9g2CmaZ,9368.857722344137,1131209,$1000-$10K
7WCigy18eG4x3G6iuP1GXvocegFTWu36qmWRkz3vJEjd,9368.828122252453,1131210,$1000-$10K
GHiVzKCyh2F8REbmMYBKFUVS3t6xo95912FgoFpdvWRP,9368.821908244241,1131211,$1000-$10K
6xV6H5VxSXPee2RadM1U3FpEtN7kpQQuVXZfMv4oJkYL,9368.817495872468,1131212,$1000-$10K
B5Jrtixr47i8yhG71aNM8Syu1AmkTaeJzqV86wN9yqi9,9368.802946293643,1131213,$1000-$10K
A9nYArpCSEH2YnRiNX2JkEPoYmw23v6NAPnxJE5YH28c,9368.801343007735,1131214,$1000-$10K
BPLJD28AgaEURfDBDzL6bNSzXkqdesw1ckB8YcAQamxk,9368.773195763733,1131215,$1000-$10K
TRY6f6ACMXvxY6JsZ1cUSxC4iyk24wqBPXDADCk2QcV,9368.730798268856,1131216,$1000-$10K
FmeVu9MuJmh1PHQjehue97pp9NyyV8ZuLbkwVYJNQELL,9368.68185722852,1131217,$1000-$10K
CKgMnpSLza4cHHWS7BMRtXREdpYDKWyX7yjscYV2YdSr,9368.666349943278,1131218,$1000-$10K
CVoybjSbMiYqnzEefzWo9skUjH3g3HyJfgXtJpEK6U1,9368.645028937788,1131219,$1000-$10K
5Zne6HCQrzA9pgU7cU3mjsJm72xQxyR9G4uShmAiSYDW,9368.636812363944,1131220,$1000-$10K
EKrW3VBam5VikYrDp3WRnvK3HG2e3L6kdayoB86kzcUN,9368.6359706822,1131221,$1000-$10K
2QXtV6jo29bCNCS7HJZXKjtRPHYZjhZcuwV7yTgRY9EE,9368.633457774,1131222,$1000-$10K
65jhtXE1RZTGUU7wwMcQLc91xYPBqATdFMA33oUE4CzT,9368.619854862278,1131223,$1000-$10K
8zFxohKehcoStFTK1hpADuUsagVj93LuN9GPPXo81CJi,9368.591647624415,1131224,$1000-$10K
8CqtP8tvKC3sVTgoGTzgHev7Dgjj49cBhm4BM2i2SeYW,9368.588425041835,1131225,$1000-$10K
4g5QhLtRBsFzYJTPf55pov8ivb8eq6KDVQG4y4DS3314,9368.574480602914,1131226,$1000-$10K
HvU39nbpFpZsN5kcmoxukbdvmNMhejexwBCvTqpamMkY,9368.562246064217,1131227,$1000-$10K
BZnWugKgppnffBMLZQ2xRHMRCCG6axwTp4vtxQBAxnBN,9368.56158132939,1131228,$1000-$10K
FdybsAc3k9DNpdFHkiEWcH4HrNbp1ZmWqshs5L3VteE5,9368.555990461224,1131229,$1000-$10K
FNV646wgQ5nPBXZ84QKdDuzsXk5kGeuXxPWGfq9HxxZh,9368.534339869471,1131230,$1000-$10K
5xNkTc6oY9TQcspz2TARwCUaLcENKZZY6UnVERirHBbD,9368.520407762513,1131231,$1000-$10K
4xdgURZmaeGJ5z2gZjiV3fhNuKYCZhwgDShMz7g4tduM,9368.5168128333,1131232,$1000-$10K
CGMhjCGx32T4b7yexqPBgQy3tXe4BCJyoS7MQCEa7tz6,9368.499829047905,1131233,$1000-$10K
66ahNDUz6h8qPJozNXoHSFuit3cropfYdABGRavQZi3R,9368.49335020814,1131234,$1000-$10K
3b2r12R5cQADL5y1vm9hvJ5QGUTPBkkrYVq8j559ybV5,9368.487801242618,1131235,$1000-$10K
7yvWEihzKpFZGcFWXNQ6UrUxGEDDdNUBHVnXT8GkMoFX,9368.442831294791,1131236,$1000-$10K
6PbgJPXMsGZ5Yi8dyuA8Qrhs1k4G1397sndCcCWBREPf,9368.413933845106,1131237,$1000-$10K
CysqkYqSZJakrmtGLJJxsxKMgSqnNdM32rcCPGe1rFm5,9368.408732569262,1131238,$1000-$10K
oEDJCsy83kqkoUhXsV93CEYuD7x8tBEGkjtyehxDtzM,9368.394618637636,1131239,$1000-$10K
HP5GHTYDYTndVkGB1JGZTgtnwpkVNXtbAtgmWULKTyC7,9368.389787373064,1131240,$1000-$10K
Am3U89YHCHWtfE3hFnuV2KuxfkUQfFpKEpbGepK46FFV,9368.388357246884,1131241,$1000-$10K
5qpDhacyBniezkcxe5cBg9Wtstbg1DS2EZigfy8S7HQ8,9368.380059609022,1131242,$1000-$10K
5MGYy4ZtF6Vzp9pE9bJbmw6BsQwFyGbqsuWJHxqhxPKY,9368.37413119708,1131243,$1000-$10K
4vgMkUQcQiWg1MC9MyTbNzVo3C1KAifJPXqi2eGQJnys,9368.371315577719,1131244,$1000-$10K
D5WcGgQWfMwvZwK7c8BBPgPas4Hj8xAsdFR6wpBakemb,9368.357007126942,1131245,$1000-$10K
HQn7E4yUvtqC6ZHmCjqHW9YyfJ9guW4URgauJJCQt2Ye,9368.342802141806,1131246,$1000-$10K
9H2dSvoDUcfj96YFYtHWkch8SLBS76gAqXqFRHtvf8xX,9368.31671342989,1131247,$1000-$10K
F9WT2TQ14VJtNgAM6YupTPVakkBVhP88oXQyzvn7hDq3,9368.313505746532,1131248,$1000-$10K
GCMChWSLz3UHqVkefnNM31kY3XnDrENeJJhEbvs7xy5e,9368.310073854303,1131249,$1000-$10K
C5cbXLy2ALAZ5hpVZ2DX3M9p4sPhhCkBKmP8RDqj3Z8V,9368.294576433958,1131250,$1000-$10K
BEAwyG2o2nj24vAcHfhPb3qscPUUnPjyQzsAnRcqKVnw,9368.27618438996,1131251,$1000-$10K
76SVNpQNubmY5zusquJWjUsdRKkhyEcSoVTHhtqn6Nfu,9368.25013989125,1131252,$1000-$10K
Ey6fNCYLwEvqif1TJkCwtLSgvjsZ42JQNQzxq1idszXe,9368.209156134702,1131253,$1000-$10K
CNdtfFTd8iKMin1Uzxgkxo5BFqcLkW8ykZjRNaegomGN,9368.204801049274,1131254,$1000-$10K
6vfQcRGaXmFGc6vZUw9otdCiKh5MkV5cJM1rjfKCuuL,9368.162826279222,1131255,$1000-$10K
Gw75scTr5S6CKTh7uU5ffTcPZPU5ycWX8jC7voftNMJZ,9368.161691704452,1131256,$1000-$10K
sp2RZzwy4JrJESo9ZEZ8DARgK1rpYwHzGpe6soKrCoz,9368.158946922149,1131257,$1000-$10K
2ceLCJMLv8rjkbU9H31Aho8vJHNbZE4uuepfauGYJ18N,9368.135812789169,1131258,$1000-$10K
A3exGpf7FSH61VPwYCppT8g5nRBhBHDuMNZNVcJZkXG7,9368.132803214732,1131259,$1000-$10K
GMpjkguQPedGx1QZ25hmRY6p42BHUfV6DrqUyM4XDEjd,9368.077486841654,1131260,$1000-$10K
39UB4n9JMFqFTvBRD1SwN7omsjNpa3N6rELbnDTdTohv,9368.060528004531,1131261,$1000-$10K
BWb3fZhEA7rLamrgBGdHEZuoy9WqbPDjUw5gmWaiARt,9368.058229166854,1131262,$1000-$10K
4MYboSj1zxsL7aY87hwwyVcnXTxTDCLSNvWjM7f8SSU2,9368.043097712349,1131263,$1000-$10K
3CTgfPLKbYESV3ZJjhmDNTufJHyZTDkPeSVNNvQhiK5z,9368.035907667487,1131264,$1000-$10K
C9ixBS98txKa2nSSYLgsYp1WgEof2sp34La2xDvGXE3K,9368.027155595792,1131265,$1000-$10K
37kdoBijTLF1Q53AnCTS7MzPrrGQ6VUtCw9LBHH87ZuF,9368.010267997162,1131266,$1000-$10K
8QcNzguxLbWUXvtNrMoa4dUQeuvswNxah3YAM1HLdFWu,9367.982390174195,1131267,$1000-$10K
5umnnQMu3mLrFJwSUATYYdsUR3UYkpXghf5B7xGNNCjq,9367.981038136,1131268,$1000-$10K
B24gn4AWf9Xtt7s9qgUFeM4HiyzVBxNZPbkck6vsqXhC,9367.962093990864,1131269,$1000-$10K
CoEWQawg9jzoPyDYMt4J1khASZDme4KpGCBtBE59PwTn,9367.939414005039,1131270,$1000-$10K
6LRMt5SnXHx9F3jnYDnWGshCpA9qo8YrUNAzSn5ypcDG,9367.938921432746,1131271,$1000-$10K
FJWiLiN93aKFGDv2n1wXsbNALGg9RHZZbxzfRSgSCxbC,9367.935363600709,1131272,$1000-$10K
5mRnYgPveprhuYNPAnrwC9DqSWCuz91pTCshne4rKM8c,9367.923432097015,1131273,$1000-$10K
3mL1w9D34HKZtLVBiRNVbcUU71XkijFSwJeFmqYoZrvn,9367.91390055056,1131274,$1000-$10K
HwP8xCLRybWqR4u5MQ2Th7NVoQCBSNP5Mvscf9a47WkN,9367.895836964788,1131275,$1000-$10K
4wEiLeGa8hZ72ZVLjqLLg5ek2ZkhKJhtzjvyajdwosHV,9367.876568509959,1131276,$1000-$10K
2mZ8VLweG34Gyah2xh7TYDuxXqUFpnyaYD2U5akPD8KA,9367.8700045042,1131277,$1000-$10K
5SoNKwZvwk4UAsnNmzRsezQPR176Wb5dLJ3e9jsJaAvn,9367.868910049336,1131278,$1000-$10K
EYrkPoaCkeixu43PvdWRvKsAwjiM1aAZvTeHyc7khHhj,9367.835289917046,1131279,$1000-$10K
8wFMAwxYXv4HENmEpTpwP7gmmb9rF31HQrvfKDrk7GB3,9367.8043526176,1131280,$1000-$10K
GWNEnkQH2E94LQegYxhK7U46JFfSGWUxpBJZFGHx5NaZ,9367.798562248508,1131281,$1000-$10K
J7KHficoGKgQHWrHuUBsD6xkkiM5TA8KZmbApbBhbKrh,9367.776360820959,1131282,$1000-$10K
8x2ZLaz6wRtWVu4G6577GPmeiCEWHvHa7F3Nfwj6hzmQ,9367.755972797173,1131283,$1000-$10K
72dZrBonnjUvnJxjfuLAwjL9BCdtNoTh5xfD1dEx3sKV,9367.753652392968,1131284,$1000-$10K
FMr1S8i6h15DAhXTg6UzFFd3aNSK2NUUDEcjPxFNxoz3,9367.738233061173,1131285,$1000-$10K
J1dzJAdyB1NqyGBbQidcsXNfiAM9vFusrbutJpvffZKg,9367.733093786737,1131286,$1000-$10K
B9oBPwqVZGcpnak7Z8MTnLSp45NgLPp7o7S3VdjDF6VW,9367.687203369349,1131287,$1000-$10K
Hz6ztAerNNjc9aXLwh9wBCWr5sE9Hur8M52yXQM3n9Sx,9367.686250893,1131288,$1000-$10K
AiLHZ1cpDdSsW5CJDtY5WQ2inzz4noiRwivbTboGdTgp,9367.683290183812,1131289,$1000-$10K
2yCVhMdzPoHj2ef8tWhDw5YBCSk7eXUGwU7KSpVnDKk5,9367.665868632377,1131290,$1000-$10K
ezfgWwXx77x2KcCYw8XXqDpDkfBj1emFQhqSRMZY1YU,9367.660764922419,1131291,$1000-$10K
8H3rvK5n4N4SykrQbnmguN4UB5tF2dZbPYW6G9afdikm,9367.656565054984,1131292,$1000-$10K
FuhFeR6gvNYRH629Zkji4RaTkDzA3AevwEDCFvYJ1hqK,9367.652547002748,1131293,$1000-$10K
6Max7RWNFPetdyptSSVBA3jiJXhy8M6kxwHetpWnKbBg,9367.648476565393,1131294,$1000-$10K
9jpnbuJAYFv3BL6EFZJJZwWp32zRdh4C6Mw2VJWeJbjN,9367.637442114888,1131295,$1000-$10K
3ESwcpVzTJjotg4ULFNRVU6cTAkc9K6fnRdt1YhmSfeu,9367.623566954788,1131296,$1000-$10K
HBi9CV8MPKwpVmEuFyY7eW2XN5XQkQbmsZsQeKov8kZx,9367.618988634178,1131297,$1000-$10K
CyhNxQV4zJFJUosY9FmUkaxueFtFui4ZcYyLMnyRGPtq,9367.600417586176,1131298,$1000-$10K
8okS2bdbsARethx9UMRJVsGCe34duAZ44W1ZBF5JsC8Z,9367.592550990033,1131299,$1000-$10K
7ncBcjh3EcC8WibgUKx2o6vbCWfv8otR7St56hsLq7gE,9367.573246598964,1131300,$1000-$10K
EzKj1kV48vnL8FcDBifojqu9RRnyuyc42Ko51mjkAyGu,9367.560974475586,1131301,$1000-$10K
LZJbdv9vHgJ9NgJffmhCMNkTAr1yTNwythFumY1Ec53,9367.558956704628,1131302,$1000-$10K
CJQ7KGkRuVFvFz291Y39XHXhGNYJFzV9MbwMWK1A3fSj,9367.549452995663,1131303,$1000-$10K
CJrbQ61pUvjudHBgdFGEMVhDvrpUi4XZe9E2t4TQE68X,9367.5377209908,1131304,$1000-$10K
25Whtfmshrdsu3e9JiXTF1XeLfzxDXEE1okPpHps3Jtf,9367.491006797725,1131305,$1000-$10K
7a74M6tneNDz3ZwtiXDidtjuKFpSJnB1Gayo4Dfs7Cmg,9367.479908929929,1131306,$1000-$10K
3ZD4sLyz7nG2FnzyYRt8vDGgvh8jpQYnF4UUKFPEJfot,9367.45188221055,1131307,$1000-$10K
7qfLyWibMxaH7YgJux5na9dSbwuJj8MZN9rMeHkD9vtH,9367.444362046353,1131308,$1000-$10K
GJRpw5d5HEfS2uhNyzjmKbHDoZVFcJ2RBcnF7DRh4iDL,9367.442138169674,1131309,$1000-$10K
2UEHnmqe8J5c3QUDhAYDa2td1oTZJNLKTHEEJtoZbdfQ,9367.358384008978,1131310,$1000-$10K
4QsTaVEsSJecBMUaNq95P9XfxCC1tCE85zRTtcCAJXfM,9367.355933598792,1131311,$1000-$10K
Hsnp9GowtYeWN9RbAC9BT4U4Xz4mWaRwHEx7MvmPzscb,9367.351888542757,1131312,$1000-$10K
EDbuvKLphS8hjT7hQYUCWUUa95z91bWeNMBGcxqrfNcL,9367.350288203259,1131313,$1000-$10K
CpKQzu1VfXWhFKw3ozLbhVgDFaZtzidzcRWDVX6Z3noN,9367.328167681322,1131314,$1000-$10K
G8WMFU3PHPEA7s25sR9v1LqgAGFADm7rwS6zr7s1WPFo,9367.32698878504,1131315,$1000-$10K
C9uhmb5ZAEcAdUwvU89zTbPgoTh4HLJ8ToNtrDggseEo,9367.316094529988,1131316,$1000-$10K
BnJUcQpp32bDHk5gv4P92mgm5LfpdSa4rAgBunZymu3c,9367.31375849025,1131317,$1000-$10K
9HAp9aJMbJgQnfy8YQwN85amdxhoG42gd7MheZNQDjEW,9367.304124366481,1131318,$1000-$10K
3WevF6cNAQT9X4cp4v7zLmjLhd1qQrvP4LH8V1SiiQRY,9367.290647517722,1131319,$1000-$10K
75nUSccWXg4S1yCYxDfEcM771kcLLzJ2s5phHVNu4V7j,9367.290293066464,1131320,$1000-$10K
J3HAAvjq1AVATqk5nR3kxRDT7b47qcvt8tCDqhPmJLz4,9367.269659583826,1131321,$1000-$10K
FGqgy11ozHMNdv6gm8KXUxHG2PkpooFDmdv2W3aJzDtp,9367.253871515202,1131322,$1000-$10K
3XWRYEFQ8DforM7QfucH2Lk8zpwP3B3SqKYgpgeEufW1,9367.230900187911,1131323,$1000-$10K
BXZ2dkM2EzcQsGERT3H3Q2CT2rd6StQVhfi4Vxq3Xyox,9367.22273226873,1131324,$1000-$10K
EZjMeU9R5mCY4SmxrBY8FmJKJ9DcuMmS3FjDxi4f612F,9367.196780699727,1131325,$1000-$10K
8zoY6oiSsE9KLcDx1cRvWCL7d8cgbuT7NEtRET6Dvc1R,9367.18481971991,1131326,$1000-$10K
7q6TqKYMhDC598HP166T7LZcfYfFUYB3PN3qgPgokXom,9367.142112269956,1131327,$1000-$10K
GSPymKxt8RKk4WE3rtD6bdxerrvVP49FGKYTCcwBb5Yq,9367.044267428051,1131328,$1000-$10K
3SyRdProWfzhnUbhZ9p3mAXqLpTcCbWq9GsjpmJpkeiz,9366.99575933042,1131329,$1000-$10K
HmMGit1ZFyWitj4kWc6aeCf4KunV1tAVrSqNTwVu2h42,9366.985969737849,1131330,$1000-$10K
FKmQ5RH4nFy8Zg8ge9sDsfwD8NcwkUCnN4PSsrmGV2g2,9366.975296411603,1131331,$1000-$10K
AS6ri54iEhQPk7ewQcC9wuzfzvA3CFTjfhC45dnMBrfr,9366.969857794167,1131332,$1000-$10K
459THNYLLGHrVep3iCwhYH2uQjPyifLYGoz9iqXhKpkg,9366.962956874242,1131333,$1000-$10K
3k9Yf75VZDqWZ3HstVVZXkgRhDYHRMgCzPPmKaCtxje2,9366.958663775195,1131334,$1000-$10K
96Y5Ln3NaC2nAaLER2vJ8suwHQ44LQ56BfZPGBu75Uqu,9366.867980353027,1131335,$1000-$10K
3kodkekPurCErCqanuvSyUj8bzRUVVssCdCSE5FQFRMm,9366.844065711937,1131336,$1000-$10K
CJxv4VKZGnc9r4SGj9s2yywrhUBxC4bVaxxGDsYuSgkw,9366.826589787492,1131337,$1000-$10K
8E48HMQA6gsZGT6W2BDVytaUxRLGr1bdc1N8VfbzKJg9,9366.825644018198,1131338,$1000-$10K
mViituXD1ssMbnVD1zm5FWsB2rjFdc6p5g8Paxuz8pU,9366.79918979853,1131339,$1000-$10K
CAp8QECvirfEWwdiNvqiDaP3kbDyMMoTjyxKvKJ81jsc,9366.79348305647,1131340,$1000-$10K
ThFkfe9tVkGpYMZXi8tw12T1RsrhmGbfRFErPaMzB7S,9366.785356551742,1131341,$1000-$10K
97iRcHrFLdWjVbWG4SWKAuCCrW11nwcMaktbbczNqyFy,9366.772652393136,1131342,$1000-$10K
5ZdMLBgEdq2Phhg4fjR5784fner2oSqyWUvxYgwe69Zc,9366.768487858539,1131343,$1000-$10K
DDXUXAtupH5QGFPrdYBxTiq3RwWyybxZnwJnqt2LyTyR,9366.768414746639,1131344,$1000-$10K
J2KQS93VCGguDsMnUcnE4VZxpv7T2kqaMp3BW1Jxd9Zs,9366.757219935937,1131345,$1000-$10K
DNtkreWYEre3fRENXsqcZEyYXLyavwcyT4Ywy13NXMp3,9366.750297704693,1131346,$1000-$10K
oyWff43XFTy55YNm8sLFMBTBEc85NUedXvS9ffA469b,9366.74497707257,1131347,$1000-$10K
2HLNHsfvpDfa7hQUh4FkkaRiejUdiwm8BSiztYTW1rWM,9366.743654555285,1131348,$1000-$10K
HUrK62iF9imiPMKPW8rbndgnBEJZY61pg7akkHfYnPgM,9366.73947199414,1131349,$1000-$10K
JAmvc7fwsb2iq1XFTDUXn6UpfTWvbzzuxa7h2CK2SiUZ,9366.70469604344,1131350,$1000-$10K
GqPHu2WcZb4MEvFzqHTJZVBudzcbUVRKJuVsYN2iMpJZ,9366.700899951795,1131351,$1000-$10K
6HjoJrzRWx2waC1nvKgvVb22vZDgn2XKmyVCvXdRKEiZ,9366.697346874207,1131352,$1000-$10K
USS48i4A8R3uTR6iwVF7922WMxJ38jbTtqUhH9UeaYC,9366.67373261825,1131353,$1000-$10K
7QJnAvqTq31C2aSVi5XiECoC8Qw5K8hWcxqYvQjXQxEm,9366.660633278732,1131354,$1000-$10K
6ioQDXRkZ2f7AhioYYrteGEgvLMRUZpcWSKCdR3x4Tbg,9366.659377333575,1131355,$1000-$10K
Yc65Y3fzavf7ADggukDKnzgp2K6frLyUjZ5CbcTNAgq,9366.644836216477,1131356,$1000-$10K
6WuHDuHTZ9EKy9cXJMcwawPmM5e6XGPnUYdH3TSYryZP,9366.61110011712,1131357,$1000-$10K
Hz2tdW42zaupFkyc7s1FNFQPw4UNd7EbCYVWy1kygKDT,9366.58757426968,1131358,$1000-$10K
9dKSRrkURFh8RZnXwjSXkynADotHZeftdcU8a19pHqEo,9366.579421077484,1131359,$1000-$10K
FR5m1ZHw3KDnxF6MZKhyR3bRDpTAevaWfeVXgAaE8n2z,9366.56507785202,1131360,$1000-$10K
DrH1sd4WYcDtn9izghTUkq6j4MoW4Tic8nzZoN8SFqk8,9366.560926764538,1131361,$1000-$10K
BiwxJAtxqUAiy3cyV4krSgQnUZKt9Y6Y7eKbodN4wFJN,9366.54912252068,1131362,$1000-$10K
8h9KG28RZRXik62NF94M1E4aCfCVp5g3WLkKiKpDWdjQ,9366.528738377914,1131363,$1000-$10K
4yPzzahCsRgpHMCjFznjoUsNWAXQNLC7JKzABtTGLMbg,9366.524872078027,1131364,$1000-$10K
71L36FLiKcTVuRPWyCu68tduL6AHgmAJ8SrGgfrdyHeo,9366.523178895417,1131365,$1000-$10K
9jL5xWU5znbhHpQurhzmwcAP9iixno9to4w7vrQ9V3p,9366.494081362214,1131366,$1000-$10K
2ych5qnZhTnbgvo46ptExTqSucZ12skP8WbX2TpQGCy3,9366.467465539688,1131367,$1000-$10K
GAKFD9YJS2R3ZfNxQkAuWpkoMjb3iRV8u41xdJaNG2z8,9366.464765625406,1131368,$1000-$10K
8f41oVbSRkJcoHijVPWuWqY2SYPX3N7Aqd8NxsQUvMYF,9366.4422207312,1131369,$1000-$10K
AZXhAUrfmTknjxJUEtRpE6KwSr1giKzY2YUkbEfjwSs,9366.422956635264,1131370,$1000-$10K
DJFWtqYweMofvYGLeCvRfSpqFuRYhf1xYpWqoMqfTA1t,9366.419303148241,1131371,$1000-$10K
CfngpofBMaBpLicvmwvyfds5m8U4XWEMRZJrtnSByRsT,9366.382749084427,1131372,$1000-$10K
33FYNXAsp4FfQAaQrZzQdTBptvfJLqjgz32xt8Ehq3Ao,9366.375429929036,1131373,$1000-$10K
4Bg7WQpwsiDWQ7zaLxV4xPXnZn2NfWEgZ18KCM1d1idU,9366.354920402591,1131374,$1000-$10K
CrTfoac3LWjZiKYm8op3uQKwZX9PuYhUQ7z86GWNWkjA,9366.353005500194,1131375,$1000-$10K
ANfEdMDm5QM6yX6P1AGuQHMuwQfw4xDsZ4Eu28Vvc5WQ,9366.311747332253,1131376,$1000-$10K
FzGGyUw1bT1kU7QvkZ6BYtjeicKRKfvJu4b4HB4ywpSE,9366.229703668618,1131377,$1000-$10K
8hBPMxjVbrXCR6eCKcsoEC4huMrXCQhpRsaSLM6sKCMR,9366.218542125602,1131378,$1000-$10K
BrxGj25bVb9xHY838i8erUGCeXfJ1bp8nBSUaVXuW2f3,9366.214592051512,1131379,$1000-$10K
E1NnxyC7Nfb5gs2PhPgaUUsth2U2QPTwPiri4s6woCf9,9366.200729335897,1131380,$1000-$10K
qMqoF3vJZcGuwEhqWwxCb13m7KAd8h2iReJzXoPawyL,9366.160817936536,1131381,$1000-$10K
8eDfN8Mx173wvSqNsnJGxMm7pDvdTtoBiVUcWSeuSbAh,9366.15644065485,1131382,$1000-$10K
BasSe21ArjJ2yJd5XNPr7dp1rZNqwgwr6BCK9gdvdk9J,9366.14226320058,1131383,$1000-$10K
4TsTbZ2Fvy9Zc6E4YJJ5Qdobu2MyLqQxQBAvWp3Jty5G,9366.128310397213,1131384,$1000-$10K
7Zk9ZHoaScg4qhbcihQMXTqut6N33qXbFKEuTZKL7pdz,9366.115168025317,1131385,$1000-$10K
dTKEJh7m5PNLZa1CHiy4F9aQB9umrt7tUa9gzisYGy3,9366.109693295866,1131386,$1000-$10K
BpwKVMxWaXtSYjMPCA82syXQE9GgDsq7LzfJJGgvyPnk,9366.102443498516,1131387,$1000-$10K
2qoEBHQ6cvLsGztsDNCWduZFaAroSdKjgHAWhzXqKDuF,9366.086185514287,1131388,$1000-$10K
2Cq6xjghwpeUrhv9MfaxAwKWHFGiP4R53mYbVdE3hTop,9366.083940269671,1131389,$1000-$10K
ArvgE4nrCGkTLqQthCfjxZte81DhZUJBMzaxBCS32Jne,9366.067073070344,1131390,$1000-$10K
2taUkn6Y73zwZbisfgWCRh9sGfkheJMfA5QxgsyYDM6M,9366.066812187408,1131391,$1000-$10K
5EX9mranFyq6XMw5WHBrfttVQFyjg1tLQK67HGykywqG,9366.013381951847,1131392,$1000-$10K
7i8YpRJph9zAt4mCKdD1A2bBeL3Dp95Q6VepzLkk7W1,9365.973461846612,1131393,$1000-$10K
5oST7vAPGur2sVqGxZyqosLFo7py5aCyeXZcEcbmFhws,9365.933787602482,1131394,$1000-$10K
FTEQ7edV2wXWycbAnL5Bzfd3jiPRAo8XkCxJ97t8aCZh,9365.931559621275,1131395,$1000-$10K
Akv4xFM1kH8yEQjM6P7iZKsNyXaW6kt1ZTLi9YGfPFyX,9365.90926338139,1131396,$1000-$10K
DjKuwNtVxvnr1p8QDzKX5Jft36FMp8PJLPXiYFUaMdpP,9365.90151391223,1131397,$1000-$10K
E41FRgNU9ZKach6aquamJvRoRoHBUf1YvsfCPkhwtsLJ,9365.8965773642,1131398,$1000-$10K
Gi4RomrrUiva6Y8cutkeddN2cg58rrnia89bxoW6yfuc,9365.8800764339,1131399,$1000-$10K
13G35RvSLyrsjCKKhxeDXJzSQ84CR8xzmWoVG1X5AWRm,9365.864634600091,1131400,$1000-$10K
gT6bfri7TvLpmaAV9hy37VN5VNhXRbLrXBCwntaE2cU,9365.839095131432,1131401,$1000-$10K
FFrRzPComrnS8sDYjTfDUxZKXJg9Ssp8JDySG81WM4az,9365.836110541166,1131402,$1000-$10K
31HSms1E53o5GYKCkXtH58WjLQ6mWFKJzGkZ37EMoYus,9365.809825958526,1131403,$1000-$10K
ERgPyfEREWfm45HxKHpR2bgCcW9FuXdQgenhxDuR2SCA,9365.73682166003,1131404,$1000-$10K
FXvMRGuyhYPWbDSakF2HKH7G3kJBxdnHjowFu6oXyNBY,9365.706765571878,1131405,$1000-$10K
8AcuH1u5ccowZeszhDGtAX9xV1VC3va9cKYhWhdE3uQf,9365.703136948428,1131406,$1000-$10K
4feoU5wyeV4p3vWxLEHeHmaqqKckWyduVrEx427cJfgB,9365.65422142255,1131407,$1000-$10K
EZtZPVn5mzpCo3BMVGKJqvVejUuGpBV8xnBjRNticV99,9365.640808694185,1131408,$1000-$10K
2rzenhAPRbhrYStYCqpQvojU1o8z1Rw2sB6EptgGQNyQ,9365.63490655951,1131409,$1000-$10K
6DKJUyBTR3JdEPpFib33GX8zPdvYhZVPh6AP986Qxqrk,9365.624007907492,1131410,$1000-$10K
CzMk9yfm7ddxXMsuK7VeuumD87XcvLB1HB1v5mMQf5TM,9365.619722241041,1131411,$1000-$10K
7MgfBofZ5aVe8Jsh7TdcpJnGe9r1Hs4se66n1pQLHnPn,9365.594384506336,1131412,$1000-$10K
5tKjrA3mfeq7DUDGU3qTVsbws4mvonscM3TCM4GxeTbc,9365.586132100427,1131413,$1000-$10K
6QDmT6vfXYnu9HUgD79k3sBWmCRD7JRa912gWqTNiK7m,9365.584839998564,1131414,$1000-$10K
41xaETpidKyZ1GUSox4HwWvHjzY6V23UgMVpfZzjLW3d,9365.583942805742,1131415,$1000-$10K
5ogmu7RSodfKbmqWdGvRe6TqRNov2hqMWXW8x1zeonbm,9365.564494214252,1131416,$1000-$10K
2i9gY5m6bedFNbjeR6cMnKt1iGttgDzUV5P77aFwHtVp,9365.55360470549,1131417,$1000-$10K
4jfhrhtECCZRs9cvYFMvyMpEK5f8NxwNfKwHrMR2wh9S,9365.5337135835,1131418,$1000-$10K
DaYDyCmV3y5bud1PTH9TuvazVTCTQtPSGT4ighNEWUE5,9365.530018919022,1131419,$1000-$10K
BVFZf3ucS6KxwRJUB9V237L2Xquis6RuHZeB1LZF1C9L,9365.457499817929,1131420,$1000-$10K
BgvBQXS79nJ4AjT1peWyC2pd6zYxW4raX3xbhp1dZkqU,9365.449344339444,1131421,$1000-$10K
FDi8tpCPzP1uVZdbs3qQg6EE2CcX761XrSuynQBiG729,9365.444869483998,1131422,$1000-$10K
3Y8f8UCUKEyLFraukyi4yPEiwmUZccNj8dzgaNVszHM5,9365.440587186018,1131423,$1000-$10K
3Wd3pfr7hGSBKwUzZ3oCzzr815fxo6BRGNySrzDMa2u3,9365.389372168258,1131424,$1000-$10K
AH7JU2dtLvyo3jJdAPy7Dxb64SredjYX9sRrE3ALL18A,9365.385358896261,1131425,$1000-$10K
5xepeKr1ZtvUVmVdz4FKBE6zE84DYGwUNg677UJ1UoEA,9365.369001978654,1131426,$1000-$10K
CW2j2CH4MMSLHRZsG9b5msdng4pJyck2inPBtjrduCL3,9365.346815401577,1131427,$1000-$10K
ANoxtTJEuqKrpZUSJVWDP58SxojUb69UQdHGhsLgDCW3,9365.335124072819,1131428,$1000-$10K
Dp48uRmAgkXe7KWWgTormeGqo8mJfnDrFpoxwQoSSFdo,9365.300791143174,1131429,$1000-$10K
5x9BRqr62y7dbE6Qga93gx9Ba7E3uVJWNDTKVsj1FSgj,9365.28533197399,1131430,$1000-$10K
AwuoFYHbePEzHPfju9beMixESLZ3EuAfAH7v7i2q6Rnb,9365.269123324779,1131431,$1000-$10K
ANfFq9wLAXUAxyV278Brpkt8cWQLbkAJA8ohS9Rpr46d,9365.249673966622,1131432,$1000-$10K
8wBWvjHxScunXriqVQsYeYGVA7k3GjuwesQj423D9bZt,9365.247301103322,1131433,$1000-$10K
9tLsRbVEefx649Rh3L4wfzdWk4p8R3dpusYxwycFAZYF,9365.227814668402,1131434,$1000-$10K
7c5iJWaHDHjY9dQ7wcqh4hBe5VuJ1vyyzB3mzA2bmegE,9365.223126285771,1131435,$1000-$10K
13NYisjKXJYhKW8V5nQhLJagbjQwxRQg6CFqCLMjfa7U,9365.200757919,1131436,$1000-$10K
FrcZe9uhYWDDodqjSqKfFCNTBqYycqQ5jjRvFfXYwasE,9365.200209951603,1131437,$1000-$10K
5qRRzA9aLKjYqvunP4njx7eQH5abF66Cvd1iuVN2X3ot,9365.19764034507,1131438,$1000-$10K
BZpxAkF1rjgK9nR5yUePzLrVtEf3F7aCV45oQGA1HkYm,9365.193787831915,1131439,$1000-$10K
J7TQ9PuSLwJzPhk6HvYhCpRnpA4F8edWkwFLpDKd9aAh,9365.167680844468,1131440,$1000-$10K
GoDCHctYEABd9ysZqeTXAHBCwu497YQ6cfeWabY7Fz9E,9365.146803219128,1131441,$1000-$10K
8f1qenzQA2XDdukcU3bUvNRVujDWyWL3wVVCH9XTqvXY,9365.135333556202,1131442,$1000-$10K
8puWB9xZ2jM1gbo2CUQ6QeJnn6TBJHDf1wSpbJCfjC4D,9365.132583941728,1131443,$1000-$10K
2Epict5fij7s1kAJr88fAR2Wq7w8h3chErH4B1LcD9XL,9365.111160883129,1131444,$1000-$10K
BvragsS1uMtkzbRqSTEXcjiFHJHX1TWPLgBmwfJitVPS,9365.11003415193,1131445,$1000-$10K
9EBvfHmpgZziMdnZqBhB6ff76oh8HgLfcshp1D2PyY8i,9365.098270117214,1131446,$1000-$10K
EEYfSK8taHNJN3cxTW7kGMbUAWNEUcZbTDzUdpyJaHDn,9365.098011875694,1131447,$1000-$10K
EHTgxkVvKKgSiSwktR7Xkej5XuDUqELqZmhPPoFv6Np5,9365.035957164919,1131448,$1000-$10K
AKyeZyCA2nVV6EtGj4v7yWGS3BGXC9amrrBVZBRRL2io,9364.999982629588,1131449,$1000-$10K
6ZS7c64aU46F9AtDUKWY4qFez5dnTF5Fdrxc11ztcdrS,9364.949531531489,1131450,$1000-$10K
63Wn3Ku1qSrFZD5SwCYQFvqaZWWgxZh6sRw2vAZh2w9r,9364.947290667653,1131451,$1000-$10K
92sc8opCVUbibY47sCPNoHR3ez4Y636diwzpNCSfCU3U,9364.94469054338,1131452,$1000-$10K
DqNUr8VU2feqTzdL9XVwHp2twkNv2MTr23qQBU2yFpBy,9364.93836062047,1131453,$1000-$10K
EZpTdWngh2LbKvW7KfAy9tFScwGA1Lc1iTGc377fRFdk,9364.93767882519,1131454,$1000-$10K
7QudN1Rpab2cWwc2DgcsYf9qTdodjCFxer1bSXYyPUrf,9364.918454396999,1131455,$1000-$10K
DjcFQ24QJN8u3T7i4VZRdr7frMBMWWeiNezJtVFGQdSz,9364.913249735993,1131456,$1000-$10K
8ZMXXL4BAnPJihY3Gkqn6qNUdpAC8a7RZhfQtZub3NJ1,9364.888179706852,1131457,$1000-$10K
EGkVKQbfwVG4fn6ptuU8h1MNwcYQfDcqHvvrUxHuajoa,9364.855818404143,1131458,$1000-$10K
C9UZRJkiJ56iJQKdqQ2FDzNmf185u85udgjEPQq66UjF,9364.854213722921,1131459,$1000-$10K
GUt3wsmmuPAYoqucPXhsXjJz4ah4CDQD6Hey2b4GGHnK,9364.845773374896,1131460,$1000-$10K
HqCH1rFaCuDC2YQ5dVAAPrNZxEFcc2DK5poRr3MbzwaY,9364.841052452295,1131461,$1000-$10K
5kgysQtxSZbLbsV85ep1BrqJUbfph6uopF4A7C3yVSjV,9364.82281614352,1131462,$1000-$10K
3CmEs68FeQxsboZFAE2SojDqwtCw7wJguRPALNqz4Zvb,9364.791295977928,1131463,$1000-$10K
D1i9JB4PSeKWtxtkLN2jVYLhJHj1GaVJ4ssToqeehcqT,9364.782987104036,1131464,$1000-$10K
8QQFToWEjRkbynd649G5MRmbok7qVjDm3idrxTxZmakg,9364.779947066392,1131465,$1000-$10K
Ahy6ShfsAHCgkjd9Pnh8CNGzmDZnT56kG9HfpWbVAzRL,9364.77292270694,1131466,$1000-$10K
CCKxGQBtaiZU3GjTqebWqDh8KgnJzCQpG7UV7NAFRPU1,9364.768044501412,1131467,$1000-$10K
ARwCs3KDkPMR2AhqT1cakZ9UPK857FvbTCYWs3cAyf2X,9364.758970580126,1131468,$1000-$10K
3KdVsV3VmdeSnFdbuuTDZG4nco1HC5j9RAKXWkcgh8jk,9364.745944794284,1131469,$1000-$10K
BKx7gKy1di8imngryzgzYBjFohQew7aWqrjaMiVodiyj,9364.736843005288,1131470,$1000-$10K
5smZfUa5kd57WjuebWmPvb9DDfhPNdoC7N7BHsNQ9o8U,9364.73066414674,1131471,$1000-$10K
Ft66KBRSKKvNBh9Cc57nitzaCSrBVvjvVn3gbAiw4nb6,9364.727464355274,1131472,$1000-$10K
Fb7q7JBXzzbSrv8UkwsVqD1GF8qcEnTmLkwjJ4XRLLKf,9364.724089765105,1131473,$1000-$10K
E6vCVnJ69XvXbVamD8PVUJhC3J6kancui8RoB96PmJ9f,9364.720298606746,1131474,$1000-$10K
GBCqaLwhk5tMu9nwC62gEAWyYUaERsYCwKN7e8UgdciF,9364.714274613933,1131475,$1000-$10K
EDTYwiHNwyUXaANg3rAAmemxAELUr1N2cnCVA8bBHju3,9364.70370253839,1131476,$1000-$10K
7WEDd8NZrPksaoGHo2g9SFURE9nj1d7G3maJPcKwLXBQ,9364.688749857578,1131477,$1000-$10K
2X9SwC7CmmZgmf9CGtHJyVgEboDGYs33RiBYkN2BrToA,9364.643323533133,1131478,$1000-$10K
4xjR5hVNaVz2ANaWeFa7eDZoSziUCLE2C8ZCdfpiq2wa,9364.62942688189,1131479,$1000-$10K
A98mSi8fAdE2B6h2xQDw6g37sXKJXjzdJJtU5MoBxes5,9364.592174312855,1131480,$1000-$10K
GpBSWMD3zdPc45z7CZSgLP88wnKD1iZiB7fLggroZNcZ,9364.584280002187,1131481,$1000-$10K
3syxxjSfKA36fhJHUtciYYuPkYysSfwj85Ryr7WoYpC9,9364.556273044105,1131482,$1000-$10K
F8KSn5HRiAjF3sUvwDQ8kKawQbKKFpRr7wsLnnvWJBVC,9364.5453640064,1131483,$1000-$10K
AncqibCZksWRRRppv64SL4cTrQWDaS3gKfrUBqQdsF7C,9364.5448886685,1131484,$1000-$10K
7nPmQLXncLybmHg3A5dSvh912h2GEGKADqHifM5q8ZFu,9364.537867430567,1131485,$1000-$10K
AKEm6nyjFfCrQ8Lup4UNLBjLjyG464kbVS3pScVqawx7,9364.521202963137,1131486,$1000-$10K
wyryNAGMp5EmxwCPLumvuyCWHYMBSGEWe8dQeuaFFPM,9364.5124143479,1131487,$1000-$10K
Fj2cdByNHmstiGcqk5YjdAwcNqNX5oZ6r5qB52sTQMku,9364.501226092285,1131488,$1000-$10K
ApRu6aNpP1AKuAczmYtUDexxYx7w79Ejom1qq16ToAxE,9364.481506742262,1131489,$1000-$10K
5TGoeW73WD7fuug3uQ3zHQPWftQkhkPdGigGMRe68TwC,9364.46950405249,1131490,$1000-$10K
5vvCsRGt1hh1FqoNQSbF6qjHf1nNX4jr9P5kdxjh8bTD,9364.452496923643,1131491,$1000-$10K
y73Yjf7UeK6wWxeQixp2RFd6omgd64WZ1PZWQXSsFY7,9364.449464632737,1131492,$1000-$10K
kHwd3jWxS2x3wvmsQN6Fje1Ffypy1nVttzxMGBhR4cq,9364.4416975819,1131493,$1000-$10K
8x1wE57w2myNw85zKMHtvkDVi2T6x7ZZ8eMjaLYCbAJW,9364.429328050512,1131494,$1000-$10K
AaCTVuru7cdd8J86QLyjCaCqcLnoD3wfna4zECXxxHqk,9364.424861591437,1131495,$1000-$10K
6iHR6MpKX5GoKhuVxdKyDDFabfJmXfvrpyLxZovp3TJZ,9364.398381648647,1131496,$1000-$10K
6ZD9ZJ2m23mrhuAMwM56SfHC1n8WH74VUJfY4NBKXbzG,9364.361742505589,1131497,$1000-$10K
AoUdgvUyEyBfdUieQGSuBHxgjcLJm176wjmoJ473bDxh,9364.349927969599,1131498,$1000-$10K
5R5JvCtXAkSuCGezpHWjh7AGYHxVJSWkoVXGcWBrThuy,9364.284548771715,1131499,$1000-$10K
3Pk5rdv4HBkqM9c8ytgH1r1E8WeFKirq967KNgdRUQLG,9364.26882778639,1131500,$1000-$10K
B4nMfYjRJxiXNJGJB39eTXJmQngg3iCoLYaCEiqjCKFK,9364.233213240632,1131501,$1000-$10K
FJqXttt8eSYBpYJcW3QH6dSgwUkHMWJPRVhs2VFZ8kuG,9364.230516844102,1131502,$1000-$10K
HYnD67tydaVwwira9k5ujM6Z44JqDs1x9LxYEcLzFdQv,9364.221098513046,1131503,$1000-$10K
FhSZTRJjK2D16RZwPzkLqkQ2udGstJV4z3Y8efvAbf5Z,9364.218180402906,1131504,$1000-$10K
4KUSATuSmRfMVTphYs9JPgFFaxmK4ozccuX7xcnCfCRX,9364.216787160904,1131505,$1000-$10K
Euyow2jgBGxNvQ5njKu4R3SHB1NHCDWt6BRmnEQUXaa8,9364.203874541097,1131506,$1000-$10K
EXnu4H3o9AKR783SUzhTyAjoKaSTXkj7gCHeUvGLphpN,9364.17330585956,1131507,$1000-$10K
GxDgH6poys3drTjXv4go51XgzVqj44WNu5UeBa3EYGxH,9364.16327703978,1131508,$1000-$10K
AYrAanHXZqaprw8qtE4WppWtioXXw96PhRR12dSxtpRZ,9364.117038679095,1131509,$1000-$10K
GuF4VwzYvVuTxRCtHkbzdXFD1TYHHwBZB5YxhjG3ndcQ,9364.10735529619,1131510,$1000-$10K
CQouFF5QpB9qWCEmuonrVBiuA8T5CqwDLR3fZJyuZ8dL,9364.084026343498,1131511,$1000-$10K
9HvZfJUr6hs27HNKVPgmN78JdVXAJi6wsQjA4nquqG61,9364.028493678075,1131512,$1000-$10K
H1jhjw1VjAMD1mTnn2Wptp65ycsM4iwLfwseKYXzjyw4,9364.026970193783,1131513,$1000-$10K
8K4y3kfjRjxDU4a5nMRUWHWS3sz58WytyCWXYUDbZ2MF,9364.010059239621,1131514,$1000-$10K
FY9yHuNzRvyZknruPovXzYKnxmAkUxuCjPmsdLn6GEcL,9363.993129611656,1131515,$1000-$10K
2zMKd4biRGE8muFq2KQw7j3zSidRYhPXkqc52m4iRpqK,9363.971368460338,1131516,$1000-$10K
5Vh13sEfKapGFwWmJFYGT3XLgWAXRw5cioNMHyNLh37q,9363.937122308314,1131517,$1000-$10K
Dgw7KkX4nvq5pCM2MEw1pFXrvh36HCwJ6d1w3r4Fjr5y,9363.931173642086,1131518,$1000-$10K
EQ18mnGNioswrv5Ww1GU3VPkKZM3oPYDjFzQ3mq4jgR6,9363.920573665124,1131519,$1000-$10K
3HNdagjKGwSYKmwFswgnVjXe6kXtqMw8rJsbJ1SEZYoS,9363.906507138696,1131520,$1000-$10K
8541zSqoj4Syv6Xhqw1rJLRuwS1JgHCAAe9fMJdbLSae,9363.884639527083,1131521,$1000-$10K
6Kuav2gbDGyDQg81pqAHFGzvZvjU12Kb7fV6QhwvGCtz,9363.872976271201,1131522,$1000-$10K
D9rGaQkq464oTw9LnF4pfo3GDRxvFZpad3sBJzceNok3,9363.86011988965,1131523,$1000-$10K
9UWSKjsPvEPL5E5xq3G7mvCafEDhG5sJszNwt4vbnvp8,9363.856200000002,1131524,$1000-$10K
LPQJHEq5cU5eEAnGRBrR3tVE4US44t9D1jXo3Fs8Lxb,9363.826828187963,1131525,$1000-$10K
BYsXVFMEuvGADgzt2dj8oL2uADQuhvqMZuAe8GVAu44V,9363.824823951714,1131526,$1000-$10K
CdnF5sqYMooAyUkQQQmkWcWsHng1LArMSDMyTYTKBiwu,9363.822108507487,1131527,$1000-$10K
7ryX4rSr571rLBtha5xb5pSN9NfsEj8WVBpYs1noVazV,9363.818286917123,1131528,$1000-$10K
V4oxDChxLf4u9diHfBUXuXQKPN6DB4KaxqJ9zYhMHCA,9363.817519275519,1131529,$1000-$10K
EkTffEG2Ld61Fr7df8yn9iRCnHHNYkaPDQtv4gfXcP8Q,9363.788821116234,1131530,$1000-$10K
8h6qpcxq3KghrVpEMYYwJjoiRmYNyrtLmzKinD4sYFMf,9363.778064283491,1131531,$1000-$10K
3n28wtC6NJUgmBfatfEbbE4SWmFocgb9dyxA6NNddBhW,9363.7721169167,1131532,$1000-$10K
7PrJfcEbppNuoftF64a2eH52CBFowqJz5gvBjnGZ8Cso,9363.747261265915,1131533,$1000-$10K
84p1ESyqQthui2CEvBgap4RAJti9T11hp3emZBy6RUgw,9363.72867073505,1131534,$1000-$10K
FfziW7HsrGMSfnxdRANuhsR956iyx6dzraQrrZsUVAUs,9363.711076564738,1131535,$1000-$10K
7GBebAZDf8xzcvGxycD3A3jCkHbHVcYRyujoxA7RnLp4,9363.70213206486,1131536,$1000-$10K
7uMYWMXNi4aBQPAbvC42B6hAaRRq6Me2si9M44EUptN9,9363.696632775287,1131537,$1000-$10K
3L6dq6Wqc7WT8Qrh3MkauXnYGiqJK5doHHLdNYVvEqeA,9363.657864564542,1131538,$1000-$10K
AnVkrFXbS1QgfFzeZrh2F6QC7kTmqx9bSPScbKcveAwE,9363.646040657755,1131539,$1000-$10K
A7dnaYFS6beoLGasKc3rMH4Ccbo9hUpo6zL5vQZcrguS,9363.632612725283,1131540,$1000-$10K
9KgeLRGgsW4iTcq5gXgU8US8fBjQz9ZNRkaey6YagzQy,9363.601804037495,1131541,$1000-$10K
G9XV1zjNycTdMe98YTaTBfWcM5bEW5qajCHoMLWwHmJN,9363.581105831776,1131542,$1000-$10K
DuHfqRGFYvjQDuaygVGmBTp9X8HGSrCjRzUtysUZjFDu,9363.571626899538,1131543,$1000-$10K
61reH7KkNGvieeQNZoctXGNon6g9TePujTuLyHiVPHvA,9363.571454591429,1131544,$1000-$10K
8Z8VoJZ5ux7JMwAGHAXTp4YsxdGHNps36YiJ8GWLiBGL,9363.56788618763,1131545,$1000-$10K
DS19aiaVNoo4mjNqnEnkkhNEF2uWASvKdEg26QR8Z1in,9363.56246323541,1131546,$1000-$10K
HxAXnQoh13EfYtfrGpqbfMiQk9UM3CT1JZKaNx39zHpf,9363.552272327177,1131547,$1000-$10K
DTouyWPqMuQxXr2Ae11LcvR8ZBhdQcj3FgUupaep59oz,9363.55023115025,1131548,$1000-$10K
4je67BPkvg7iZJpEnaxEfngBYeBZSr2HWB9e7nMfCykB,9363.519680820793,1131549,$1000-$10K
CZszZYmnpL85yQy2jnfNktnm4Z5QVShukwfoYJDQtzoi,9363.501019753347,1131550,$1000-$10K
4nXPPSXRH2YryTE8ZCsYwjKF9whVNMXNhpdFBNb2maW1,9363.496582986329,1131551,$1000-$10K
iUctS716HXNVuTwoCM7RVXUCGq9nD8Y5bonDHc56t2B,9363.490925899569,1131552,$1000-$10K
4bzoHgffEM7jdVqaGJx3QM5YaeZx3hCi4GJh9AyNdrpq,9363.4752975507,1131553,$1000-$10K
21mpdMS4y2QkX2jnumzHpDTWUegsj5uS6VMoHUi6ytDk,9363.457234558644,1131554,$1000-$10K
gmCb1VvW9ZvFr38Sy6syhNtnge4SYBX9AKhxSDbN1qf,9363.413871578805,1131555,$1000-$10K
DVFtUGmAqBnvi1ULBEg29RcTvSwnSi8Ra2g2E7CHc6bF,9363.403300887043,1131556,$1000-$10K
E3nKfvqUhH9qLoTm4Zh1SqMFVqgagxYDmbeSSM3tXjy3,9363.372935500316,1131557,$1000-$10K
HipXG1nCipVaBdieAK7pFpMYwrApiBuxX5dJnnYihK8W,9363.371584669301,1131558,$1000-$10K
D3BaeZLMTx9o5Gj8B2fSpNb77rA3mt3MXeHTxjgwgkXS,9363.357725176174,1131559,$1000-$10K
7f2kPmDYVZhZ4sH9cxXa6Bse7fbVAV6HXFnnFdn7y3jc,9363.320955989857,1131560,$1000-$10K
CsBCCGht6WkvRg67TsXBYS8HEJnFGdpURGeRctsEj4GN,9363.285275909293,1131561,$1000-$10K
52AJe3Fq5fVPs1G6JhgBFaZpzMPFT4v6MarCaujgz1id,9363.27615502907,1131562,$1000-$10K
718pvYN3GKBvHsnb2JStUiBJnnusgskFhtywDBKyyZJv,9363.272813418258,1131563,$1000-$10K
5GduoRBm9fsLQqityHryjgpYRy3n75zEKpCXv3maQVhV,9363.234976843401,1131564,$1000-$10K
9BFnKeiSTWJvhASJcyJ1YghL4CWLKNUbz98XCtfwqTFc,9363.218952138639,1131565,$1000-$10K
CjxC4Rkh6Do5P9XtE26KB5xwcuqRWp4baQKFkkTpJ4g8,9363.207169561838,1131566,$1000-$10K
EQy7s4phB1XkiNZfgpUBzgDkbC4Ei6ZaYU6PFAfEn1gU,9363.203803137238,1131567,$1000-$10K
7XGMtkT5L26x4o73hck4ydauNiq9W7tFipJX45Z1pqCp,9363.193056274991,1131568,$1000-$10K
84mc2zFYxzewjaW9XLrDLYUE8DLYG43TNvzwp6eTsg9f,9363.191752894945,1131569,$1000-$10K
3Mdo1vwK3XZBazmqA88UsXkvRttAft1VTEuV6kz328kf,9363.191646160114,1131570,$1000-$10K
ESPpHBsCVuttNApkoyPNnh28cBq3L4McBzVnMsaCEswQ,9363.111629905785,1131571,$1000-$10K
DfHbV25nXUdS8Vz6vgbXMTdenABFuAqUkCCtMzKtnyXL,9363.009215704109,1131572,$1000-$10K
Doj1Nne2BoKsTYy7ioRWT9EaccWg932csbaw33UrUJDo,9363.00674156493,1131573,$1000-$10K
EcE8wXVk23D8Q4zaM6RXMtMBRy24YJsk4ojvKXBTG4Cg,9363.000286262626,1131574,$1000-$10K
CW2myZhcx7oCzyYwTK4ELndT1mB16Zkb3jjMaRjd9PQ3,9362.993921811023,1131575,$1000-$10K
6yhrPD44vy9sJWQ98htkKZaiCncfzB49oPZDXq9QtQUD,9362.987554670839,1131576,$1000-$10K
AFugJ99W2VT8LmdsCQP95XHJkUVbSH1JQGsbnxC7A7A1,9362.985909764504,1131577,$1000-$10K
Mcd2qX2Knq7o9knCL1d38o87fcfCcEyw8JSbUtvyXeD,9362.980370644957,1131578,$1000-$10K
724Eo7Djs57dMnqjQeCY54NPa8DoQZfZBT5WFioCJyJZ,9362.9789060872,1131579,$1000-$10K
DHFzdGqByqxSiZmvsoZcCaTXWBjrvDcDTkvYjBUscnkf,9362.977917867753,1131580,$1000-$10K
GzW9wEE2KFRTyBWknKaMHkTWBpt5hDJE738BFB7xHPDH,9362.97372484228,1131581,$1000-$10K
9yfKkNmwy8hjW5RHvqvaUKFKAZ7HtSTguuiJ5BVyWzPS,9362.952561529459,1131582,$1000-$10K
GhXATBFvFZq2AFtsDPj59Ceu64XMoYifvUH7axpUhoey,9362.951937333648,1131583,$1000-$10K
792A2fEQQeqgcBqZXYaG6cv8Lbn6e3ib2j8ZArLnQFKe,9362.906361724208,1131584,$1000-$10K
9EmXigrLvDpFXn66Viqiu3YKeCtbmbDnM6nUowAiXPBm,9362.898095810133,1131585,$1000-$10K
8ZjMHJUZryCa26HpT9BmT7eEfCfu8gwfC41NSz6t8HrH,9362.889891195186,1131586,$1000-$10K
CDfhGjzBpW1theEMt7HQgnfQW7Dc6oSNgGFrQunrDd9E,9362.873518170312,1131587,$1000-$10K
8EYgtUDbHCwNw18XvGTPcJxsvxiAuKv48q4FLde6XoLz,9362.82363623487,1131588,$1000-$10K
GCYPaynZCeoadhx1LLpVpVvdm9Wx8ksDphLVDN4CnXPF,9362.818562548013,1131589,$1000-$10K
HxMGqNFfu78UxHkoYg3CwQJBgxRVRM8C7rZKgjVmp4T,9362.81317185948,1131590,$1000-$10K
9vXsJuTNhsocrick1HdmP6AXYzZaoP3tqqnuFKNx9b7f,9362.79739493351,1131591,$1000-$10K
o6Vdsgp9LwmQCdHi6GcTMRR7MXSZ1fLRWvzESJS8J3F,9362.795696591698,1131592,$1000-$10K
D21R8F4kPAeDASYW2Yh9sUEg4An4hCjQSEw7RPDJGxj3,9362.722634376185,1131593,$1000-$10K
AaQ4RvYiv5ozE1tR2ckEtuackmfPY7x36R6UMwc5zZ8L,9362.718625098863,1131594,$1000-$10K
Ai431Nr77czF8R7gGyi2NmY5QJcPnwkJBefNuYQKd3mJ,9362.711605041864,1131595,$1000-$10K
FaEcr6Mo47FbPbzUmxg7bgU6imgoo4neYxb8km6TYBHS,9362.69279611454,1131596,$1000-$10K
yTTtb1dMCAXCdWQVapEALvg8Z7KemgP46b9NAVTAFHG,9362.656525773844,1131597,$1000-$10K
8qss67YvZZvd2si967sFioNf8EHwiqpoweFHz6tppEWE,9362.653842653022,1131598,$1000-$10K
5RaNwFsGBy1JpXEXiSc59hn674fsD7pe5bFo9uXUjpYi,9362.633661834607,1131599,$1000-$10K
AZVfsHh2dczU6PGAPHGcpEuA1bU6vSyTjHAeLhTwYdP,9362.587088630282,1131600,$1000-$10K
8uyF1U6zZK3yCbeve8t6eTtXvNheZLrArEFR9DcnoNV9,9362.57943590972,1131601,$1000-$10K
14qRERWSqXykdxKL95vnhqTYXvJtu6s6Jsxc4xrDchbm,9362.57210202719,1131602,$1000-$10K
9RThVrPe9L53bvP1zqQGKWQchz4mUwGZ9TKvybwmZtVc,9362.54490638946,1131603,$1000-$10K
HEEehes1eCgbyPVakqo8G3bLeP3oqCCJjMfrM21fQShH,9362.538035979007,1131604,$1000-$10K
BTKt2oBj7gPwmMLoG7XXNZvEQb4uGTKYCYMXRJLWxgrG,9362.522276055835,1131605,$1000-$10K
BWs5CGNQk4uhDzaFnk6cnMzAm5V1P2fohKSpP1i6H1Nv,9362.50631291603,1131606,$1000-$10K
Z1xFtV9cAfYzgc1bakYPNLss9tmyNdvFyxfGbB4vSWj,9362.49955105796,1131607,$1000-$10K
6M6qbkyapta2SipYUaGg5FY8AWo23wwkP3Xtn4AokbNX,9362.487116534234,1131608,$1000-$10K
9ziBniYU3T7CgUayWYxCmHHAaLDhNYVFWNr8a7vsTJWZ,9362.481581748321,1131609,$1000-$10K
4BWu3KbyHGxP8oYvT77Kw5pbSA5VtLZCzFamPAE1dByu,9362.458353398515,1131610,$1000-$10K
91Nhr5MtqR88sU9xkeT8DBF6fqgmd8Ae17UQ3Qip11BD,9362.449430063487,1131611,$1000-$10K
9UU8Uaheg3vrc93HAwu5RGn3F8RDVA41d9qBow1sWzrW,9362.432733714611,1131612,$1000-$10K
8Duh1ZPbCfzcSw8cXMVkoavKEav7NrXWKtFCrcUkUXyF,9362.364449805527,1131613,$1000-$10K
7R2kt8nb5y8BEBniSdXKLhCbX9MUWCGLjfHVpL9Vf5P2,9362.30770060516,1131614,$1000-$10K
5pHqPFFGGf1STkcKSpxgtXbADcaYvFf6DtrPkYwFi9WB,9362.303411924608,1131615,$1000-$10K
Gjy4aD7vBPd8iYWqc5rv7Xs8yisb5CyNr7j9wDkikejw,9362.285671748197,1131616,$1000-$10K
CSwviABKjDF4YvpC2UJ7M7Rvpwq4AYERkP3sPT8zJnoS,9362.26875004093,1131617,$1000-$10K
GPmwQ8LiFMjCc3DbRkoYV4tdgYCrkEgKPXnuLGw6FPV6,9362.25427795919,1131618,$1000-$10K
BFaQeU2ts2qq959ksXWv1tXF8qHZTgif2NpJqJAWE3BX,9362.236681493738,1131619,$1000-$10K
J8fC7nPqQDMeJdC4uHgUDKrbrHg1ugG4Zfvqvzj8wJPP,9362.184806674764,1131620,$1000-$10K
EW523zXsbA5iuFCb8zMewwcEVGRHn57DoXj9pxCiR456,9362.152577625062,1131621,$1000-$10K
J6tgJ4oUfaPsSCV7QbwEqLxCEKHAJMpLG99221ZwZBKf,9362.151427231787,1131622,$1000-$10K
7KGLYJPaDyCEbJ1GA1eMx8gNBG3EYKFeez13GA38NC31,9362.130844771531,1131623,$1000-$10K
8YWqJCNjfMgyZLd3NBGnaCAs3qJqBXGP4KvqkCKD31Td,9362.11751868246,1131624,$1000-$10K
DpF4BZoCFBHk6mNvnexPCxYQQ2EcnJdqePhSj4U2QmU8,9362.098476404588,1131625,$1000-$10K
73HWGNCgkbEezzVTbfYxLNH3fwkNBMBT7p2JiSEEzUyR,9362.098201987212,1131626,$1000-$10K
Au9Zd8Uqvaif6CzJcqNXqXTHiLc1U4TPfuVSnhZx9nKq,9362.091499144191,1131627,$1000-$10K
8yPLEJAtbDjY38Dkz8r4dFMKu7hFBmwh56orzRy5kVDg,9362.09010374691,1131628,$1000-$10K
8jcx88qGsWTDgfobjuzezrK6sxFW5Cdyqh3sCnXJjD52,9362.086457527805,1131629,$1000-$10K
3M1t7qaof6NqXAWB4mi7f4Sf9cFVhtMNoVRkHybisgh8,9362.085582773707,1131630,$1000-$10K
Dk57zwtJBN7SZvb55ch8bdzfMEVN29gPjiG6VG1UC8yp,9362.071355829392,1131631,$1000-$10K
75ocPnacVxFDoS8feuv3T7m2DhtrYxuDsrKWCbrQmaMX,9362.062107617137,1131632,$1000-$10K
Bfma8xAtmVEMGQHj2yprYazBjJHNCaNWUhWnaFgJskG,9362.048470381404,1131633,$1000-$10K
2SACJd2mmJMAD9X18t1ndjPayLF686pU6LvsG5KReAXm,9362.03974706686,1131634,$1000-$10K
4Sxtg1ZHPk9WnCnY4hYfUzgL5wMtCZHVW8sPah1MZTwh,9362.02656063057,1131635,$1000-$10K
ALsSWMctnfSgdzkKHpZoFo2ybrQSfgkR5gnbzyxDs2xa,9362.02638807719,1131636,$1000-$10K
Hq3kfTTPdejoitAeQfpDf4dXrjxyKqXnB6mG5AMJ9Tzt,9362.018257214373,1131637,$1000-$10K
51HcRrXVAhEjQLYbLgEnSLVPpWRpE8k8XrrCtSoryR7j,9362.01792702508,1131638,$1000-$10K
8LyKQg8wqPykBD87GwioGQ6jWSnPRCd6uaKMDdtJ6gSR,9361.999642067949,1131639,$1000-$10K
F4YYCo79nQDGyHS2nmziXs6HNJKypMpSejnRmLu5f1W,9361.99773915474,1131640,$1000-$10K
3izzAVmNyHdcCD6WaaFRCBsT6cUQfM27V9RcwWHSxgt9,9361.987573870985,1131641,$1000-$10K
48v3bwa7FomnSuMaEepTeaoGXidsGyc3t9twRpx3gjVP,9361.953676759867,1131642,$1000-$10K
96HuRVk9hmt9ndGkCXmgvH2sKHcZEhkdmpgrpWyAvY25,9361.950635712241,1131643,$1000-$10K
DJE5P6Ute3HxUjeUCXh8ChyyitvxbhWRo6z4LC6GM5Y2,9361.921229402284,1131644,$1000-$10K
3XrHNQiUFhECn94ZCkVJzCmfRbtkqkTWgQQ4g61hyaJ9,9361.907068557355,1131645,$1000-$10K
6aa8N63rWQS7YgDxNLMEjNKjA57PqkuAxFUJQbQLf1t4,9361.870577946644,1131646,$1000-$10K
4sxEyJJosCGYWg4pHSA9n7BxqX3Yi212tfYBmwEvREJ3,9361.848833973347,1131647,$1000-$10K
CsBk7FPUJkypB2RFYmXEFjuURYYPCCVmES6BZzLyG5mv,9361.828471043922,1131648,$1000-$10K
HhMswVuqAXBkNhBmJaGgt5DgHKdek1aEFAQa9ei4jy9,9361.783934313053,1131649,$1000-$10K
7uBn8TSgkQhWs79DYsiXkJJjQyymhFzkdaKTo8mcsPqV,9361.750035599405,1131650,$1000-$10K
95aRzDAEYcE385ALJMMk23tzDbrfqu64HTHWru3aaZ4w,9361.734534643203,1131651,$1000-$10K
6M6jVBZQzmHXRxzdMuYqoEbyijwBn57d2wkbzf8Jrd2L,9361.732603717825,1131652,$1000-$10K
5GKM55Jyw8qNBEm7JNQBKMNRquJREnmJNv4LCfdsUpZH,9361.692229946975,1131653,$1000-$10K
3k1MhQChEbm4ChZyr4ibvSmXWbNZwq7CXSmgsgVpTj2i,9361.687160643321,1131654,$1000-$10K
4342g8n2sTdo3o1zQGAnXtsvYRuwHMwswzoHDsR3hjRv,9361.68336836662,1131655,$1000-$10K
FtkEnEUZTCCKjvw6XaKQ55JTxoLKYvGX5V7KRf9ns4hu,9361.672378846872,1131656,$1000-$10K
E1QJLa9nRbb9L7fuCDxfRqtpHvf6AqNq6PN2fwkSThA9,9361.66664023589,1131657,$1000-$10K
J7T2guuwX3XB6kwyoZVbVWnhS2HQANspbKgBma4JqEG6,9361.65759756634,1131658,$1000-$10K
73KJxyg31btRpS4gNTWKJjtWUPX1WH1mJYKYLwoLFv1P,9361.643293757326,1131659,$1000-$10K
DYyv7HC5Cm8Xhnx52U55hs62xN6q48uwk1LjY67NoGdi,9361.61382925627,1131660,$1000-$10K
DEV5faKw7hXJ22p3roK11m6n1vEwcBBNEaTXD9sBefHy,9361.569642329661,1131661,$1000-$10K
2FXsKKUbYnFnUg6mKeUcYMa9cJy3pE2YpaSSgn7zFTCk,9361.538046717591,1131662,$1000-$10K
6jMioXQG6DmW3Sc3Kwh1Q2kx14daAgNJ6YeNPB7qCczc,9361.525367649869,1131663,$1000-$10K
Fnd8ViKL1qqy9jgP7rdDb5wFuEfE4vkECogBDAZE54uP,9361.518471580035,1131664,$1000-$10K
N6Wm7h8qZ921gzzvGLppSarjg1b5NkFSJxTkoUTjudx,9361.517996252902,1131665,$1000-$10K
G6YyezXset6PjeFxZ4W6AM8hy2ac7ZkJ7Q3vwSQnPjXD,9361.49438040424,1131666,$1000-$10K
5JhP7HCV9ydxs2VWcnBMouVg49Wx3YuXtti13ee3FK6j,9361.429279645858,1131667,$1000-$10K
BBQPVYNEHxWPHNuJNdGwDoz6HatFXwQcrLurqmDPLxUF,9361.424141699492,1131668,$1000-$10K
9k1NribQs9gVeZmYfL7SEpZmLsnyBo4jYibVSesb2Voh,9361.42149722131,1131669,$1000-$10K
BSToQPpmoYBEANPYjk6oKBKN4mm6EESmXF8N9yGhsJiM,9361.420590485182,1131670,$1000-$10K
2NaNSADw8CCNQon1hVN9MUh3mPfZeZ3SNY4nY4gppR7R,9361.410385957834,1131671,$1000-$10K
5ecay8qayyK8k7erYRWdbBoc36yYGP9NXJu1u3MtMMo6,9361.392975174267,1131672,$1000-$10K
4qa9rCZh9GgG4fFpGL7yw9FXbiPLHHDfJ9GZQV3EPTaG,9361.368100374999,1131673,$1000-$10K
Ax5qSrEc2fV2aTLuQSAT5VKnNY14zhTucPSvr5WsBK5,9361.349424320573,1131674,$1000-$10K
3DZ6cX8b4zV8DGHucf4jrNgnqDxaex4adqxuNXPs7rYW,9361.347218240675,1131675,$1000-$10K
CNMNPzub3C7Ps3NwTrWFWZrJeEKvL8bUq5ZLS5XkD3fb,9361.337152823375,1131676,$1000-$10K
D4qYZEKexqrXizVpFkmLKHkxYcgCaya9FyPjcscFdhC1,9361.286500447804,1131677,$1000-$10K
3NXKbFZfhNyAtUwnJGA9QeyGLAvH6jEFevmdBo6WZS5Y,9361.247714546582,1131678,$1000-$10K
DDja1dQFcHbjpuA2tCs51WgZkKPo2YfxrT89JcUqaD2y,9361.236774561963,1131679,$1000-$10K
5APtRBJGTA8hghNKVy8advjNNDfzoQdQYga9BVtCBLY2,9361.171086586464,1131680,$1000-$10K
G5QXGU3asSFKeakh5uJWrk2xpAHba65HHqADh5S3zUTX,9361.16537375224,1131681,$1000-$10K
HQtJE12Cb2dNh4m1h63VYaEAQKx3hUgRco3dU7yQ535o,9361.155839266117,1131682,$1000-$10K
BzAHiWhiQ2w8FMdkyybhqME7bDwXmrN7qJcWG6xjpwLA,9361.15094364066,1131683,$1000-$10K
H2HK8z9HPpUF1W7Am2x9fNAhf24NFFbkobNfEUi4QSCp,9361.130279171895,1131684,$1000-$10K
8NyUbhYFWgQDYBz9vWzy8devEWPmJTtuHiy1dPR2PpeG,9361.120212654083,1131685,$1000-$10K
92PXgCASpmd1pSViem8WHzgk4uZ1sqL52rajwqEyb3gW,9361.078812685928,1131686,$1000-$10K
7B28NZb8xSdB6XiRV5ahQYXLfnQpZvNtmHMvoicER9Yg,9361.07768046343,1131687,$1000-$10K
4wMybB3HDKN18qdYorhZga2RkMrusAE6VTSnsV9pB7i4,9361.076523381184,1131688,$1000-$10K
43BPu1mdDsn9tLWHwPMjzjTuLGDAwyivCvjrq8Ap9Tco,9361.074865906234,1131689,$1000-$10K
73oLrZmCYgRxtMCaZuFR3w9kf84cKQWPKE56APHa4Nd7,9361.074417777625,1131690,$1000-$10K
FVFo3Wqe3XPowUEfYNFmPhSxPj2twQ9Fti5Z7zs2rqzZ,9361.04707756386,1131691,$1000-$10K
4FUMCYRWatJrzuUwNa5NyEALBZHGpdsqB3ddkjaZJvo8,9361.046525350617,1131692,$1000-$10K
9WEAcufhMEyotCZVSDc5knCjNWuZdJ4B7rvorWQq9kfm,9361.04313755056,1131693,$1000-$10K
ErKExdHcezyL7BdYKqaKxtyX7KrzuXFTVaAo7stPbhDb,9361.038443319405,1131694,$1000-$10K
3z3sjgUnsqGVPfTXTLTTxMuTPdv19TtXnpoLWQYK8Azz,9361.014173751726,1131695,$1000-$10K
AscWfEZqAHz9F4jHJHErkZA5Dqes961FkQC1QGALFodS,9361.012467394943,1131696,$1000-$10K
FizFESC1qcvKXpkDBn7cqY6KxQzpzVb2bT34QGdT4ct5,9360.948578670203,1131697,$1000-$10K
HATCB3Y1voLduPsnhAQCY59RqMD8gcKDLSDF36GspGSc,9360.935199247337,1131698,$1000-$10K
C7Qz4kH4wbgbD1CB3gdHNeVQQoa83SGN3b8yzrMm8he5,9360.930835044279,1131699,$1000-$10K
4kPSZJsxr5jvBNJDtQHRsT2ECaVMUjXBrotQAq36MuF7,9360.923392165134,1131700,$1000-$10K
2g1nYVkybvT93fPuf9mu9EFQmJWXxjkvwfKrmNhAgdt1,9360.907122512726,1131701,$1000-$10K
2UxMHjakCRsfmNnMFHWQrzowB1npm3mRAnoq6sNBtBTv,9360.896004505084,1131702,$1000-$10K
2aouHy41nX6FbdwJzBTdSUUU8kPNWi3h1SdhuUyUQSgC,9360.876739982212,1131703,$1000-$10K
GdUWqahgmwuXXNG5mCNSAr53vYHtGjbEEQgEa1ZAhxNS,9360.872689718939,1131704,$1000-$10K
9SM8G2MeNqY5zjJ8DpfgmnTiZdjMDJ41p1K1xgvyusJg,9360.869523739604,1131705,$1000-$10K
J52CPyfrD4uM8wpzGLxHLtrb667xnCdyUxsZTraAPbsy,9360.86708638507,1131706,$1000-$10K
AR5EtauJuA6U3VstENQow4Yij8s7NviAoDvr7UGAyRUe,9360.866240583888,1131707,$1000-$10K
55hB1NUKN7b1MjUpA5AKsyEZsequVFdTqCXjr7Ss6Vwc,9360.82267557928,1131708,$1000-$10K
5kv6vXKni28ayGfZ2GgTfDvHQkr5vgUQUYs27ePZAU5t,9360.799279679011,1131709,$1000-$10K
FHV5Um7vCrqT7Ej4aSLoZ5sgqRCAdjjM9BwKazpqVetr,9360.777343485966,1131710,$1000-$10K
74LkkUhsE47VpJwfRg41ygYAf9d5UP3EcfoNdVK1qnFu,9360.760307799446,1131711,$1000-$10K
Bd9fybqZfP55druThnRkVWA9FihASefdPk2hgd2fHo5b,9360.752180094349,1131712,$1000-$10K
GJeY1wvDnGWftVbS3Hut9nPzvVyaqiAmspsLVpWDoGk6,9360.6950851459,1131713,$1000-$10K
5wU5EUiF46fW5nGifdS535aNCdDjwjDXuFpVu4nGiCWA,9360.691321626393,1131714,$1000-$10K
9h6CQW5ergGuaB1mHUW3CU8rTfWtk3p2g2Q2GVwxHmw9,9360.67704513126,1131715,$1000-$10K
HDJj7snZGdb3m34hgsW3ifosVWYqYjsed2yYSqyNLg6c,9360.66239065816,1131716,$1000-$10K
2g9WD8kA9q9AfUpYz5kAK7dBEaieZVR1CPyUrNKWrjKU,9360.628037424844,1131717,$1000-$10K
ZnoUGwTPQ7tE3tUpYCjsw2zVhemTb9mn8KY5EA4wpR5,9360.622576711368,1131718,$1000-$10K
2fSYnDDFJBo92B7ofAzJZUQNZ3VsNyYm7xfzbNvFBhvV,9360.6030018552,1131719,$1000-$10K
2Nm9c8GKAJAZRjzDjYF2HSt6jSBph7cDJN7MHLjSq89m,9360.550702969562,1131720,$1000-$10K
3cWRTMaU7peLmNqVuduGvfwuHgCCugDL1ChVa5oSpVc9,9360.540657362902,1131721,$1000-$10K
DeFuWfL96pGvXDayN5GZsYz3vy488XZBM6YsEyh5WMaA,9360.535468449923,1131722,$1000-$10K
CqBCqARoa9HThysYLdksHeSC3wGaeRoXqcSN17SqN739,9360.512560605799,1131723,$1000-$10K
zncTbJrvG8dwwYBiW5GfFqd8FpNe9wcLJLcAq2p4vPZ,9360.50780409997,1131724,$1000-$10K
FCAodAdFV1CjQCmu7QBxB2WfL2VywmF4vCB7STNstnZJ,9360.505556995628,1131725,$1000-$10K
BqAcXGUoMWj4Nt1RYzqP2FkTAKe2yLPjtJEpB9STRDGb,9360.4072977613,1131726,$1000-$10K
CUCd9AV83UqtfEJHuUn6rzQGUgLa7hiJqSrwBioNw8iB,9360.40347822894,1131727,$1000-$10K
2B4mbvuShBipe3BJCV3QTrhFdz2BE9mASa5fUdVmVSds,9360.387071144123,1131728,$1000-$10K
38QCBeiNSSNgQQNDYLnMpDtRkmsF8vGiJUaPiupqrr2V,9360.373789631512,1131729,$1000-$10K
Hq7t6s6gL2D3BaDQM31Cp4shdwUkvHVDmAHbYrgPVCNW,9360.360123460512,1131730,$1000-$10K
6sL6RNqSMoz25F9JoAnpPszp3UGzjESxj8q8Ye6YMHFg,9360.357066496672,1131731,$1000-$10K
J3ZMyNb6CABkC1r6KFEbAB5ngvVPjGN525aogkrMCpb1,9360.338901042858,1131732,$1000-$10K
6Q7LNQFV7ehKvYpRtVT35CELrn8xWD8NqW3pWXnhs1rV,9360.27871279459,1131733,$1000-$10K
CozAP5KUjyC7jqymw3Q58Mx7TyHT1T5MCCvjyNrsHDfs,9360.270490158708,1131734,$1000-$10K
5dJtoCEuy7ApqeM74QWwgYZx1b4AhXrmiRpjAcfGeMBr,9360.258629526052,1131735,$1000-$10K
4CpT13kZSYacNHsy466K9hUVtjYuMoDdMTWCqMzxJaFJ,9360.240805772133,1131736,$1000-$10K
61Dyp4j52P8yZcpPZGHUaFGAeiyYN9PdvRywvsNdLvC4,9360.227198096469,1131737,$1000-$10K
FiZDwBte2gQc3JvE1fCpPvfScWkPCZYjKfsAGL6HcH6U,9360.222355091335,1131738,$1000-$10K
94aNJzKdb7PBRAHk7YuVTVcCxYbzCVpaYqf5UWAqcFJk,9360.219847347042,1131739,$1000-$10K
8B3i9NvozP3VU5w2WN7DQ7eUrgBpLMjb9dRJxJB5qPEJ,9360.210659182167,1131740,$1000-$10K
dGLgan2eodBBeuZr9v3zyMMjVHs7RyqEZcLzcKNs3jh,9360.19731918535,1131741,$1000-$10K
DVkkUPCsaV1zLFgYtTdf3mdFaYqUqDNwbA5bwgAmpuge,9360.18321717898,1131742,$1000-$10K
ALERFtcYgNsYYigaX4DkwPSngpfvPzx3BMThJyUzGcV1,9360.169926095605,1131743,$1000-$10K
ApJiGDyrLag9dGPeTnUgbAWxbXqktuhvowKiGxNCm1S3,9360.155103626495,1131744,$1000-$10K
ATRYp9WZj4V84xXYa3HSTKN646mvtAnYybAwjCwUwRQ1,9360.13062850085,1131745,$1000-$10K
ECCaSft865ZFbhHHYEWwYRMTLr4a9hEDGRjMyzDxkHgU,9360.065696552889,1131746,$1000-$10K
H9mDiCsAVmFgXX6dgAjUPrnVnwdfPYzKJBdgXmAbR2fx,9360.053410650116,1131747,$1000-$10K
6G3BipmqqNxFGXvkZwMEJ9GaUUatmDUEKx8WdCKEsXk5,9360.051953796581,1131748,$1000-$10K
3jfsKTu9AW1GdYTaKCK18n1jNvGSsJphhYKWg2X9a3sJ,9360.029989857147,1131749,$1000-$10K
89yVfLyYKeQi6x8a7frda3LugwGi11SsUnCHLgkjdZPY,9360.01612357626,1131750,$1000-$10K
8uzfwa4TvQV33pRBZv45RbbbDZMZhAdFgnMN7QRnfJ9f,9360.013487486143,1131751,$1000-$10K
A7rngAeD6Q4a3sLTr3BCZyTxRgaosrp8jb3vvBLdee3j,9360.003186980635,1131752,$1000-$10K
ADXnGRn2XoAM4FJqRvgqcE5kWqFbroovYWmNnUL7SrfS,9359.997333872836,1131753,$1000-$10K
HvR5nVFGFCDXHVTWNANLJcprVnXTgqRDeoAEbpctwPQy,9359.986101459079,1131754,$1000-$10K
HMWBFKCTtbR9ZnJbLfY7MQeny3P6FhC1WVuk3K6RBmKh,9359.985959354246,1131755,$1000-$10K
89MpJXrqbMMeKsKQgtSk7WtXW2N7HyZyQ14MWahR8u4x,9359.983875884729,1131756,$1000-$10K
sytVFwEmhkjy5UbX7gFehwFAYpGT8aMpV4ejyJMn3Jb,9359.978343366973,1131757,$1000-$10K
FLK1hUmfpVAhKg8wYNYePZ3z7H7sQ57t9tstBp2NcMpr,9359.966833987104,1131758,$1000-$10K
H8pGEAcQrRPfnoAygxp4wPotnkf1Z2NR2HXtvNDhN3dP,9359.90588887313,1131759,$1000-$10K
Gf9X1PZJTm7bpq3mbbMMjqUoGN6nSqmsLE2kqFEwQUMU,9359.873518984268,1131760,$1000-$10K
ADnJdQ7QzimgBpzhXzZ1JzHYY4nZfgQXc2CXLPaYUGnM,9359.866041306163,1131761,$1000-$10K
ATS1Ass8B9rzjJNS8ytS1qfgpYRVANYRA1Z3ctRWY8pw,9359.809938612247,1131762,$1000-$10K
BLr5uwrJwLnyoug1TLpDWWMtqiZ1XhfDYhQYXo5yySvx,9359.781775723284,1131763,$1000-$10K
Gt5Acd5fko3wc92hRX84Shg6zCy5GD3DNYEFcCW18bpu,9359.77464216142,1131764,$1000-$10K
EBXyMECzM4psk5kiTuJvtV4xNsihmJG55nJEAPZ1J7Z6,9359.745209975088,1131765,$1000-$10K
J4L7FYhvY38nm8nJuME7RyPVV7twaUhbtMSqAV1cnMA7,9359.712673857352,1131766,$1000-$10K
9pKwtkaPGpGhkAAdcbd1zZKEjBYEmFKd4o1otyHD4jMy,9359.710909367132,1131767,$1000-$10K
4TEYkH7qbuteckHXgr1n6CwBkK5JXkqiSTUfupopRwcd,9359.657690028776,1131768,$1000-$10K
Dx4tcQRMaRRgyujm9vXMJM4gocMPW6YPR677gu5vrkPy,9359.648399328196,1131769,$1000-$10K
2rSLsYLki7hN9GanXXnuGWuccZF3KCEmqj4cDhsMeKCe,9359.548250588105,1131770,$1000-$10K
2xDUj5re6WaYkevT9vJBa3MFXz4WCHQbyeosYjLGLUVM,9359.505988822179,1131771,$1000-$10K
G2oXofgbwrxNnKLTk4TTCCtPjcwcdBamoTWAwGqi1pk2,9359.504227803727,1131772,$1000-$10K
DGJ4TRcM3G2cR1WJJx6ANYWWHWhd8mAkrhpMVUqSyq4t,9359.503407921402,1131773,$1000-$10K
9vS52eL1qyt99hhoscmBTsFHib2HGVZb4SBoZLwN7aRR,9359.493995357025,1131774,$1000-$10K
6qZJBhqTK81aErMqRKJhi2m31WipKRr9MCK1xtEJ8oJ,9359.453449940618,1131775,$1000-$10K
7RqzABqcRi3ANUijNdq99VUmEXJEZxgR6S9mxLzored1,9359.4481546795,1131776,$1000-$10K
CpuAb79mE5HzgC1YzfjyCZZ53569PDrjdtnwvDieNZeR,9359.44595254236,1131777,$1000-$10K
47N7CiEdwqz7aFvuVLwQv3n2KEpT2iZdafPCwR4aQU92,9359.440539325831,1131778,$1000-$10K
9f8rudWcem7KpFQDU4vcuckQefHhu3ED4sNnWZkmZ85p,9359.429608780607,1131779,$1000-$10K
77RserogXuj8b3g5g9ebLjC3rgyThFsRrastUhU1mA2Z,9359.41887451442,1131780,$1000-$10K
2DNJEdAV3C8Kroog9kzysQosatrTLYN9pcqwtFBSGmMZ,9359.417312064932,1131781,$1000-$10K
8THEbtypcsY9Rtg84eUGxhwPYyiMkVAUzqmiVa3Dvuuk,9359.408104838192,1131782,$1000-$10K
DUbkwwWqa16jrx8x3Ht457VFXp7USaeHqbxRQxDD3ov1,9359.40702716226,1131783,$1000-$10K
2BTsu1Jw6bxUuGb9BAY8AanY2HFdM5698V9iV91Lwqem,9359.337571368138,1131784,$1000-$10K
F4ai4RHqwvoJ9pwwMbxtyotVzzjGsBboazhQ9jBR3GGz,9359.29520273277,1131785,$1000-$10K
2ssGdYA7x2JTZ2SZwKCiFZNFuUnei4dDQtXZzwWN1GSJ,9359.291294758626,1131786,$1000-$10K
9k8PHtMvGrvMKbCGmQpAVmqv8S1zw7zpzTziQDgDntCN,9359.232438539673,1131787,$1000-$10K
2s7eKrSssE6UNk7vmRXNJyREH61RheSSF2uvHhMBMcJe,9359.217955315658,1131788,$1000-$10K
49nyBzXeNHw8dJYxMM2y3P9v5RpLM1Um1fnBNTwXDG9Y,9359.212787891905,1131789,$1000-$10K
HnEfpWujnaoNtSq5FiTYAJVsDW9UAniAYnVuAN8F9QEb,9359.206069968172,1131790,$1000-$10K
2LAJMPwDkDyLExAjwUZUUAG5Kooud8i8N4QNV2WcDBwS,9359.18702410008,1131791,$1000-$10K
2EWssmxFezBs4kNwFkp1EMbdpaiuEoPaambWwKN1Xsvx,9359.136393272376,1131792,$1000-$10K
BzqfZo31Zqj97AKkqAmVU11GcYa2B3AbdK2BK5zsRhjU,9359.107329158966,1131793,$1000-$10K
87iiWZ6rjKrJ2ZxAMmh9JxeicpF586T6sJAByZV7RxTJ,9359.0874,1131794,$1000-$10K
Hdyo4BZ75uvA5RZJL5Ndo6Tj4DrCSqoYfWsAwQtPtLx1,9359.07423736391,1131795,$1000-$10K
E449QqpBTwBfMi41W3wm717rSevwBnwzG2L1v7eJ8U5v,9359.049191756783,1131796,$1000-$10K
6339PWLG4wFVrbR43fmNQ3sgxrxnUPuM7kH835eCUuTb,9359.048451194516,1131797,$1000-$10K
GqBMY7agwQ6PbJuPAGeD8AgMpVpUCoRU4tHiXmZ1aing,9359.041899047734,1131798,$1000-$10K
pWHFVKjgd9Sd2ziXZsMG5eVXMrNLG9m4SBucE4duCbs,9359.03825723593,1131799,$1000-$10K
F4ZBdxktVTJHingCAij2dWey3qRUrWJhbJcMQiDaFYuX,9359.035886416104,1131800,$1000-$10K
6EAjeGe1XZpWhTW3P9XkcMvZrESa96t4Gn1aNBwJrFy7,9359.032995865107,1131801,$1000-$10K
BuGzcP423vCGG6LZdiCdNp5otA3Q3Q6TAdHqaGkenYVs,9359.022343544202,1131802,$1000-$10K
k2xYxWYGD2zjhefmMPWkBNDJDeKEZU7WrgMUTDQ76fM,9359.00306856693,1131803,$1000-$10K
8H7pgbcNPPZHtnSiMb8kDoznisr4LpQU1wLP7bDVcV3S,9358.986783696739,1131804,$1000-$10K
AcZCgcNgp5TJrfjut2rTVHJkXJjYf1mWjy4rdUGScwUK,9358.981884437675,1131805,$1000-$10K
AhUQRwNdyophGA5HoJykE7zfhiWGTzRDR1YwQDsMGi1J,9358.976522570092,1131806,$1000-$10K
G8Doe1h6Eu1gR87rN1NJDsEodoYe2959z4kNZfEGfHTr,9358.949465924221,1131807,$1000-$10K
CfyNsbxukGYt8whaXZJo1fu6iZ4NMZgxk6FnnLBFLbts,9358.926619729766,1131808,$1000-$10K
5zNY4LxrDKfPQTREwFxAsedikiQHQWoSZUi1TZ1FdzTy,9358.925267006402,1131809,$1000-$10K
wRbhQMKscHQ2tfdFsdJmtTV4YrLyNS5mHTFFjf1kXz3,9358.883858440988,1131810,$1000-$10K
HN7u47LufoPP9jQF7pzKA7v8jEHohGkxyH5aFRx1dxi5,9358.8643993433,1131811,$1000-$10K
H4pWBhQAuUH2zFStHGVTuGArSQNvQ45NYfvavTYNCacd,9358.864258200167,1131812,$1000-$10K
Ac6jKvQYDs57itLrxZ4v32fjZ3t2eHfqyDFR21vA1oh9,9358.802191076524,1131813,$1000-$10K
61XxZoMeWDtSrZ4XFtjpggHYmPLxH7CfFqPZ4ozN2vVH,9358.786670593478,1131814,$1000-$10K
FrERsd1dtM6GAdr3nKWvgCimv3YB4KK8HGwBkN4Y6uVM,9358.765390243147,1131815,$1000-$10K
5dZEXUD7BvTPGPiUGbvTmZsQn9jR7r7hVM76j7YN2Qsb,9358.7245,1131816,$1000-$10K
8oLB7qQtLU6Gk8RvBLa8CDGfKRTGewuj2k8mbNLY6tiR,9358.72245440185,1131817,$1000-$10K
8zfXvFemSLpnst6Ms53CpoVL96oinLW2zztDwnNnxC6g,9358.67601679687,1131818,$1000-$10K
7prh5ozjuRxtr7DS5HJppEC9izAYPHdgBGGsy5mXByzr,9358.607292680927,1131819,$1000-$10K
HVGwrr9GU7fFdAwnmjXPLkiqFYJ2iKhPaK9VKtJ8P4DJ,9358.594113469493,1131820,$1000-$10K
EbDTCdjZj6v1prMNkpAgFXXop65Jj5e5LJwsPkpjmxvc,9358.590407109383,1131821,$1000-$10K
HyYKyYjFXJfLtoCNoLb1WSokSkihtCLVbfpv1Hwghq8q,9358.505223382226,1131822,$1000-$10K
92XLxmM6VLS13MR4SWLLYAsMf9XamfqNyZStB9VzofUL,9358.4892418031,1131823,$1000-$10K
D8HcZA7SVw1u9awomxmHwLy2sygbTLQtAtMsWQPPZmE9,9358.466948076899,1131824,$1000-$10K
CVTcXCXXaGuzqyQTD14agz6fwvrR6HVcpP2eV3mMvyx2,9358.46182306183,1131825,$1000-$10K
G6pw4HnWvknNh43ACyZpwaxF8yCDdxZV36gG6FFG2g2C,9358.425496637365,1131826,$1000-$10K
8NW2hMzRvQB1DCRZYcib5GfHquxBU4U51P6CBuHDUKBU,9358.422227862853,1131827,$1000-$10K
VKUhwtQ6zvCCmQYPZJqg4A9cB89jGs5yF6RMvT3XR3T,9358.412421290897,1131828,$1000-$10K
8yaXUvUPNjvePz8rqR78Fpni4HVnLvmc1qXrbPL1WhfP,9358.330462075246,1131829,$1000-$10K
BUxw5aioKdyLdDRquUYSNQU2WoMy1KKU3s7tm8R1TzsM,9358.309082765561,1131830,$1000-$10K
EMdu4ijR76fAYfr4yscNe8waJQ59CBQCGJpKYn3AP9LC,9358.248596724192,1131831,$1000-$10K
A2NU56rY5AyTB5EFo2gF1Lbty7ZW5Nn7Z7UDnBuMpdCD,9358.206947627696,1131832,$1000-$10K
93Lc83gvpuwqSykkVBKLmZBWAbKcpbFH7H3mNbzXCCKe,9358.19899917092,1131833,$1000-$10K
4BSox3LKRdivgf9EsZj3JVp51yp5M7EXpWRzTvwnRvoz,9358.18824120558,1131834,$1000-$10K
8jSxGFuqVdSkoNAXuEhTLnE85zydDqtJnH9N7K9tDZYD,9358.178315064253,1131835,$1000-$10K
66GM1pAVdMpnpUt3E74ZBfgChh6AaDarK9VZSvEk1Tdr,9358.164663317413,1131836,$1000-$10K
7ee3qZkVRXhaWTn8ZxDKrm4Rm8BzLqJL82u7MSbRLfqU,9358.14345825675,1131837,$1000-$10K
73ZimJ3d39qrYnPLWvD8NX8CVuiNi5J3cWvB5EA6rvfC,9358.128520943728,1131838,$1000-$10K
BJivGBB8rkQG4RwuJ549eWh5kMnQkyQ6WjzeZkQ64Uva,9358.093505786308,1131839,$1000-$10K
AAQuJk48eNpa9K3QKjqq4kLd5DSrQyMbP7oxxbnqYeZm,9358.069963420474,1131840,$1000-$10K
DKPJgDDAKvjdUf2Rq2mGPZGm2NUz9tdjvTA8raP95hDS,9358.037747961433,1131841,$1000-$10K
HF2WRvUAaxMBzT7etmC9YqE1RUUVqLZs5vNUgieU1TCS,9358.00231692205,1131842,$1000-$10K
5RAm2LAQnBuyirrWAP3MhQEf1D9AE9kgbWKxL4PbzYzs,9357.995839405216,1131843,$1000-$10K
6CRhc1gt4B8kxSGVgMJvw47ZnN2afMk8QBPfonwEo7uY,9357.992385521226,1131844,$1000-$10K
7X62zLwqLxvESyBW4BoNHGG8UYcD92PE6NgNCBnhqe35,9357.983309993506,1131845,$1000-$10K
6QGWM18yZqtMLHHujjiiWKc3NdGTLTLN3M3XqJNWDK1R,9357.982866646735,1131846,$1000-$10K
4G7r7rGBd1L8vPMuB7Gu71W2uHhQKspQoYVWmnPCHytq,9357.966133694248,1131847,$1000-$10K
BF7L1WzjCTKkKGjAA9R22Eg4mJsLQ9vW1mDkc9hBfsQw,9357.940805187747,1131848,$1000-$10K
HPXdF7cYbKGVHuL1DTJcVAMcvEoGRH11UajRWXPa2396,9357.937794777046,1131849,$1000-$10K
5Xw4E73zf2LSZuwmTu1jdJ6VH52Lub9dpuEUttXvqBPZ,9357.900414252203,1131850,$1000-$10K
F2TFoD177d3rC8Ka3hbLRJnwDDYd6RRNmbaH7AQ2QPmT,9357.864802723017,1131851,$1000-$10K
ANLVQTtnN7nko4M6TLVfi5W3tbvzXJVFWSSSNWVCbYi8,9357.840855008906,1131852,$1000-$10K
mQbGu51x8fDuSSGwokdsXvDTHU582pSR1d3Zv2y6J1h,9357.828606554907,1131853,$1000-$10K
CERxEZJn6uRJtYpAFHd7T8fHb6jknduqYQmQRzFfaRPA,9357.811580067084,1131854,$1000-$10K
6d5ad153GauAYmtU1yihcfJZfHLZ8pzyWRam7ePtzzuc,9357.803637022213,1131855,$1000-$10K
gtDibFaEWQ1pn4dLhisAtJnKZgRYMf1pyyHNWgVzDqw,9357.768142655248,1131856,$1000-$10K
Jwb7Ejk4CTVXkGAqV1cQB5tB7AQwhxTTB9Jv2N1zvqF,9357.75,1131857,$1000-$10K
3GE6eWEwmpXGb69xmtQmqK3PgDRUUsvpGeKNkwetDX9z,9357.736433551589,1131858,$1000-$10K
9xSHmJMNmNR3BWChxaGbjNJyYFvWwr8HmWQBGvmWS2hu,9357.704365448306,1131859,$1000-$10K
DDC9Dv79VV8WFcMCUsTJuKatzqcfXgez5qnsbwdxq5bZ,9357.690019216387,1131860,$1000-$10K
8NWoDEpzaE7WGT3JaDDAfPQtJ2NCiQqr6M3rvQoKaMBo,9357.688322111091,1131861,$1000-$10K
EXJW4uLRfBnaYvco5v6BbDqU1BRUxdewSmDMwfN1Dptm,9357.68477751837,1131862,$1000-$10K
FhL2Cghf28jcMwqRXWW9qUegDy21kNo9tjV76YEkgiKz,9357.678389071518,1131863,$1000-$10K
9FXp9WMNz7pbKA9TQkwmA9XiWzfVSqBmeDEekiEYJxQJ,9357.664344682433,1131864,$1000-$10K
6FezVSRpVRwB1Q6d7RY1nywbNbkeLEghcGHmd5xD36hs,9357.645499525626,1131865,$1000-$10K
7FkRmRxuLF2Cs5RNT2snVhX2fXnJ3zFvR1g9yFwDjJHG,9357.632796697091,1131866,$1000-$10K
5CjnnZJiwrNWCyJbzw6pEFZn2fKrkuyX2tFm1iHrrxsa,9357.632072957378,1131867,$1000-$10K
6oDUwbYkUHw51wuRcQdyfsiQC6ia8RLCuvQ2p8h3nk6M,9357.617883651503,1131868,$1000-$10K
4hQPNWe4uVZ87dqrEyKzghbhp71NjGitiBn7oEpi1dzq,9357.57538084083,1131869,$1000-$10K
9bnKrADC9b6AD7udq5mcp5hu64xc8cERbiQNpbaDRBp6,9357.54729603896,1131870,$1000-$10K
EdxbAfk8vYFf9j79P4z5DZYZTGrQkYyfhPNCstjyJvUN,9357.528537988876,1131871,$1000-$10K
36rY8YbKXKSKZAT9jQHkbhqe8EXbBNWPQncMeRzWUsLA,9357.522322891911,1131872,$1000-$10K
22VSWAyyrzcRrJZsAuxyTWa9SbrJSGZnec7JeAiuKVRS,9357.502383210045,1131873,$1000-$10K
D4nviHaE4yT63tPoBdvbszbbeM4nreGdzyiyKYN1Gj4E,9357.461765326376,1131874,$1000-$10K
BoxzPV4hqR7HFf3vXYBDDbMMZ2PBo8rd2JRqwVGHNstT,9357.45770708948,1131875,$1000-$10K
AP3grnLR3D6dkYmEwkaHZL5rDkNnD395ViKomdR6YhkJ,9357.453634348889,1131876,$1000-$10K
HTDRo5XXZyqzeUWZz6D1pAYHq8jsAPZBNz3hMKE3zp8X,9357.442722422944,1131877,$1000-$10K
7zeuX2CRHFKLKqnwNaZJsXz9RvB2e35h2n2boQ9rgexP,9357.405425761022,1131878,$1000-$10K
ChPn7J6oeEL3ppc7M27NXurkgs4sSYWHV6JZFW32zJGu,9357.390690239736,1131879,$1000-$10K
DqrYiFNTQRpv2ym4pyLKpEe8j3M1ARubRhBAtwHwsy3y,9357.352227809037,1131880,$1000-$10K
3gtCiDmH1CSeY6THGTeR2KmfhShBqTtuBRCuphXGbbFD,9357.342175714568,1131881,$1000-$10K
BYEv5fRpwdCg8rTe5qxxMEnWPKADa6dnEFz1ZnawgTgP,9357.320683007021,1131882,$1000-$10K
4J3WxJPJ8mYQBfXcEUdSJ5dsbqtpcz5MjGwncssCgCEh,9357.272378448988,1131883,$1000-$10K
ExHUaHJuGUe6WMz3jhahQiVpguziC8i5eSQRSDtW9jbK,9357.269983463386,1131884,$1000-$10K
B4w9fHY8U6X3QUrH3kh5EMz9EhQMktDAfdRebgQfQrf5,9357.247623536201,1131885,$1000-$10K
ASoA6VHDzdpnGTd3KuCa676x2RQr4W2AffoWEDVoQ7v2,9357.19654567449,1131886,$1000-$10K
Bsxj3PrbXKPAWNMMVdWiUD6YLLm93ksUJqxqP7dLPsZK,9357.194177503203,1131887,$1000-$10K
26jgp3JhcXMD6p2Z6fMW9TpufC7SLWkHzC4CnMzaw9hQ,9357.159394303542,1131888,$1000-$10K
9Kx2HB4Dei67CbQNYJk5osJLsA514C1DJ9w8iWYhNVEC,9357.137836521075,1131889,$1000-$10K
EqtYT2Xtxr527Xt9h8kL7P2ota4CqwnJkwNuJpbYZbzG,9357.119755416692,1131890,$1000-$10K
53xomZ1uPidjc26V4bnYnzxkRz3FeqegeheX93QYrDBR,9357.09486149101,1131891,$1000-$10K
EFL1TyF3qWRct68VGHgQrrLLkofeQ6exE4pTLmhjaAaD,9357.086517042999,1131892,$1000-$10K
4rAb4WNvFi7qzM3pnnBRqx5dMc3SmzVr1zJXM24Vgrjk,9357.060842712539,1131893,$1000-$10K
DPhwQX4ww31d7xBt1xkaYRFoqEqmwjqYooEuL4MLS15V,9357.052845490092,1131894,$1000-$10K
9NUmwqNpxcYEe13yiXrwNY72zjSp6Qgog5eBvBgHW6Gu,9357.006804725297,1131895,$1000-$10K
Go62owczcnvsWctDAnYnnvXfioHanXaJ1tNqDwKKtTnQ,9356.964459802773,1131896,$1000-$10K
CgVDsJ9JaupmzDxCtpLTz5qZ2njxtGfpjYKv5cabjpPW,9356.964337033114,1131897,$1000-$10K
b1svne7Rwx6LuKkY35tkhX9wTivPiN2AiajEhyfZpXB,9356.955515275562,1131898,$1000-$10K
DGiGminabLYADK8UmPzLm2Q59Dbpj55ocSjPmgCAPnz9,9356.94236498082,1131899,$1000-$10K
2xp9CEWQwwbRnCEbry9pGYYtRcVBu323vWxVuD71cM2f,9356.940093799158,1131900,$1000-$10K
8cbZU4V7FVHde6qegvBQakMw8pcNQj5it2XYhXcwd4B5,9356.902584154177,1131901,$1000-$10K
hrvE6G9Qh9AwUfzpsi2NCbVZeDApk6Hs986PzR5PFZC,9356.847500476651,1131902,$1000-$10K
4agqocakmUTfmpoBtFbsq9u8kew4dukMWDKhS7kvpmeG,9356.835105261398,1131903,$1000-$10K
7xgxtHJX21bvXozPsmyVCi88qChqxZR4e84ckXgrTeFp,9356.829869257343,1131904,$1000-$10K
DniYQyxkujzhxmmZmGs5TX7uARkvL9MNpSc4sz7btXin,9356.807777702266,1131905,$1000-$10K
dee1kXWnGuzM5Hw1DMGLgUEq4zpZrHUrW67VcRPmp9T,9356.791240070726,1131906,$1000-$10K
5gGQLimi3CCf5aoKKLcneBKJ9KcKsQMcvXmENvoySWbL,9356.78690689992,1131907,$1000-$10K
7keDpeaWpLsKudHFPCkyA13jDP8a5XnS6SDtkqGeP9sJ,9356.78165909696,1131908,$1000-$10K
EJzmrT8UEcGmevzzjsdcVGorCUc377S8fvt9Zr32Mes6,9356.766072532288,1131909,$1000-$10K
8FqVD1hdgxYoGCt1LZTyhxUXXrW7TTqont1UYQcLG2QZ,9356.76236226321,1131910,$1000-$10K
3ZtskWVkHoewwAdJ8bK1F3L7aJze2hwVSJxzanvNKASf,9356.74400500025,1131911,$1000-$10K
BwBguqy9uEsevHiSp6XmYWW4e7opC9y3KgRxXZzuaiP7,9356.729100739565,1131912,$1000-$10K
3JymJUAkToVCFgGVo3y3fBWT7dLdSPy67h3ZNNJJWowK,9356.728938496879,1131913,$1000-$10K
HrpMANuBKttiZ6tpNWzUeP6B1Y7bxssyYQUa5iGRacmZ,9356.71405452282,1131914,$1000-$10K
5oxZyhmrUw1mweJZqVrCRDxPbgWq7kraP69aiBehhbLw,9356.698359595792,1131915,$1000-$10K
3EErj4FDwShZEGQdsmYEApgvrRj7bHGMtNVtrNUgVHdB,9356.695640702936,1131916,$1000-$10K
FBkqf1MaFiNuXa639zrF9FxqQXmC8NwAWsdvzJSPgbek,9356.694564644718,1131917,$1000-$10K
B4D1T6tfJXyKDQxyimjpLUbpoRzCsV87ehuhQ2mm1JNi,9356.656660678074,1131918,$1000-$10K
HLBt1QKtEvopywsTbEy2C3PZsj8yJUxeHC5rpWMansoK,9356.577810061182,1131919,$1000-$10K
6UnhYuvDstpEscGG2DQLSGJpy91FTMtSXSKbTQwtymom,9356.555703290918,1131920,$1000-$10K
6qbgcC7oGtCT3LkVNagmYrGo7Fehi58ZAdHTzcNTggwb,9356.551911957578,1131921,$1000-$10K
C8oBk25eehWaex5zmVP27o2sGbnsPgzToqXefebfLz7H,9356.501529012772,1131922,$1000-$10K
H72jbqnHHQFPjWMvdWx1o1G1eNKGi19Wg98LU2PVHnGF,9356.499287615508,1131923,$1000-$10K
BCZH5EcN37XSMkYnSPwEyHrEyKHBkPVQWEavhvMHFKFQ,9356.485123260796,1131924,$1000-$10K
CVAztVaS7akGXBkvRyLaowqtAHFjX89B6he4VDoPga4j,9356.481243285833,1131925,$1000-$10K
Fb8cVHFm8mnwSPqQiQfyb9eQhHWAXkqCBvFviHB13MeF,9356.465592853025,1131926,$1000-$10K
2GPcVp3JzRrEZVf42Bu5AFu5QVBUrTCEk6JjBUMSgG8S,9356.430574229571,1131927,$1000-$10K
BWoSRfRoVMbZyoRXbj8AWFu4HH974sBMmry2UM6y1qFg,9356.39408469828,1131928,$1000-$10K
2Y8UEGvAddSAGYr9ddRnU22Ttrn6tk3Z8sGoYj1iVDb3,9356.371423250543,1131929,$1000-$10K
DtitQcVeze2PX3naDWCeNkvjXzSeGZny2atRs97C8Fwn,9356.352335593887,1131930,$1000-$10K
7mGahFuTeYnahpqWMxyBMQtTrPFvUg7Be9duApu8X6YS,9356.299906206656,1131931,$1000-$10K
9ezRzYtUviLeJSARJALxtpCxrJmsEdhGqV5JgfyoQ3hM,9356.280799837015,1131932,$1000-$10K
GTQuCtHFjYcbznLQQgGNW1MeLwRhzqnsP52cn9wmRTmd,9356.25758883549,1131933,$1000-$10K
FnUytMCAvMfuf3DSvANUf16R5Dxhw2LqCtJcTtFR3KN2,9356.24818174199,1131934,$1000-$10K
H87na5n7m75rPdi4upqkWu9jjiK9JbuhGHLSZ8JmghsB,9356.241496768871,1131935,$1000-$10K
FqWHj1E5uBxtVmqmQU6iLUqq4cduoW4XjijLPpEpoVDw,9356.23428982168,1131936,$1000-$10K
8nndXuZqrVpmwWvNJNxbKoS2HkbtUpMRLACQ4tQMiTK5,9356.193281154658,1131937,$1000-$10K
Cn9B6tiEsrXdtqfoCDnxmxu2Q1raSEE3jGHFQ1n9kp37,9356.179365753382,1131938,$1000-$10K
889eVW8akB2njzDRXq4xknf49Duw5rfVTeqPhokzLh7b,9356.15849919083,1131939,$1000-$10K
KSriKBTRvAsXoAVqLCNSJFDEzPBtqC8EresrnW2T91N,9356.14452275576,1131940,$1000-$10K
FvPVcfXGh2e1BwzWNj3QVVf8ypyQW7XzYgKVgK2Vu2pi,9356.143316904368,1131941,$1000-$10K
9rFEqysJjPmE7h2dDSr5MMaQoXFG3NWpEkF2iJPYoabi,9356.138698146313,1131942,$1000-$10K
FFcdhtJBd4PBoz3fhhQB2bTsScqtkbLJxSXDUAT4SKfr,9356.107072179373,1131943,$1000-$10K
3bZC9GzHmm1pX3XhNc4j9Th4dp5nEyzFvWz7xwLTCzeR,9356.10666306757,1131944,$1000-$10K
CPQrWCamVQeLALuppHX9xhr9rceHG6pr2ZDQT6Ga8jn2,9356.084758851037,1131945,$1000-$10K
9AL99BhsohaYBbdzW9fxSyFyPBte74NaA16hYPuv6tqj,9356.076267606353,1131946,$1000-$10K
DUfjRfdHJDRVHPww6XjfMvzwzYnqW5xVkqvgjqqcNGsU,9356.074360223745,1131947,$1000-$10K
D3T61WQXB9eXwbs1YrYG8a1R6s9xY2z6FwiZP8ArvZ7m,9356.057736485971,1131948,$1000-$10K
6BZAzAuAiy2rVVtWVMpe9urBmzrKZkqLaL3VwFg1RH2Q,9356.056273392469,1131949,$1000-$10K
7qrQYZU9CLmhtrLMPx1TBNx4gF6ZAtJ6Uq5Qk7uxxhcG,9356.03645781308,1131950,$1000-$10K
DfsFY7CSt3GqaJKjPtcE5poR3zZwVp3Kg8LwrCTdK97b,9356.030297937476,1131951,$1000-$10K
9YT4Zuya54gfKmKafRZKx54N4ZeUToqAVrNZMc8RwvHp,9356.028894825815,1131952,$1000-$10K
737MWLQ5uisMLCpyVwqzfToiyhCu9RVvgtPLXKkzEVaC,9356.019325055802,1131953,$1000-$10K
8b1LCVNpwwy5i5o9HAp94CVd4ijmiACmYtcFWzXyPTe9,9355.96915000447,1131954,$1000-$10K
GCqoB5gpFF1SB8EYbajyMAFduPXVKzWw77HBseXx3XmZ,9355.96350404206,1131955,$1000-$10K
AEfKcMzVEQNRQLE9JCGDfryxhbWmb2ERQN9Vb9axHEBj,9355.921627097703,1131956,$1000-$10K
2pYDGEUdkRWQFSUBcJyDJKKjJuReNxrhyzFBgKUboG9L,9355.918742409931,1131957,$1000-$10K
A3npG6XerNXTsTwMjaVZfY7wJMB7jondqDK9PR1gJP9d,9355.900916641342,1131958,$1000-$10K
ENoU13MzhTgszkjrGH1DnRy5Da5EYSrUPUTYAw74U2u6,9355.90024039062,1131959,$1000-$10K
CHEfMQd7VHMi9Hn3EZPUHXyjXkUYKXdSsduSoiWSqDAS,9355.898080168667,1131960,$1000-$10K
3ZYCXygmiHma3bChqb4RibvH2b9nVb5gpipq1KPnYvhn,9355.895818901907,1131961,$1000-$10K
5CKbJwbfeuwe1hEwuVE7BngPCMHmsc8c4B8suk5c5Nmw,9355.86978992848,1131962,$1000-$10K
C6GSBeZH2jTnYtVDLNx7dFWDAtvp3qMCs2ocXfZ1zna3,9355.83255265066,1131963,$1000-$10K
7HwVK8WPUYKLKqRQvkgoELUX5XEs1XBnJ5xZy8zDbsYY,9355.794918600594,1131964,$1000-$10K
5mS2jREzg3yhB2gr1dGcafw6JgQgFvNDYd954WVQZR9u,9355.786008458248,1131965,$1000-$10K
BvBXu6v36oh3UB3KuV6XSdhStkeWHKGg37k2XsMayWxg,9355.78563372117,1131966,$1000-$10K
DHU1RNTdqmBtKMsssBTqzJQjWZaYpHaosAeXTKP2CJhw,9355.762935451832,1131967,$1000-$10K
HjUKNvynabWKwKw9kPjhhrNG91nFAQy8CSPa8yNPvHeq,9355.75734888457,1131968,$1000-$10K
8JDEfLtYibBzeX8EmfPHwvo6YzLjkdTkz3e6rkgHjbWe,9355.727717251671,1131969,$1000-$10K
98PLtVUS2RK7LwgFjZj5Ut4JURPdwioLDorxfsqEidJP,9355.70259991407,1131970,$1000-$10K
E6cFXJk5KuzczmWjR79R4Q997nZk7AsVu7jgeSMr5Gd4,9355.697475034282,1131971,$1000-$10K
9YmZkrjXPD5i4RPz8SzwYVUQUX9mJpje3SqGYW8DQFhv,9355.687777899151,1131972,$1000-$10K
8njERYLw8HLc2nbMM1YEKU77T2uPkFHhAyeQ187qh822,9355.682526922832,1131973,$1000-$10K
6QJRgh23UscjXEZyCiemB2h8LLnbkJoJArR31kdzGuic,9355.679488446429,1131974,$1000-$10K
FVt5VqKrGvGbvLhSAPqwHRXfqVHBULKPHVJUgiqKaEQM,9355.669221844018,1131975,$1000-$10K
BdakzBzJZfMWGehFAa2huCdZXLmSzv37Ny3yHwGytoP5,9355.645194138182,1131976,$1000-$10K
DKTszi9E8oKpQdYztiHJUzCwRPn6hifbSWx2z8jobebB,9355.628233948704,1131977,$1000-$10K
3gfvmLXg86PQSVV9qwirgT2nwoQ17vDaK3VuvKMwsTBM,9355.5840445178,1131978,$1000-$10K
8VCYcQtn8LAvtBcY73Ymx4Gp7yjLEtm9HbkpBEp5r3GZ,9355.565857913398,1131979,$1000-$10K
8n6pABFEqR8af2rnv5FvEYASzzy5dXE8pic4gqxUFSrU,9355.52286180826,1131980,$1000-$10K
6nUeuZ5sZRHXudJC7sseFFKeXCgUqLsQS4H5Q9YTckK7,9355.509488515489,1131981,$1000-$10K
7nsmn1pZiGC7xk9F7o5a16NfZ7jxxmJPAFPgJE6FN7pf,9355.507506467107,1131982,$1000-$10K
9ZXNtrnKkrdF65pNNEEXjpecNUD1qEsz2uYUu6ncifj,9355.500040963807,1131983,$1000-$10K
93KQBuKWuPdwCFCxdPyqB4nuYhvQUbzHhWdW9H7ZZHQU,9355.497438605973,1131984,$1000-$10K
3hq9j3Yz8nnKpAKSyyF9vpEcCX38z9kFbucwVpYQ4ABi,9355.481342484398,1131985,$1000-$10K
BtkbyVbR5hHzRePcsVxgWrw9BVT2CYMBeXDp2fUkXmgC,9355.480836023537,1131986,$1000-$10K
C95hv9Cp9asYoTjnWhsxw8hW8uBJHse6TKwArRzhE8eK,9355.418397483858,1131987,$1000-$10K
FFF44jvSxUkAg9FBDtf4NujoXYsyUYPV39Gu3HzHm8tR,9355.39404024502,1131988,$1000-$10K
DUJDv8oo12BPj35r79sd9AZseR3V8pmr74A4X4EAMYFG,9355.382922393002,1131989,$1000-$10K
8Un5r7kgY59HREKLgizZo7wPCsFtodsMvcjqdWLZCMB9,9355.37642851802,1131990,$1000-$10K
ejSsK2vgdBNdACX5pj26BzDiURrG39NQnGPKKkFArHK,9355.358833784123,1131991,$1000-$10K
C67Gdhr3GRSByFo5UXQn9BJMZgGh49HR5sUcgyJMJaoE,9355.347026221034,1131992,$1000-$10K
58pEqksqyYug9NZ8aqWci7qNPbSzpxJX36HrqwFEcPTm,9355.34301606457,1131993,$1000-$10K
DRoF7wuZPfwovjUekTLT5Nz1vu8usbuqCPnpTia8JAkH,9355.339899102457,1131994,$1000-$10K
4iEP3nBkwwjpHXwqaDDQx4Sfj9kTxiaxLu59vRTz1dhw,9355.326461101035,1131995,$1000-$10K
GDVEyQNbJrgTEiif29A1jjuykuoFJp1NrV4tbFiMa4Ch,9355.315511441058,1131996,$1000-$10K
CieBi6kATsAPbaAAhkpEDFfRBh3S3bYWfMQpRDcFZ4iF,9355.27076219907,1131997,$1000-$10K
EUxR1UM37xz958gFYxkxnktpx2ftqCbaQoamY6gew5FY,9355.233144043023,1131998,$1000-$10K
CSEwdt3FhrwkBbVcCLwyG8JhMS1YFyurbCoVcZCy2YKq,9355.222508463801,1131999,$1000-$10K
J6zEuXiNyhNHLXbo9kmMjh72ETcMQtiXTqfvndygZzEk,9355.186683006967,1132000,$1000-$10K
5DiK5Vd2DzxNqv4pYZaaz8q2juTZ9FL6HGsTEms139km,9355.18234651734,1132001,$1000-$10K
5YsLK5pP4TxDMSafQS6g3Kec1h5BMLa4gevisikCvsad,9355.171688022207,1132002,$1000-$10K
FZEVqshqqGoRHA3oPXh2CYL4KmN6se8VDavszwALrJit,9355.163044750878,1132003,$1000-$10K
AHys2Jgg6zMtXnn6ENEwVi4K7gM9kjYbm2TybzTj7krt,9355.146092561637,1132004,$1000-$10K
HMuvZrG7nnjhys1R2rZNPsbUvjjrQZhU4za7Kk2U9EWk,9355.140376634323,1132005,$1000-$10K
Hi8Pyh9zSDxAtSwZkqJZgSc8rZPqcB74by4C8QX81DjD,9355.07650965281,1132006,$1000-$10K
A9MZzLkQRiMwosYiRwLo81cVGQ9t17bmRFjMWCx3Y4Mi,9355.061369251998,1132007,$1000-$10K
8afg9ve2aFPgRLqpFpdQqVLhZePKyqwNWMfQ2S4JerV8,9355.038216396688,1132008,$1000-$10K
9fMHZ7WDbh1hj1Nw3YwmKaF19qJWyygA7oCzCNFzqeQB,9355.028558057107,1132009,$1000-$10K
HGkC5RK3ucixVXjNk1oR1MicKVkhj5WNVcAmSRyaARjt,9355.017166327923,1132010,$1000-$10K
GH3GC1DNRNgqLXbUEpN9JEbxaXnA66NV5wwH2sd7JH5k,9355.00605305562,1132011,$1000-$10K
B3sJhNPvLtRTM4BgfGpvTq2W1YUC6dAhteGRhj47gz2X,9354.963601113684,1132012,$1000-$10K
AqekTx2htAaSQJHMaJwDFEUmUYZMU4PuDktdTDmJvdrq,9354.957406494832,1132013,$1000-$10K
7XeooqaDHBA1UxTSVojz1qtr4zTyU5r7YBWAtryhrA8y,9354.92627818639,1132014,$1000-$10K
6nd9Nkx7LkrBAYQUByk18ZdRRSJSqNfCgHX9B5qES8dN,9354.918862295337,1132015,$1000-$10K
2thaHVL9Ha8paskVCxXBaE47Py2SrMsm3dDNkAkoQex1,9354.899738968878,1132016,$1000-$10K
4aG2TxjxcUnRnrE7GVoAT6Kn3xHAs45KQvw1wtinLq9K,9354.851746771776,1132017,$1000-$10K
E5vofb2GTMBSYNLsxaMFy9S9cvqvdXGQZ6msh2Ft6wJv,9354.834101116516,1132018,$1000-$10K
252oke31YgpqsuLBYbqHHzC1XRmaKe3r599ssfRL96Yv,9354.828194166152,1132019,$1000-$10K
Cww7hy2deZy7j5Zx7jD9rddar9V32iLi9tmfSye7Hpcw,9354.823935773404,1132020,$1000-$10K
2xfeiz3wkH1igxenUoDocXivdDN5so2C7FM5Tt8CW6yQ,9354.822615407413,1132021,$1000-$10K
CrLNaUM9CSQmdbDj82DLnNHJdnw158VhQcrV8PM8Wc4x,9354.819964285949,1132022,$1000-$10K
B9aMirYkcy7Va4StaD4LqMg2uuTrRVdBwQBKs19jkye9,9354.817965323917,1132023,$1000-$10K
4TcGFBBXjLCXdbFDJ692x1CGaZqG6kWkR6k7asW7e2Fo,9354.799512174282,1132024,$1000-$10K
92ucP9jrNpV81BDGq9kmwAZay3UUfwTgZDzxKKm6GZQA,9354.796808986799,1132025,$1000-$10K
Ej43z7syqYUNimYKCkNAGohht6t4giBMRDTh2wzYtjEu,9354.786953920526,1132026,$1000-$10K
3x3DJauJCXeNNX6tDoVTYfwJh9BC81PrH9QbhEukzqH6,9354.783732697297,1132027,$1000-$10K
8YVzH4svBTrugGgwEkMW9tMCPwYty1rCcLKTkzbcJDrW,9354.782486557115,1132028,$1000-$10K
FUJeFnYkkE9S4hjEU6kaCPH8qKE5JA5vu37gQtcbxXzY,9354.6927365505,1132029,$1000-$10K
4KnTm3aYfDz6PSrVU71bAhNdpdCQsEC7LA4S55kytgTa,9354.657135665911,1132030,$1000-$10K
7kt3UdDuN2RpeLMhK8nkyginxqbvFAAJ8twASaC7qwUm,9354.652539261959,1132031,$1000-$10K
39GBTeJVFmNbsA29qNGT4BhWgTBGyFDiTnGGWh69UsFB,9354.650724928639,1132032,$1000-$10K
2Qo3y6xEFy4XSYs6wFHFCCGRwrrjXBRXc8CKkUuFsyvm,9354.641312787502,1132033,$1000-$10K
G7wU9F1WcwPFr6WSyoKLHnpUcvVtthLP5tmoY299Hu2m,9354.631859656156,1132034,$1000-$10K
9DfF5GKAQQKsyDyP8vU1YonDt6YGyTQhQZJJikYELBSJ,9354.62412613516,1132035,$1000-$10K
Gn4MG4MNwcAy7qqKxbwCysqFDoMP9iDymTFBgfR78BRj,9354.59882784455,1132036,$1000-$10K
4X5vUP9VmxCggvXcbTYbXePGUrw24cokuiju8es2sedm,9354.563503807774,1132037,$1000-$10K
CgccoGPzYit16W7gCjndez7dcH6mTyRHQ9k14cm3zA6t,9354.5091616628,1132038,$1000-$10K
zySFYstH93x496NW3oxQpovrZiMuy87vNooCBCAUdcK,9354.500310284679,1132039,$1000-$10K
FWiYhUp14u56cYiTgGk8hYkUcedizKoAk4xWvVtJAC6b,9354.485316773582,1132040,$1000-$10K
CdJ5VLapQyHEBuCGhgAZZWGcPuiTQvinnepagg1sX6CW,9354.472006335249,1132041,$1000-$10K
4R1XMBMj9aiNN8KYEUcVUNFbhyjgRAkTABoWwXxz9xBL,9354.40087758822,1132042,$1000-$10K
As1dr3KPJP8niJL45L7gaaTwQr9WoE1aNJT8gVCVksfH,9354.38866825429,1132043,$1000-$10K
7C7NX81sXWwbwDKCtNhuHZ9Hza1M6XSh7qwuFYyqJb6N,9354.38128725317,1132044,$1000-$10K
3UG3fSZ31jfXWn4Eou9EkfQqq2CvqnoY4LwWusYV2eP5,9354.376526701719,1132045,$1000-$10K
Cf7JN7RUDfXrjoDLBvmkNWzZZLCWbZPUnD91rySbeiZq,9354.337289714751,1132046,$1000-$10K
3NmPHQWxaYt4Qau25vYc5d55QyjLy6G2AdkN9i9W7ZQ9,9354.33686774922,1132047,$1000-$10K
GRVhKFTo1S9jYKkRff1epYB2BaK9ApoDGYiHueEEiKxR,9354.322651321218,1132048,$1000-$10K
B9pHgDMcFnkLouQWxLi7PmBtUu3fQXpDfqyAJhGr2Npf,9354.318375297438,1132049,$1000-$10K
3eq5oeC4vYTZcXEcgEkPFqaNvNQPzer4uuQLNKZTC1U4,9354.30042258651,1132050,$1000-$10K
9y7WJCjiaSPKuRJNW353ujHB3SKGiKf8nTYCTLCmoDz5,9354.272255773385,1132051,$1000-$10K
DmefUSwxZoot49F16CD93q1pByW3az3ESKbwjVE12ppH,9354.26728669138,1132052,$1000-$10K
JAvKuAXiogouaMRcJeHLRwhyngQRrrm7RVps4pghuKUu,9354.265148405932,1132053,$1000-$10K
9vPxHahyu7Crorf57p7AvXpUjM2mkC9vUVWv5m3gtNRz,9354.25573886111,1132054,$1000-$10K
4ASKVcfsQUxbP6VnYs9YYvYsXjos6kPUx8aaNfqCwJAw,9354.231736480691,1132055,$1000-$10K
6WWMzLKZMakWXiFjXC8B33PqVfskjDacmPzfL2uJPiSm,9354.228479990232,1132056,$1000-$10K
3Png8KCcduBWSYQ93bNpYRd2saVEstTCdZrxyAxb548Z,9354.226532120056,1132057,$1000-$10K
GLGnpxB8PiYz69R2DYdW3QSR9zzikq7gmuYMkwYFLXHW,9354.174444853252,1132058,$1000-$10K
9gcmBMbff5iooVeYS3xgNZykp7M4c7eEZ52uaDBh9pCP,9354.14748860388,1132059,$1000-$10K
6tXDk3hTEVSxancJzxaRGicrETmoQrSMmiMH5omAqz7j,9354.116322873226,1132060,$1000-$10K
93bcWvPWNUpcBvZ4HGJZ7mjifipio3LRdmgK3jgqovWM,9354.10733931751,1132061,$1000-$10K
88Xr7rCNT6RG5njm5T2ciX9deb377P7AYJSDJyQmJYSi,9354.095957932446,1132062,$1000-$10K
6hWR4JymUfUgJwXF1Mqzrb8eXkuPynTrno9xrpDPKCHw,9354.090947286237,1132063,$1000-$10K
A9CnhRsaj5Cfn9EEcdy8PBKKaUJqMg5LV4LVfWo12a5f,9354.078282252101,1132064,$1000-$10K
DR7FrgH9c9aNFhiKwLjnbqw3iLkVnCdECzqPJJLWgZT1,9354.05754349117,1132065,$1000-$10K
J9c26bFidTXBaLTzgyYs36LJMXUXNtunt1gd2WZwSgcu,9354.04537783913,1132066,$1000-$10K
6EM8kxPRGhBRLiKWVm9eSgBjzwcNpMgvymS8mQJNyio4,9354.033322894305,1132067,$1000-$10K
ESu7YCyXQtnwdFvTr9W8GTwiAd69kxaZRoP33exKLvsR,9354.009055978746,1132068,$1000-$10K
Gb3QgcCCdexhEWEwdRRAxFVVzkhAEwm3j2ijgjhaaMyX,9354.00826820302,1132069,$1000-$10K
wf6PxqtMrtnczWX3XqPUMfvtPZqDxQnWVhWaMd6iM8e,9354.00036731147,1132070,$1000-$10K
6JNEeUyLC9DHB8PR9qcwoL4wmRAYgoHxjQECg27RsJK1,9353.985965029817,1132071,$1000-$10K
AurNqrqTTuk5donkNWQxjHLwF4sSmraJfFqQsm2DhQxD,9353.971264274809,1132072,$1000-$10K
5UzCi9zX2H3zTmXtJsVrzJUqjC5Uwfbqk5eobsUE1qX2,9353.966871060202,1132073,$1000-$10K
99hc5Ai2rx4SwANozhYBP47yXFmJgrBVS58kkoDRzXqo,9353.966449825064,1132074,$1000-$10K
3dbjoq5SFF1y29KrmPbFMx9hy61jMK95MJmT1QoXdmb7,9353.96591480151,1132075,$1000-$10K
4AXTQrHwXvXDTqt9vLA8Q4KpKYMSipgK1dKA2Jiph1s3,9353.95084128424,1132076,$1000-$10K
8aGK8rg9H65sjQdjzQLNiYj3R4NE79Xjkc12diCJg5MW,9353.93925188608,1132077,$1000-$10K
B5iDvhZA7BodxhBuWtuhjtKQ5f8mApJAcVzYLBa2d53W,9353.90702984881,1132078,$1000-$10K
AMT7ajkYQDWj1vmoBPqx4guAxdupWYw5dcRV6yy7CPvQ,9353.905328618148,1132079,$1000-$10K
254Frn5BDDtXuKJTSQwiyucDS7yY6cpmyeXSXwAwKSbo,9353.890261075963,1132080,$1000-$10K
ENz4uTJKHXwmmRNnmcbvJuXHS5CR6UdEuZfuT4WV77Eo,9353.874892384825,1132081,$1000-$10K
BcmLAnR3S2DbA3xKQBVEkRv6f3KgbJi5VTrdTGJaw7PU,9353.866985227272,1132082,$1000-$10K
tnpbon3vSoAKtpK4rood625GkCP1p2AsQBvXECXojrh,9353.86113321787,1132083,$1000-$10K
CYBLe6FVA64LDfv97YdEFyfbmwapKWBV624wMyCyijcq,9353.83375480219,1132084,$1000-$10K
5iNx5Qivx2L1A4UtK1o8TvGu1YUX7cRKDP2UNevwAEPU,9353.806958155188,1132085,$1000-$10K
2Y5NVd91ew5jqJR5ezPfztpSFe4jdetgYrLpr8wUXfii,9353.80447089421,1132086,$1000-$10K
DkEryPPCkZNksWVKADiWCck8oxRqHqG3Ty9gDsQA7miV,9353.798157435545,1132087,$1000-$10K
E25rP3nzp9mCrKqAAVE8bhhw9ytNDFJtCbQxW8E4hzEP,9353.783364326253,1132088,$1000-$10K
qDqJrC6puh5gGwYSeZUWsra31ENe5jTMpGuB1ohtC43,9353.770602387032,1132089,$1000-$10K
8XZazisK6SFoUr9yuQHNbw8akkf3Nw9dzn6n9usyQf5E,9353.751331223502,1132090,$1000-$10K
Bary8BDsGFyqbSMarheYa7mY8sUMcZHUyUiNZ3aprUTA,9353.747763208889,1132091,$1000-$10K
qc7L62AfgHGRnV8G38m4GHkj9vdFtdxRs3rFsokD9dD,9353.74510381258,1132092,$1000-$10K
F2TRtYxs8SjdEwC45ABJEPh5h58o6hZ3WvEp4dCLmwWg,9353.729612772566,1132093,$1000-$10K
JAG5cTPe1GxdBMd6Fx5XUV8aZAKkmwZ9Gt5CwHHmNus9,9353.716869996302,1132094,$1000-$10K
56Go1im4Amk3yCP747P5FmQjRJXLt6TisZ9ncwQFDLP9,9353.715837949883,1132095,$1000-$10K
BXYk1oBpBV5KFYTLdJqTeE9KjaXvAeQ3aJkF4oSK1jEa,9353.69973770645,1132096,$1000-$10K
6nVeKFXgkKJBUUeb7WiR59BdjgdUwWqinNpeDwD7TJNX,9353.69687843864,1132097,$1000-$10K
6vfiMHV2Goz45jW65mDgAZKzwnNinH5XdnC9cEX5Fyty,9353.686292491653,1132098,$1000-$10K
BY6Ki5RuHf86SGqqAJqxEgzndhadC1L8mP295m5qc8cV,9353.67566705376,1132099,$1000-$10K
5984BMxSTbkt2T89Es6hNB4xG1bQo3xJuBmvnhn7ywbk,9353.67141978849,1132100,$1000-$10K
2eY2s1tgLcN4vGyMKdEZH7N1sc42m8TxcHjFGsTxQee3,9353.6553811189,1132101,$1000-$10K
Es9VJQekMDkWcQfybPwFcJLqHvceoGSVEvjyf3qJA4u3,9353.632081793932,1132102,$1000-$10K
5GmjG8r4y3yo13mTi6MruH6ksaRVck8zJdDSaGvdN342,9353.621771128817,1132103,$1000-$10K
3bmHiNhcoX4Nya89wodA8gbFcU9BfzhY7vdYFpRjLzr1,9353.610165540931,1132104,$1000-$10K
3uXzAax4WiaZ1xwjMHjY3pTgokZR6SfP7LqmULTetQ6j,9353.594571307549,1132105,$1000-$10K
B6HYxv3uREtNn8JMGH224QTSF8bvv7BTVXWNsLURLs4J,9353.594237829555,1132106,$1000-$10K
EP7J6aGEk9ERLhs1kQti3uV8Bpk4y9eD25BfLvBfq63j,9353.590894498207,1132107,$1000-$10K
Bm67maofr2CaoBpRoxQU4mn71ZG43DRoUsmXZXVbPBjc,9353.58931125915,1132108,$1000-$10K
gVQC7sexSUxj3uw5FagScjFhL169yHEZzuYseWJLwPQ,9353.570182652944,1132109,$1000-$10K
BRWesGB2SV77CZKtESsxL6HvKYPZYtTstRmW1vFEyhn,9353.546655521104,1132110,$1000-$10K
GrKJN3ih2LfZXfv7zpGHVY2AmwwWGWPLr51xz1ZtcA9g,9353.540502487513,1132111,$1000-$10K
2AWJmDwbavptQ9bKLSehKBRgq1btx4czqAtDnzZdvTNn,9353.518662719021,1132112,$1000-$10K
C6RkyNzAJqXCNh2BTWvMogijqFaFdriJm1pBfT8cJBq2,9353.517260976532,1132113,$1000-$10K
6p3MgVuEYAhmHExMuiio6iP9kgw8R9ym9Qhqyv8jFq98,9353.51725461512,1132114,$1000-$10K
3zkFaKcBRjS9hRojvd3knwg52vVEYmhUuC8aKYteKHwc,9353.515284125098,1132115,$1000-$10K
HYrGeQh1frUao7Kxu6mjdMDZ8KuaSLKqyKUUvJxE1kC6,9353.514292027488,1132116,$1000-$10K
4BpY6NScxC62D6H3BAqsmwfJFyxC6ARdGX8dDDYHvXHS,9353.470057725139,1132117,$1000-$10K
5YBHWLBWR2D2e7a7sJrXQsKYFdTR5Px8tPhdbucxsHcD,9353.408879253393,1132118,$1000-$10K
99z2Ks5vTjgp4J8UQtFvLbiqLKQTqi7tAWafa7q5mnkr,9353.400100523599,1132119,$1000-$10K
9Hdwpg4jDi2vZWx6mqPTmvtfLKJNsvXbNUPsnvcSjxn7,9353.3640801767,1132120,$1000-$10K
561FePmYseh9QSKfmkQnCg7pahQZSHFHXLpdq7GB8991,9353.327092544541,1132121,$1000-$10K
AZ81VcwT9SB9JVmswbGB7fJEgveCFwEJRMJy414dxur1,9353.301423553015,1132122,$1000-$10K
8UiFvwq3bJQzH2fps7KJVHvmScXi3u4KxjXGAtg4Aega,9353.298239774555,1132123,$1000-$10K
86TrFBafPqBZg1zV7uxxZDAzXbBhjHkyNKYGGCWTjrmW,9353.29679597133,1132124,$1000-$10K
GtohdGD1eiUmUDYbnPsgBYeg24nJjh1U7a2T5CumknWu,9353.286995901459,1132125,$1000-$10K
DG1nuzhQ88GCBNSpPnJTAjEDhfgSkVPUBYKQoeL8doVC,9353.286086735405,1132126,$1000-$10K
FF1pQYoSmWNAnMLPksE8eKbnqBgzQcoZU6XnrKCiCcW4,9353.28269319741,1132127,$1000-$10K
A8Mt5PqbZuEBtjchYUWQSQrhJYefhrHbAtNG9ZtxoV24,9353.274448618658,1132128,$1000-$10K
FtfAqg3Sg2MQLRJRdZt6Qh3YJZjiJHmHCQPHH8jvNhHS,9353.267323356791,1132129,$1000-$10K
Fu5grMKk5W21WNwpmmqwPSgqLSWJwWr4G18kWXHS4f9o,9353.264859236482,1132130,$1000-$10K
D1NgAB1Xppc48ReXB3CMPW13JhrZa5E4GGE8X1uHQhLm,9353.257830292747,1132131,$1000-$10K
481HRbv6D2k5zvnbsZsbReLgYEgAHsdJAVwxoXg7FCx3,9353.223529434232,1132132,$1000-$10K
Fm9Eh6ijagUZdDvBzfATLK3Tv3uHNnq8zf3yCqeLqkAK,9353.212408213705,1132133,$1000-$10K
8NhUPNi4VuJmUVLJoZB8yBDna25crcVNVGvQh3SgwNJU,9353.188220988004,1132134,$1000-$10K
EWrg9zYTnhe15edrQBkbkxKqFCwSCv61pjCRcbCJRpai,9353.1853648202,1132135,$1000-$10K
FUKYjTJKer7Mg9QuNr65ZLDksUEQZBqrEmua4NCtXrs,9353.165784581872,1132136,$1000-$10K
FSyAbqik56iNd1UoeznMQ3ExmJR8CsMKoomkdkCwERtq,9353.159216560001,1132137,$1000-$10K
GPwmyQ9sqT6VNMf5B8sfP3p12zA4ZngoRm2JoLLpUbr2,9353.154255357123,1132138,$1000-$10K
AsxRD9xaDKsUSnT7rVDZy5fi6LnePTACy14KAwWt4KDJ,9353.130504426726,1132139,$1000-$10K
5gWdcRBuQkoS8Coo5r6ksFXtFhhDBFexWRDCTsirv98A,9353.128233694137,1132140,$1000-$10K
6qEbYKkR5fKz6ZoXyHxLQJsBuGXCZV9YQDyKwY77txrA,9353.117027322798,1132141,$1000-$10K
BYR2XyJFGfvYG94EftmzdVCvFYxh7SXpMV1H86Bvkpjx,9353.116358203903,1132142,$1000-$10K
84Ft4PJMemYbjcjppbMheD23nizqH8ALBDFzAzMAvpzE,9353.069624579188,1132143,$1000-$10K
5zafupXt29LcvzkX2aMssmtGVtFiS4JFWcZTUZpNpLsk,9353.057634406014,1132144,$1000-$10K
8UHAcxa7HcUvzwLgM3gRQbEpVDds3KS1HdXLmWHikqPj,9353.057328703057,1132145,$1000-$10K
87tY6mvpN83EL2MpeYysSjFHaJPwvk3aV1MfhGPpHdsL,9353.05504645774,1132146,$1000-$10K
Eeu8ce9KJ8oagQ33CU2qg2x6JHEN8v42Fm7rHsD9oUTC,9353.045078047382,1132147,$1000-$10K
9kFZZfWSk4BxAaKM1XXxAa9ex16GAkB7FczvHV8nsEsv,9353.040924571276,1132148,$1000-$10K
FKKvjUWnV2TkezxrHbvheh1JVuzxmFzV5fDkKm4AfP4G,9353.03334513107,1132149,$1000-$10K
H2NAwMbzoM3DvMGPgS8EahvEF2JwZrgWUBDrX7CveSEC,9353.020124065943,1132150,$1000-$10K
wdPhKkperCQCYEHaYnC2P12G9o7sBk4mUgyPi1DHNcb,9352.965769593062,1132151,$1000-$10K
54dDEC4dbWuyzKLvMuG2dLQtfmNwEjwWCHMdiqbvcJDp,9352.957857867801,1132152,$1000-$10K
6KWGFqo2bXFTFotiQSccKeiyt3kfr3wmsz57w9inrSNB,9352.94251765456,1132153,$1000-$10K
GDgBMgujrhMfi4ghLiF6GoyesGtQehzmEU37tVf5F4GB,9352.940966171274,1132154,$1000-$10K
4iTarX4FbAbEcAKZUJuZ9kAeBFRjMXmx8hs8Wb5D2s5H,9352.932907311224,1132155,$1000-$10K
EEyokP6VjCMngNWuip5TQ7rVaf64Js8cKm1s1yotSAq,9352.913087997313,1132156,$1000-$10K
4cw9yM6ngNRSbE3EvPwNXkB5Mk5kKxUEK4hNPi3PKvC8,9352.83313807742,1132157,$1000-$10K
GVcVq8kk9cYz3kLeW8yV6EsXxogHpL4RJt6zRCmmYiqt,9352.82163580532,1132158,$1000-$10K
AqpSfRRKA2x5c4k5WFi1CaH9iEvYAGfzWVVS2Wfua6zS,9352.810379538756,1132159,$1000-$10K
4VAgE9Cdi5DAqoQweW6bgB8732TH2J57RuqY4FVV2Ezq,9352.793037989084,1132160,$1000-$10K
DaWa2DH3sSrCQtzHzhuAvGrcXUqqWYiV83GzNTzrXRqn,9352.745835671103,1132161,$1000-$10K
BtjXWZPUNg7yiscsVWf1KaVRknG8J36saJEbfvYi1KxR,9352.726711340107,1132162,$1000-$10K
As9cnZmUBikHeDCA3dDW8XjbAryV3qeMxPBrcJmiUmQp,9352.717800906226,1132163,$1000-$10K
3SRHDsz4ivGBTmuazWzGCsUEyMQvscjACH5mv149mieV,9352.677094898212,1132164,$1000-$10K
BR9XmCNTcdApfA5zeDmJwyJZYAg31RsURMHT233HKLVh,9352.624629746642,1132165,$1000-$10K
4tpPH4A899JUH9efNS8Ppt9uNP54Grf6hnHHutzXztpB,9352.60614431161,1132166,$1000-$10K
DwH5vwLKao3dnguidMGRbTtQdcwv6RcBc1Zpy2a6UrJ,9352.57371436597,1132167,$1000-$10K
Gtn73RxJnXqpXopEKxw5eQW3xbQ4A1QdDYxgRJC6z15b,9352.55805648641,1132168,$1000-$10K
2uHmv9CUa3s6RVKDg5nrpHf4vMfGrTjiF1QwMBrVMdN3,9352.553068641024,1132169,$1000-$10K
HWU8vmxZkJh1kXtbwf3KSwaKdo7xfjzMC3QoXp5MKRvx,9352.546124915096,1132170,$1000-$10K
5X6mY9VtwxEkhto355BhwgxyRweUaSRrYGr6v5HENdFU,9352.538057696309,1132171,$1000-$10K
JAT2MRt4bHJGgKrozhm47yA2yepBY3Gg6ZFKKPCv2EBq,9352.51496086163,1132172,$1000-$10K
AHe9cjK2YeAL922o7L6w4xWt2a6TDpj1yFJ6dL5cgBMg,9352.474406857811,1132173,$1000-$10K
5rrDRKxQKK6Li1YxTzHufHT2ma7HkzVAEY7dv8FxFGSh,9352.455347887084,1132174,$1000-$10K
Fcb8d98KUZ7vzwudYiSiPxD1S7gof3Ev9hDjfNEKWTyD,9352.441894105616,1132175,$1000-$10K
AobehMVyCTNybzRkrx7MccfcHTSPy3wzwLpXy8oN5fEh,9352.4156018999,1132176,$1000-$10K
9CiyZCyuCoazHnTjgeoSiEgnctR2DbjLCzHysRWUpp4n,9352.407427365937,1132177,$1000-$10K
6iAvAresfT5QS1ntJUzPRDu4ThFa4mDDjPLHxaqCTasg,9352.30503089068,1132178,$1000-$10K
FHRgoWMBHS3xdPSpvethGQmQu2qbZo9RkUx3wH3JwUvx,9352.284467965863,1132179,$1000-$10K
2FqeghbAk3MBk9RUSEHm2wKxjmkoXU6RWKZgLXnrjpYK,9352.282818755068,1132180,$1000-$10K
H3wMcVeXLdTKu93a3zFRMwqZfzwTrcaYZCM68Pr5821J,9352.265808587043,1132181,$1000-$10K
ETLfFMGKvQAeZu52i57P6D6aX1Lr7Wtj1dYJd2FLjhMV,9352.25306222741,1132182,$1000-$10K
qiEMAUkQaGy7VSNodUwUCTeWvREq24RLWPnAcKGUCPf,9352.227197569122,1132183,$1000-$10K
7PvfcMmK1SEyoUzgaQ38DnFwB9QHnSFWKcuGnijhyevW,9352.13275218484,1132184,$1000-$10K
pfzKnMCoydemEVbrfxKzYqmhn4UsFsCcTgAV8WvzKEP,9352.12394568168,1132185,$1000-$10K
C8qsy9vavack94tt1bDZEQq3qwKdEPfQ4w61ANaFt7oY,9352.091870951817,1132186,$1000-$10K
GcS3GstPR7UikH1Gi61BNvzVHhqdYr37DR1vAEHjSdPq,9352.0881866091,1132187,$1000-$10K
5ci1Q8g6omyruag49fu9ddmVvMxA1R7EeeN18Cztzfwr,9352.065921994514,1132188,$1000-$10K
DhEPUcC3qn91DsaTLZfrHWeiqZZqqV9xZUp2CQ8XfpBY,9352.06412292269,1132189,$1000-$10K
9btK7zMndjFPA1qPqR3Yo2G9y7TWQVjZuXmMsW16d1f1,9352.04674007453,1132190,$1000-$10K
GeQCa3d4D1Q9Edg1AwfU7zZzpkzoGB6DXo51AUvKMngL,9352.038905272126,1132191,$1000-$10K
Gk8KTPPe1m7NNw9zridDoe2Nvfk9kRjQNq2yE4oZhkw2,9352.027982648531,1132192,$1000-$10K
4vhRc6P55f17nJ8yPbnya2VXBZzf6RfLpL42aF2mypU6,9352.002859411496,1132193,$1000-$10K
EQjHkz6JN4woi4UJJzV6fsazMgaATpK4eJgV2ukiFu54,9351.965345354933,1132194,$1000-$10K
396eXLEimKWto35V2i47fGR6VY37EirZxSkbCA37E971,9351.963679688151,1132195,$1000-$10K
D5xEaNwV5XVPe5Ubd8L9Lr82SxF6GC8RaUnz4yiYDK94,9351.932946775427,1132196,$1000-$10K
Erq4GznZcqsM5ErGeMxtzUAnY369jZbmnZ1zWDgTxwNo,9351.930566611893,1132197,$1000-$10K
FkDyZAvsDbkfJxj2aQhLXbxY6VBA5vtG7HncLNck6quN,9351.89215943887,1132198,$1000-$10K
CrYFnhQPPAci9phuxdwmF79iwpzVV7RhH2fSuMdiKoJq,9351.87695490921,1132199,$1000-$10K
BAHuDq7rTVuxEAWV5KwVrG5347k4h2BZBpnxLCtBxQm,9351.865619800257,1132200,$1000-$10K
6qHNF6r22gvPgLFuDEweeVEzE6NkpTFkULSn3aUWaV7,9351.86394662111,1132201,$1000-$10K
34WPN3bGGGv8x9f882RgiaRd1eZLUtmz5TeKioZ9AsoY,9351.818652461081,1132202,$1000-$10K
Co2ZUj7wsAQTEkD5xRQRkg9h1J3xciQ1TF8o7YAZbP48,9351.784400605771,1132203,$1000-$10K
HWdxT42D7Vfgvx86ocDf8d2937JqzUG95VuWZovVHtk7,9351.758148164636,1132204,$1000-$10K
Bk92mtscRpbzCYqpY9YUhLApjWqccFjuQbPuNwqWdAYj,9351.738344580639,1132205,$1000-$10K
JAQLNv4ArY2jABTb1P3tAiBCgjC1owUjq2JUMAu41j5w,9351.721018418746,1132206,$1000-$10K
AriCRrYtzkZgT8DDPVWc9sbryxVPzd7D1xjKQstPd7Sg,9351.71569497621,1132207,$1000-$10K
Gyy6pyiSLufzKiSrFxt8vvbBE7MZ4qQWH7HAdKrRSj6H,9351.698787378693,1132208,$1000-$10K
BjqXo85XmBmgzC3Fe143RqDPjU16zgzz7ZZSJ27xRrDx,9351.681037402954,1132209,$1000-$10K
B6b2dHx38UUxB3bqDBhFSwUyQJpVVG3qJTeiuGvcZjV4,9351.671558061851,1132210,$1000-$10K
6uxPvaLwtiTvQMtzzsMxseWrfDmqSoEjqd8px5gZ3ZU2,9351.64968910275,1132211,$1000-$10K
DaHRXwgAVvpmXYBF7465T3XMnBpfYm3d819b1kLMSao2,9351.588149312818,1132212,$1000-$10K
2V4k7jRsE7M72xN3raKbLoiPCpHBiSbCnVThy83zLU6m,9351.585445736975,1132213,$1000-$10K
2rsUHD32zPUAuNycSXkLJdbmzaCuSTf6MV9LVzmtC1mN,9351.544865041658,1132214,$1000-$10K
8UqFH3rnkLmS97JAXbntAu54GRERneFk9CYjaihWp7QN,9351.538367027631,1132215,$1000-$10K
ArPtYXotfGRoKWamstP5tAWKkB3TXXQDym7dWivEw9Hn,9351.523414376657,1132216,$1000-$10K
4fTmA6yYj43mNVjAeMGqKpn8uhx2ArupFt8GPRKr3zLS,9351.512839530476,1132217,$1000-$10K
8stEoUW8EF3WppCCADJGDCiVJB214sqhNVVTtWi2ij3i,9351.509195945026,1132218,$1000-$10K
BCCyjjWbjtT7D1cDr4fcyTJHLvr7DEbFMQkhDiaTj2m8,9351.48995913501,1132219,$1000-$10K
FpPfY3S9csiC92hsUw7s5m8FspNjUwmf8yVfSEGq5ifV,9351.482756756004,1132220,$1000-$10K
9gbVpWLw6jTQ3LSCXSgk2m5vuzogXp8eQkps1JAeGrqm,9351.464254822953,1132221,$1000-$10K
JC1Exe6dGncS5hEfaCzZ4PhrFaVaoeb4M8QdLs48FwAx,9351.45900640011,1132222,$1000-$10K
4U8ePKyfRF5qztAiCjrf7Mtm2nFmEhe4oQJqXJYsjXkZ,9351.45783596919,1132223,$1000-$10K
5ndjjujdLUs1SisUmuzmzwQcT5eb9PvdfZ33gqLJH1H5,9351.454660594312,1132224,$1000-$10K
ByjFi9q1maZq93e3PfQSFDV97abZtnR4vt6qWS5N4gzT,9351.447217755769,1132225,$1000-$10K
8syzfCsbnLQGr9nBWfNDifVvE6sfeh9HzzXwoaiFw3PE,9351.416440413828,1132226,$1000-$10K
Btbam3nHP131K9FasJwDoBh9xJAdPemHoQe9tM5eFMTc,9351.369110855134,1132227,$1000-$10K
HiaheRMAx3yA2VSMCMzWsVpsq5nXGMQojLob1s7ZnJ4Y,9351.364372067115,1132228,$1000-$10K
7VR2PGs8sUYpS4SM7fwjgjXqQtUP3WuD3xP19iXiJd8s,9351.267913039992,1132229,$1000-$10K
AuirYxgbePbGDvyuRxBdCrvKA1Gd4Zuy1Lj6pkin149J,9351.266701550854,1132230,$1000-$10K
8vn9P9yYKhskGozb1ZoC3jb3LsaMtYzPqDASHjCo4fiT,9351.248507177872,1132231,$1000-$10K
c8LKwGTuDWPLFgZ9Gea7uJD1tdKYCsp8DapCYigtxfr,9351.244684634705,1132232,$1000-$10K
4p29WVuW16Se1vf1b2RmLsxYkYwLPfBkrAgGBcniuaBa,9351.240489596099,1132233,$1000-$10K
FBXYg72RYKUzgV7xVt6choLkd9YV8ToQBA6UKYhpDTBX,9351.225235916672,1132234,$1000-$10K
HfZ1Vkju46f2bnEes3kbaxiK2BTXynEUfi9mEsDXDqGR,9351.213732864659,1132235,$1000-$10K
23j1BbFHKTyMvvryiMvQxFXvjkji2iPBDp59FAQxEqc8,9351.201576904088,1132236,$1000-$10K
zE4y9Sin7YPdxmA3A9n3cXhEmUFm3fXHeqawen7tdWt,9351.192547289551,1132237,$1000-$10K
BdUJkTnWKk8dDV3jYnBbMEJVjfgg31sWuBkSbFNXCnT5,9351.19062518534,1132238,$1000-$10K
4ZPJKZG3La2HQVdsrVTQ8x9LArPCD1tXZ9pB2v5eh2zZ,9351.136700189509,1132239,$1000-$10K
G65wR75nmEFcUFfCFiv7vw5y6azT5kqN1Tp6qxYyRf7e,9351.095446390565,1132240,$1000-$10K
FY1zzvABQeq26vQuh7q5uiwfGG6gbxQeCXHqgXgGdc8P,9351.09258473442,1132241,$1000-$10K
EQR13pExqTu7xSpbzTKppaZZGd8mbA4k8g1nV1Hfnkeo,9351.091551115996,1132242,$1000-$10K
GxW5xg64JP8L9M54wYzKgXUvw3jhgwc8TJ2pmaENVNcS,9351.08541187589,1132243,$1000-$10K
5acBwErJ9QgGF1sXyb4yqt84Fckn3E8aRxhvcVGR58Df,9351.073722771516,1132244,$1000-$10K
H2Jct6o3NPHSGTqHWtutMG3qwSe66DV17eVSU4Ptb78U,9351.06949339818,1132245,$1000-$10K
2uF9G8qcZ8XPKXDarsF61A8vZNLa7Dik6a7BQQqEjTxn,9351.05901364698,1132246,$1000-$10K
4uBtzRtMzZTHPDv2Reyg291YA92QkSB2mMekRPCt7J1q,9351.056334539204,1132247,$1000-$10K
BP3vtapYo19zx8NL29nQ5wRK24DiaPA26PtoWnvQYKAm,9351.050137990345,1132248,$1000-$10K
9kzKt3FSee2ig4qr4sQx4mvykEnAon96ScPEupDNJzDJ,9351.001785439319,1132249,$1000-$10K
GePAvMzWh1CdiEyJsRc9REoJuNcUFCuVT5zuKBq7KRvb,9350.99744551206,1132250,$1000-$10K
BMWJQXKFrbfZ6nNzjyMAgpm97Ni3RRHgLwtLTXPL5NQs,9350.949139734634,1132251,$1000-$10K
CbYy6DepTt5jMYxhojnEQtEwnSEUq6bwx6pbuNYGRtkz,9350.927947235486,1132252,$1000-$10K
Hrjp3oKuqW2Hbrm1mTCr4HBQAq1ScMpt3DRYuUwQWXAF,9350.917581595142,1132253,$1000-$10K
7sGhbLMUhixAQnRdGTEMQbor3deNL9De68n4iyGPd6M2,9350.871542457582,1132254,$1000-$10K
4twnuuR7CSqA88HcbcZpM5j7mHF8UEKSkxK6FpB1QwA2,9350.866222218972,1132255,$1000-$10K
HSPERKyUXZBnupgQocLzLLavoE9mwcBeVQLtEtHyUKBz,9350.785188331192,1132256,$1000-$10K
5VbhQKdqUBbzAQG2naab5XHRpES85BUarF3WCRb8vE6S,9350.783565216992,1132257,$1000-$10K
75x7CQbRFiTp5czfHSPw48DKk1w8ycRWgFT1EbQCVmAr,9350.774038351114,1132258,$1000-$10K
2DVxvZttweHm5Gc8hkt3hPT5ksC5goEBQQRNJfa5hKzi,9350.759538731925,1132259,$1000-$10K
2b84DzqSPDsLwgDaX9fpjUUgds97pVuccjT7DMj5t4t6,9350.730348271438,1132260,$1000-$10K
AmcHJiwGaZqv3tuFyNoyPuYwW6FkRhfjG7RTtZRrWJ41,9350.713286728258,1132261,$1000-$10K
HVzvVsSnrCnHRBxCCxn5nu3F5LHYMp6qjX74wjDmYzpc,9350.708832443257,1132262,$1000-$10K
EuoQpANByfYsr7vWjVyStbYweAXMzpqySi5oT1pkPCgt,9350.693777635257,1132263,$1000-$10K
3B6rVRCSuFJ1nFRkJTiZ5cEcV91ebhbFb3qwzkVmrTBF,9350.68611331159,1132264,$1000-$10K
3ANmGf18jgwQu4toQHnG1TFE8U6vidxHvpsoNkwLmQYF,9350.68552097003,1132265,$1000-$10K
Cg518Efw4LJ2UPzy5kD4zg39HVPnKfYHESgWLwwKhqW9,9350.671681639415,1132266,$1000-$10K
59qbVb4JbG3qiTSfGTuAM53rogfwxP3aZ1PmVNa7dZEc,9350.667326205008,1132267,$1000-$10K
AGjRvteHmfvtTatVXnqGiEAWMbCpMAqpVfoj8ksnPkj8,9350.655447681344,1132268,$1000-$10K
31VsiBTjCesD4cPGAzZu9idwfyc2XUQpxUtL2KmCkEcv,9350.617621686644,1132269,$1000-$10K
DsfoSeeSBY9ioCxVCocwGLJGBYVhX3KZDDfzNswnmKWe,9350.574668703317,1132270,$1000-$10K
hT7Z1Lwtq6LApZUzt5MtWesiHmoAnTuP2YkMTqiLKcH,9350.56854455955,1132271,$1000-$10K
7sTyAboeWfXegrrR3ge7VKp1uaJWeoKUB254diS1mizW,9350.53768590335,1132272,$1000-$10K
AkZdCB3j9cMoaRBkDkvsjryh3RfSL8wBwpDf1m7G8GVJ,9350.520672264895,1132273,$1000-$10K
5ez8m3XA9USA6iuXKuSGrbfMWKAkBsV7pLDdY3j65Fvu,9350.48980931378,1132274,$1000-$10K
2w78Wp7BiobT36Zk7bh27p7TcMped2sjHFJgXgNDpsXL,9350.486981600723,1132275,$1000-$10K
ETea54QcDb2KgGurmfTzfkxnYEFbS368hZv3yZs8aPko,9350.476550415742,1132276,$1000-$10K
ARWT8M1u366bQpxz3rkaHGEspkYuwBF95EjZakrphx3A,9350.46312009938,1132277,$1000-$10K
9hpHnKxUo8tGTh1JMduj8At9UWaWja9i3ydtb7WE7RbC,9350.454963852275,1132278,$1000-$10K
9b7UbWsCis38o6wMBLghfeDvuk7hT3aFVc2zQ647oWjJ,9350.428381803295,1132279,$1000-$10K
BbR56pMyCUPmFKdbUmZ5mdTJjaDMPHUVUr3NUSGePEPj,9350.38161220635,1132280,$1000-$10K
7XKvUkgt1zWLyNu1AbtHMVavfScBnQudrnvtx2yyNybc,9350.365997983401,1132281,$1000-$10K
49UXX8TyHnGkjrLYkvPEgfdpGx5ahuRpmsetxoampiR3,9350.356982738836,1132282,$1000-$10K
AsYGxc1mmrNZVuqwBtW9dwTmYztnsrVH8gtuDyaTZEUV,9350.292352655333,1132283,$1000-$10K
64roXpHPfM3PRScA2f2vF1iwtcdFdhq45bptXqPWNMoi,9350.289030085589,1132284,$1000-$10K
7cKouxxBSFUJHsmXfXFf5FB12K1rUhwk1D3BfWXuBTLB,9350.274773988935,1132285,$1000-$10K
5PLC4ZZa96SVwWADtVgsCu8FBiQ3Z8JTvemti5eSehSK,9350.244085675338,1132286,$1000-$10K
CAy2TXuCFZoWJ2B97UdpfhYqvAspi7mLKi5ovGCAxuLs,9350.221478348296,1132287,$1000-$10K
7QUZgLz4NtawQ6Uese9L8pkvmG8GxyCgi8aMQxE4d3EQ,9350.22072601133,1132288,$1000-$10K
C2hBEWVyYGwtpmUJidAy958dD7uLYnXU6n91mcYNg3c5,9350.204152955232,1132289,$1000-$10K
GXzPU9YvHgc3bSAKDA7LN8TeYD5f26v6ES9tcAAkm6ZL,9350.172449389582,1132290,$1000-$10K
Hm6XBFKdUFK1nMzYYgvBFnjywdJYVHjFFw7BkPfY7SXH,9350.164498981418,1132291,$1000-$10K
5LCRNRAiJy17mLBHM3q33zRz45JkXjoPRtGhVT6cozWj,9350.15496018901,1132292,$1000-$10K
HwUAGwQfc51LkDkSRpUPHY6QBe2VhoPYYW158mG8T2M,9350.146219140692,1132293,$1000-$10K
BGqMYGUEHJFU6oSZpz3dm66UybeDdPjg1JgsAfuohsbK,9350.145146616349,1132294,$1000-$10K
7dmhS3rbPbrBK6BnMEpKwrVt6MTQJJHBMHkAejgdQz2c,9350.123449047658,1132295,$1000-$10K
AWrDSwtmZeHQSvqceiUii5uorzfUsSyjCcf3FDsmNDRh,9350.108644271968,1132296,$1000-$10K
AAkNxoj7iWMCNRn3hrPyfQXNwb4qXGWnX2V1yRunxf8E,9350.10139118103,1132297,$1000-$10K
8tZXoQ8jHHP8uo623uWbMiyQgcdna1gfUHCCzr2YNaSa,9350.076696832894,1132298,$1000-$10K
6L4YXcZzkWxfYqFGVLKkUZ66hY8jHQeYgmGRLwJLNqdq,9350.068557482515,1132299,$1000-$10K
ASx7YvjRz3dDJW2t5GcbQo5WKnjxZbBYWcsTA1MmgVEq,9350.062247791178,1132300,$1000-$10K
5oCXUMRVNw1QkmvwCGe2UgKD4XtyWAtBqhRn4KKpumRs,9350.046325850368,1132301,$1000-$10K
7BTbhHjbZfaMDa5GMsrNjU9Y6zmmEvAzig6LzK1KJGiJ,9350.038174063804,1132302,$1000-$10K
6fgPkLRBLNxf6NszxBy3MjSZFvgPNcyrBo9fCeFmMki4,9350.02880619521,1132303,$1000-$10K
Gx4BNrYkdZdePBmuNrasE5NUVFEtShMCc6cRe9poSopE,9350.00990355552,1132304,$1000-$10K
2wMQwv2LaTK13zAojDYLNEKESbgfxLvitXbfRbcScHFv,9350.000619216862,1132305,$1000-$10K
8K3UeAjPFoRrZvrAzwzmYamGDbSntvqye8vSXcoQtH5E,9350.000577483688,1132306,$1000-$10K
5Dp1u5W4J7tYiKxaTabn1GP7RNskHXd4Ja4h5Q3NwwSU,9349.987173370826,1132307,$1000-$10K
FWqxhRmKZiQ977wtm3D3QRrE8N4AuEFDzdRt8GVL5Tuu,9349.968767745948,1132308,$1000-$10K
DGq6fac3CcEYy7HE4YuH5YcQcxqKA7XXnQRMEtoeYfH1,9349.945611610488,1132309,$1000-$10K
4KuTAGhxmDRKWFhqdaUJt3XS43qycg5oC2YCZooFGcAx,9349.940013563824,1132310,$1000-$10K
1DPt31y7Trz7nadTa7VbRQSjDubxWbpoYkJKaegdKgp,9349.918211385842,1132311,$1000-$10K
9yrfGmTKDQ3bLENWSpqovjLWDF6pSNyq9JhKHsyY155h,9349.87080560684,1132312,$1000-$10K
EtfGhZdXqTbcSA69DgZAdaQoa1K7VSTV9VFysR9p7HWC,9349.8628889139,1132313,$1000-$10K
8dshmUvGs9tQuwpxM9GiWNVz4ogvLmP1om8fhmkJFZ3Z,9349.856875228379,1132314,$1000-$10K
CENr9z7QeHRG4dqDMfBHBuVupdKYf8pJwk13SE4YZ49d,9349.843162965959,1132315,$1000-$10K
EUDCseTHypmUPBdsJcN4uFrSC63UQzcn9KynWMcU38im,9349.837231724096,1132316,$1000-$10K
66QJDhYAYHSXfpwEr7mk4MDYmNv5RChgpm4BcEvfBGmM,9349.813460439675,1132317,$1000-$10K
4cEohkA6tPKSCfqacBsneSAGPxV2wn3tu6RXq4o1GqrA,9349.776986575973,1132318,$1000-$10K
9JkKpkkZ9b2RFyJJ7cZzKgjbXRcy2pShVBDjgzYWpwRN,9349.767210289354,1132319,$1000-$10K
2iAWwzorUCNXs3gsU4nSAVp7JgFisWVFEsUo11Njmad2,9349.753329337094,1132320,$1000-$10K
C6F85Se6VfBncxcTxJBEQjQUvEFttNyLKSm3bj77cjyT,9349.733979846442,1132321,$1000-$10K
BQDQ11TYoc94JUAfgsXti3DEDGcAiWgvgZRZiNNFPB5Y,9349.715796105143,1132322,$1000-$10K
35Uk7NTLy9r5AhTZZgFZ5UEfekxYVSiVVqzvvixt1KnE,9349.703062173228,1132323,$1000-$10K
EcoSjJkr6CwDLAawqV5P2gPErSxSQUqykSRQNfC6sBvq,9349.69286569771,1132324,$1000-$10K
GzKKaVoNffFbhSc8sRZFxoVfPtgWr9crmWYhmk8xdBAm,9349.687763488559,1132325,$1000-$10K
8PeBP3KJJvkHfLsCjATeuDRYBfeh4QCsqGjtHGETFerX,9349.686879116596,1132326,$1000-$10K
CfJ94r3go83pn96ddT7V87pTmyuddFtGDtrxWvGqZdec,9349.683055139121,1132327,$1000-$10K
7rkzwogETQtCN3nyLH8QhbixBZqXGLr8GiSsZWsB2aCg,9349.668150701538,1132328,$1000-$10K
CRvewu3URqQq7AXb7ggZoffFvaDjZdyZBAg51ZsYXuLK,9349.626384077917,1132329,$1000-$10K
BMYWngFqQZ6mZ6Cg17eiBATsn7JseG5iF22YvrBm3GW8,9349.619032034067,1132330,$1000-$10K
5xoQiVeDVtxkJvNVZSUgVRxE71wiETBDdvyoYHwnPPUY,9349.589522649769,1132331,$1000-$10K
3jj4FgWoA3VXtmzXWFFXd9Qy1Z5apa5zQgohMkiohPGP,9349.58474741146,1132332,$1000-$10K
7iRM98PgE6wBJRKxN2pLdCeMJRekNxhZZSicMCWXEBs2,9349.584254957488,1132333,$1000-$10K
HNzqh28RDbgaJyimX51NJaQ46MDyf1FzTdfGgUp6sXkd,9349.581396613617,1132334,$1000-$10K
BgiyxAV6ermG3FEnBV7i9455dLysKJqRqcT8sAN2wta2,9349.564397909508,1132335,$1000-$10K
22cNy9qCpdQY1j6T5AA3Lc2BQNTP88PSsGLPA3fNJGnu,9349.56056710821,1132336,$1000-$10K
25YP4T2V5NgbPT5VCwxyMTCA2y4izvs82vWdZMpZaHVU,9349.560359258125,1132337,$1000-$10K
4N6wg7cmE3ZGmDDs7PYvCciBgkZUuu58KVrzWqkqBd9h,9349.552439165554,1132338,$1000-$10K
5iu67mbPWgJVSoGBuB9ckf8BJ4aPX3tNBb8qhKgZcCWX,9349.542058841616,1132339,$1000-$10K
Es4jL9AXxcd16xbANWpXo88ocjhLm5cZrC3SJw7FbsWu,9349.533011936323,1132340,$1000-$10K
Hg7CvGR4pL4MWG5pje1nGfY7q9S66kns8jpeVMSSeTVr,9349.529799999998,1132341,$1000-$10K
84zHKhjvxf4K2dd49VFnJTitNPtTdfPQthc65xyMK3cg,9349.501941119464,1132342,$1000-$10K
29j2ruJ85anGEndKahKJcCQfRdMMcuBamdU1ZGYEhfQ3,9349.4950012214,1132343,$1000-$10K
5ExirRWW6L9ddvX3hE2VjP142YpxPh9BtFrv5xkc6zzW,9349.466504249538,1132344,$1000-$10K
F5pexLLRkvCwvAHpEd5dBG3FQqmhbyvkqeudvc9vTkfP,9349.46507797604,1132345,$1000-$10K
HXTafSyPQfTMzxfJBFwGU2ra2Rpv36sdg7bsMfh54heM,9349.462837609182,1132346,$1000-$10K
Cd2eTTDkag9igsxCKJGTiToKa4EHk1svmxbuEvWp7Jo8,9349.441133266437,1132347,$1000-$10K
AkeW1KAzYr3M27CNDJ58WGCjzvxr9gW7E2z6VDJsqa6Z,9349.438582296712,1132348,$1000-$10K
H35USRvy6qLq5Sm9UFWHaLEb2rzVc16B13GUCbTYBbPj,9349.410282360126,1132349,$1000-$10K
CkzfGweAJaWb4M3v2RisH3aogRMGFrfAUhRcF3mVcPNy,9349.395503098149,1132350,$1000-$10K
D3nZHpm7S3v9CmAYFfK123SPcT46vk5PU2ZQGXmeQPzM,9349.389882588404,1132351,$1000-$10K
8hvGt3QHxVhPBB6oYfcgV4h5q6RCsoWVfhPf5vAYB38F,9349.38603282128,1132352,$1000-$10K
4fTNALvo3AtE1kCoEMSfVgiRtbWTcves6NvTVB7P14ov,9349.385890936996,1132353,$1000-$10K
7byv5heDYuhogFDx9bwLM7HABmNvS5jzLWf75Ha8VLDZ,9349.370761205082,1132354,$1000-$10K
2bLsBt89WwcjWqLvaBpgVCY8sd1A4v7dv1CYvNYY5et5,9349.324886685292,1132355,$1000-$10K
ASuzGU9cLD1C5AXMduyDjC9rcE4B3UoNwGJuyoeYgk4F,9349.319832923582,1132356,$1000-$10K
BKb4V74aGCjhECyzSWv6my8UvnMtU8PTfRMpCD16bsqk,9349.318609803742,1132357,$1000-$10K
6bqYQHYcak7LiyBdBHYjUkDQvmHBY8HhkzNqWvcZCuTj,9349.281583989836,1132358,$1000-$10K
5UyK2hTrWPDidDTMvy5nMEuNknN9wGhNYcsTFGVf71i1,9349.255720691164,1132359,$1000-$10K
EGGY91Xd9qzzoYeuJoCyuZTUQzN3mbN3NCVyHrGmRK1e,9349.240004650586,1132360,$1000-$10K
GLdNn33PbKjYUwazHna46kykY9MQxbToW3eHbjSLBpzE,9349.223097258455,1132361,$1000-$10K
BV9nEdawWDcDf5kBm6wQwTLP8gX42ectXSN22W5j44GB,9349.217940540851,1132362,$1000-$10K
CqPoFy8aC8x5DRfcuxEGDrsUwLK1NB46ZjRzuYrLF8ia,9349.210074533028,1132363,$1000-$10K
8xXeVN7iJ8166RtHq1NEkL3u7eRQYYQ251m5wJcaS59x,9349.179953386885,1132364,$1000-$10K
9ii3LBXdTLi56vBuhPK1NEaDK1uGjKD5NdtPDghn32dr,9349.15372432684,1132365,$1000-$10K
7DJyQTt8m9FC24UFnFfUsyR59EZcj2iQTAeiPd2RJuKy,9349.152633687134,1132366,$1000-$10K
8aMTuoyw7esMYfqrbpiLjXEuBJAhqfq3iVe34xPqZ1ZT,9349.113622655244,1132367,$1000-$10K
GcPLFYTso3cp7s9ogAbWeMgfqvnXPCJwAhLc2XtcWnto,9349.073524293151,1132368,$1000-$10K
7TaiBaY2GETbuvjWffiiXEC3UVhijxHWQTbaTvorPUjr,9349.069313294305,1132369,$1000-$10K
9Rv7hjRDuTE8YBpsZxWhg7CD6j7peUaDVjeKGhPcTuUX,9349.039981392269,1132370,$1000-$10K
As4zn1VbeQ2Z43M6Gv95P3turyScmHCzX5zgAq1LCJpG,9349.032566091537,1132371,$1000-$10K
H89HPC13SSrUqfNh13zEHLh7xUXeaN9jwAkiw5pZbMJQ,9349.021890621074,1132372,$1000-$10K
3fjeYPvzK73VZCvGghcD5wRvrxa5NJubSc7cMEKFQjFw,9348.999520720487,1132373,$1000-$10K
4QAZVJxj5CkQYL19CuLZYh976v95BXJ4jpypVzPqmdE1,9348.998161076484,1132374,$1000-$10K
2hiWVm8aPioyDMNVZwc65ek3tneCyQ35jWLWRtL3PCyJ,9348.98743873841,1132375,$1000-$10K
5Q9avKNVycTYbK4fZa2mmUNj3e2fFdfdrjVHzEEnnZAc,9348.98602618356,1132376,$1000-$10K
BuCPo5Z8SWuYCWgN3L8ro9fXRt9YknWk8dKZfupMGbkQ,9348.967584748527,1132377,$1000-$10K
8r1RmrC2erS3iRv3n7e3fKDhKFkaRM99y1EATf3KH9Ta,9348.963261166551,1132378,$1000-$10K
2GgnwsyHfGWnHUrBNRcUh3tqH1wk5DPqbHgdkp8n1Qxb,9348.955546441248,1132379,$1000-$10K
3h1vBbEbknuSH9bs87Nn7sn3fGwksSTAALPYk4ahtaoF,9348.954922030576,1132380,$1000-$10K
3Yi6Nx3w65QDDkRSBtRca4Ctktv5EkML3ovvGQcsLzre,9348.949820021879,1132381,$1000-$10K
3bYJmbPZkjtSSH8du5P5riD8PDCG791j2RtAL4uFn3VN,9348.9369377397,1132382,$1000-$10K
3QS5ABDRA7kX29isprCZ4gdifdTbTyYsCdXkjWEMCXH4,9348.91333920541,1132383,$1000-$10K
AFhD8trV2SiNWTggAKwgtiuLBjpo7gp6yeKE1HFU5csN,9348.899036634242,1132384,$1000-$10K
4RUWHc16bWEaz1TyY2c7YcmnhQEBQM7qG48RDAaRAKHJ,9348.894070362421,1132385,$1000-$10K
9LCGRZtf1Qchcm57eRzxbmvnDjoqS4GR8nB1oCs3H6BX,9348.875682708778,1132386,$1000-$10K
FQ1J62YtaR3PVnecwPtLCi1B86LiFk6YdU7wEc8oGywp,9348.86612157895,1132387,$1000-$10K
Mrr5Q5h65YrD1qX7hqGdEYG54Yaqfym81jVV6aKcDFA,9348.80651009486,1132388,$1000-$10K
ADnRvzqyRh62brcPkZH3xzbiYjf5Nup4hh5b8p2VhqJa,9348.799620893287,1132389,$1000-$10K
D1Bir5WLNWdtaAEEdc6KcpqSYJ9cKeEP5Bo7TdfgRCGy,9348.792618372474,1132390,$1000-$10K
8qmyLDUaigUCK9hz97d4HC4xC1usbBGQFQqHhrPgNfbo,9348.79051525626,1132391,$1000-$10K
Eaq1asM7sm5pTeBu5Vd1jz9eH1tdft2UkM8rPnzJdQsv,9348.788866339804,1132392,$1000-$10K
79927BeLRqAdtSFBj1MuzSpoU7HVZomi5MqdFqrZdXXA,9348.777123265521,1132393,$1000-$10K
8snoJHnmRkGAhsSjfN59AVFyr9DHVrNKGTVTUsvwj6c2,9348.745821343171,1132394,$1000-$10K
7axbDtBMoiqeuXtdNTnQXcNmz8yRLVPPoWonkWhCpy6y,9348.71926713851,1132395,$1000-$10K
Hf3n86iw3hWvtTsTvrPcioDgkgoUjGQbJGLLdeMT9LEi,9348.718057867318,1132396,$1000-$10K
5JpZZvy7FjrQtoPdM5rVFBdsFT9ih3eU3B57c9tguNer,9348.67961426607,1132397,$1000-$10K
GekVCZcVgCG6sQ5xqe4gd3F3dh6m9hgLEnBKwhEP24wR,9348.626298769213,1132398,$1000-$10K
BNEwLwvto8u8Fi4VsxaZd4kYhP1L2U5mrKGv9tjXE1Cu,9348.59167672168,1132399,$1000-$10K
3wZc8kKcPifCNXcBr6qyDw4bfK43k1pFKmdWH3ixti3D,9348.588970786246,1132400,$1000-$10K
DqwxCW25JDbde2xEr3vEA4bKmjiPYJoFrbYNgkux5E4h,9348.580422694027,1132401,$1000-$10K
9ea4oBDDZ68A66aMbpgksirFAwokXDSNjidq6zdw4VEg,9348.545156321896,1132402,$1000-$10K
9z3TVi6Xvz1DxaMdpMNkoyDqEygch7pSEjNfKNXeZknV,9348.533488348978,1132403,$1000-$10K
36GcxqLmYovVRUWgMKFX8pKj441VsoctPPQwPjL8RFtA,9348.525821766241,1132404,$1000-$10K
BuhUpZ5yhNfGtERAGxUn8oDtbJzZtHnFeRuHzHPowrcJ,9348.520503627946,1132405,$1000-$10K
vbTwhAkM3mmJe41LBFVYH5YBwNPWp9VDLwo44hBPpz2,9348.504669894319,1132406,$1000-$10K
6TJtcs2p5P4qtray6PtyhY8DnPbmDbr2ABnkWUPaNd3V,9348.497387120413,1132407,$1000-$10K
CVsF7y3tRrpa3JMK6UmXgMwQ1NZSxnPBw6NQmoFuEMg7,9348.450924666718,1132408,$1000-$10K
FoYjdD12EirxRdbaxWwQQ7ZgJyPhjxAfprQEFMjAgDmK,9348.447948648462,1132409,$1000-$10K
DTMmQYfpKCdBg7BFLfNhCf8YdRE1QUWXsyjLHXK7MTip,9348.443472126943,1132410,$1000-$10K
BeMiEP2aN8ucaGT77rPiegZK8Dr7zKMH6iF3o65xaTKX,9348.437404479022,1132411,$1000-$10K
Gv8XQCvAuacy9NSBJWoo5XBT9sFKK42g14QhMpfCJq7K,9348.424075556857,1132412,$1000-$10K
7mqv7cAmY8jDdAE7Bynn5VZyM6zThw7djzXy6MxcF9pd,9348.417343380712,1132413,$1000-$10K
CDYp91ynxAj3YkqNgru26EoaRSs3V92SYWx2q4ZzMhJ,9348.395220926954,1132414,$1000-$10K
F9Yt2jof4r1kZ4MFSRJvzvWCCtVonahFcHojRYRUddUJ,9348.32531196523,1132415,$1000-$10K
C548fb52NC7pCMmYGtUPKxWsjhaN4UCAGXULoiwLNwVj,9348.319036219375,1132416,$1000-$10K
BQMbiyaC65yiikBWxrLaCnoQvMLhMd35GU6wvzhM3Z3G,9348.314903318222,1132417,$1000-$10K
2kzsauyDy9zfP7K9gkVk8fWAbJeDSDiLrSZrELUYG1fF,9348.258490361162,1132418,$1000-$10K
FarhKTnUuE9TnTZNJTm9uqRJwjtwzwVMSkNrAZn66pqi,9348.208535850774,1132419,$1000-$10K
GHtievFFo97R5hFYBatkAo3CmCGfuLck1Yyq8Pe7Bgff,9348.208049580639,1132420,$1000-$10K
81ygah4d13zaCVFd4MR2gB4QA41BFABo4xH5W8nvpPik,9348.205174602279,1132421,$1000-$10K
8ZjcFuzQBfqRVUkgUQZBBzrHgt4uukaibSaWzJhgUVmc,9348.197286433213,1132422,$1000-$10K
HPbYRE2Bz1Tf9PhajodJAetQv9cUDu8H7u77mpDvNqn6,9348.195973012816,1132423,$1000-$10K
4ykgf8TPVWTwnBu8WkmXDSiuz2wuJmUGaFWR3sSWAFYL,9348.189017183839,1132424,$1000-$10K
AAvZrYEhDVUusBN4H3t3b4PAcpHXMB9d91JaHYbXmRUK,9348.18643031272,1132425,$1000-$10K
QiXt5g6cjpttMeronZLoVhW9goP5p5L3N9v5xm2Enea,9348.153400549514,1132426,$1000-$10K
C2sDYhfthSJVt9yJum9w8QVFvFJfsJ8e3GbrehmkigD7,9348.128198187469,1132427,$1000-$10K
GixKgC9Xdq1ZMykGdpYLrBsanXoc59R2VH94mnmXUTgw,9348.120904013733,1132428,$1000-$10K
9t6XnZLtnkTHPvdA7FfNCLAnaCxn2VuiUH6cnrKrNZ4D,9348.11692659659,1132429,$1000-$10K
FCrLzWszKg5Gst7CebqZkPBHraRGWso7jm4R3BXnfQLJ,9348.111767534878,1132430,$1000-$10K
FRrUmFK13Wx497yf7XWXYVoZ9XM2dpq1QXdHskYfbWfF,9348.09851709924,1132431,$1000-$10K
95sAuiD1UvoXa6dyx7F5pqJYQfbVJoTsVZ7ZtjBCTdjg,9348.060055822638,1132432,$1000-$10K
8BgkB8QpCGzaB3mFT8dzgC2EnvF4iXGmuevdnpxXnTZo,9348.053046950967,1132433,$1000-$10K
6NBnfnaMZSc6jKqD5cqsetXCvvH2E9cay5TvUHXnsuHa,9348.040226637158,1132434,$1000-$10K
CHdQtAo2Xvrbs2ZLMYcayZsoxWqTmLbg8S6Eq2EsNfTr,9348.029875832086,1132435,$1000-$10K
Kcyg24fgckBUNTbmufD4JrSADwXUx6qNeJVmLuJCQYB,9348.009314630173,1132436,$1000-$10K
FUYFdeqqT9rAXbv9wnrbf9yjonThifobFBSHdLWSiXQ7,9347.983117532327,1132437,$1000-$10K
G4PuXmXP1UgAQrcz4sKZ95fH51TSDfX4N4edoSJrmdkD,9347.964644295833,1132438,$1000-$10K
DPcdWtmj6dyKTwtrTeemnjz7bsRGs46rAwsYkyvgw1tZ,9347.94167048171,1132439,$1000-$10K
FbiRvGqr2S3y5TNLawCd6WFz25F7u1XpWt33EtE4WrbY,9347.913270655836,1132440,$1000-$10K
52RePrTCVdsNte5wpW1GUE6TZ8YoMd5Cju1idwqfdBs2,9347.892992624766,1132441,$1000-$10K
E77z1k28MUX1LkU94sCfYx3LVa98hfCeLYWDu5bcSij7,9347.861652910198,1132442,$1000-$10K
J5wmVrAodM85KePgMfZ5nNyoxX59UvBtZQr3abTscqEY,9347.855007703609,1132443,$1000-$10K
7B3s7yVH2TmfV3vCAaXQgFy6z4oF9ktrp7UDcUtAN5hx,9347.84891190619,1132444,$1000-$10K
6c8LnsgaB4pbDc9riWUsaeSpwXRHKFr1Mi6ikYdKZ65A,9347.833828542394,1132445,$1000-$10K
A4dQdEwgGCTPmLaREqY11h1QFyJ2mT4W6V3mKGH2jzZE,9347.817215575911,1132446,$1000-$10K
9aAVdqT16ff6V7BbwutdPKMdpm3rMwubftRt3ELCDXb7,9347.77851259706,1132447,$1000-$10K
HeujctovexU4hzcsHbwGKg4efqiCfQ5uEyyTLCQnEEX5,9347.763382292074,1132448,$1000-$10K
3hVdr27ZswfFqW7k6CXpbPKwWmz1s4MHFURuRtsAPVGo,9347.75741892606,1132449,$1000-$10K
FD9kvAT9997iSWqvA2MpdnDsspiymFevcGDi5fQW1XhS,9347.75017761824,1132450,$1000-$10K
8e7WBTHdSjPgoLnKiMw6BZtNr1CvwbUs6Gadyp6uSxo8,9347.72095423067,1132451,$1000-$10K
JCjx3sEbtnYnR4n6pcuVP1uAN6eyy4quYBfFkxG6MuwL,9347.6910017071,1132452,$1000-$10K
ENQBQR8n25b8R6wmALuhSc9YA63azqod3Qm3tQwVSmnH,9347.6746461559,1132453,$1000-$10K
GiVHiHyJ7bgbU2XQSRQyGaepoAY3QPiJZ7UqZ3P315gd,9347.66905513226,1132454,$1000-$10K
4ux6f6HL1ApQUuFq6kbynKpwPeR8h7mmY9cJYQy6Sb53,9347.6324386749,1132455,$1000-$10K
nXrFaUKUKYx64EWdiJpzXfo5rofAhdAHCgyKVvu6DFY,9347.616651267774,1132456,$1000-$10K
HJSX5fLTM87jddu5GysbEZagdAKXHXrjEtJbGAHw2kVN,9347.572223927658,1132457,$1000-$10K
BFdZ5peK662snXyS9u6q1bDoxM5vyvy2g7GKVN1WUTfX,9347.564821002943,1132458,$1000-$10K
6ZXbYntZQoCfG52DTqQM49HXgEJWvY8DzqzjYLi7UqYh,9347.548608946103,1132459,$1000-$10K
D9vJXDVCpkp1LaXjLihCZtorjtLJcvwfjsD2mNnn7pL9,9347.526979675034,1132460,$1000-$10K
AZcjH5P19jGoxy9wgW9svEYPRgLjvJ9jvJWrgLtY8cdL,9347.512409600029,1132461,$1000-$10K
CCZGCXnoVNHK1jBJTP9t51buvHzDXt4zeBnh9imrSGDG,9347.50076099415,1132462,$1000-$10K
FNM9FaGcLDti9QNETGjHSChnPPT9v4raW7Qth2Dp2b7Y,9347.49802744911,1132463,$1000-$10K
aHPGCadiWmBPhgrxpcqeh2d76Q3oHrxARL9vQwYcaat,9347.489695285443,1132464,$1000-$10K
H5kzdMtTcaz55q83D5PaTLCy9PqNzugu4VKQxEDbtwSd,9347.464779167454,1132465,$1000-$10K
6VevRtZ5ksp7gxmZJSDmf4ngRfyBxdQ1bGvNhX6PLhqe,9347.461474782749,1132466,$1000-$10K
BdCdFaxv5xzYEaWXGYCxovLdDYYTJ3GzgioUWReVzHMG,9347.438437601864,1132467,$1000-$10K
Ajdbz5ojSEiU34Qh4154cvdHRe4ya3rXV1mJirL3oLNv,9347.436777110119,1132468,$1000-$10K
7qEqRKvTGcRXFKdWtoxcpWv19SsPzsho4EqUk7jtAXfU,9347.436709678628,1132469,$1000-$10K
3wHHr55wgYyNvZ4PvsXmDS2cpbbJGbXDuTHpyrUvFYAA,9347.41362388929,1132470,$1000-$10K
4hrQBLQNuk3eLenPgyaaok5TbAUsRTmCEF15AzaNojdk,9347.408219577022,1132471,$1000-$10K
BDuCfpY1gbd2UCjohGbbiPnBKSV98WvxiNVT6t3dy3FJ,9347.344534670334,1132472,$1000-$10K
4ZFzMdqWhU4FipWo27L6R4Ax7m7dcP3c893UoXcie3QM,9347.299217794982,1132473,$1000-$10K
DW4r2tvSqpD6yvtJ614FLJknV9cpCpNASns44MCaQQaU,9347.298060440238,1132474,$1000-$10K
3adyz2NwHBCcXDAfpDJ396D1jXXpkSX6YaayVFZtkYE3,9347.297879440524,1132475,$1000-$10K
HpQ9Lk5wqbDy3HSgqDQipPwXjkVnawnY8GkwAvVwNzJ8,9347.295290710206,1132476,$1000-$10K
5mhMHyvn37qDKt5QHoawjHkxoPFJMDvwfv6LbD8zYZqq,9347.277123425816,1132477,$1000-$10K
CEKTECod4fB69TXKA9sNPdvgczgoLeMQQTEZCE3sFGdX,9347.23028072824,1132478,$1000-$10K
6XBU75xfJG2Vney6WYCW1CJ6B48W9x6QXQi79PyVGTi4,9347.22646126901,1132479,$1000-$10K
6cJ2YFaj544pxx5MbvUcJGBzTsbETR71uviCCU7EaakX,9347.226448534271,1132480,$1000-$10K
FuxE54tQTCxTasRF54bKLMYceYNzqHbWjEZ835NASetn,9347.225727436202,1132481,$1000-$10K
Bv6DYwrQQY9fcAZZKxTCRgPjWyS6kUMQgkogJPtAh4wj,9347.209875768069,1132482,$1000-$10K
HkwWdYmWx7hEjxBURAuEkipnZLyMHQDy12rrGNDp3LHT,9347.189029369802,1132483,$1000-$10K
8pdakNK4jVTMEtDwtCW254b2DyfGEHSaNAxb5hfP4EMA,9347.16921030443,1132484,$1000-$10K
68tWnXapGKq2rh1Gw2Vn5fTKoF49ANhbCgUkE3caoCw6,9347.14812122397,1132485,$1000-$10K
5fdQAUy1aHEXQG5KAZtniTZ1fERHZTCbYtg2xrjnwXtf,9347.097528677377,1132486,$1000-$10K
BDXzZY8KizFhNeMsK3rqE482QkzjAUuFkCH8P2Evekzr,9347.09072453653,1132487,$1000-$10K
28ViifzombMwUsVEmTvSYJE5MbPDa4vet5mQvVLcvHuU,9347.078625413958,1132488,$1000-$10K
E1pxG93UaaxJyvnWMdPy6rVFVAz7crHqRis9XmNV3wt,9347.07663891289,1132489,$1000-$10K
82T3Gv9cgiDJ8NV6dpci99aUcHMe31DBAa2Gd4p9gLGJ,9347.07483242364,1132490,$1000-$10K
2AZkhsWf215hDFuh3xP5fVSNTtbdgoqP1FnkqrfVJxs8,9347.055099467512,1132491,$1000-$10K
F2fUsCPgadYT6eGeoMGHtVcScp4ztPtntLfwYLGBiR2U,9347.033571577,1132492,$1000-$10K
D5cRgEJEW1c6kUkWhjLsid1SnGkPSRCaPEZr4w5hWUwq,9346.996309468199,1132493,$1000-$10K
9TcyJqJbFgFGng8c9VYMJjmmA2PTALTAzLwq8uYjqudZ,9346.975309676936,1132494,$1000-$10K
Fzcv7gzkNCZvFiSscmTNJKqQfE7KHfK1NV2TDeecZGAx,9346.947978728123,1132495,$1000-$10K
dsBKrPGK5zTwhC7N6TPMsQR2bVaaM9yZYDs7kvz1EEQ,9346.93652276883,1132496,$1000-$10K
FP9RKzMmpUXfeKgdukJyEsFb1YRshcajPDBCmpUrgDPW,9346.927632879017,1132497,$1000-$10K
DC5Bu8Q7oznvehDaF8s6NxTZY72P9pmRhhYR6nnWDom7,9346.90943613508,1132498,$1000-$10K
3HhEjGhgxYHn82xBUizFyPtmZToNrjTPSeoWzF8fQS7Q,9346.90477711393,1132499,$1000-$10K
5yZcwHULrQSLdRzgGDSjpWkEZCDst2hV5Bt9Y2gHqkdv,9346.903518953533,1132500,$1000-$10K
4yeUyYAXNeLr97s4JwfhhCr9GyC7bJC35HLLfa7u3Ded,9346.858162674534,1132501,$1000-$10K
88rMHNKUfgKWaB7jMkHu2sbHLv51AGZ6S5C76sSRYx6N,9346.811762429998,1132502,$1000-$10K
2mgTZeo6W6Wt494WiWLihhRs6RvgdgF6vk9iWsY7KCJk,9346.804941533897,1132503,$1000-$10K
C2oKtt8aHERP3j8kKyaxzm1bwQoH1845nqtLn51PFKL4,9346.765107541201,1132504,$1000-$10K
2mQrm1WN1gpn7TKtrsVmxhQReAXSJKtGTDLRVCsYGXZ9,9346.76159311543,1132505,$1000-$10K
4LdDwab2DCm5w2Y9oiCxzShXdSU4gFCDkAdxEVYTiKpn,9346.726926189425,1132506,$1000-$10K
GVuhJWUH1NkaCfRpz4b6nMqrG2TLEN8jK36rTpP6gg6L,9346.6939746752,1132507,$1000-$10K
HQ7unhXhTULsnCW27mUvJ9F43CwQZZHxc1oMsZPk4dHx,9346.69263783996,1132508,$1000-$10K
GhEkvfmp9mco6iyhgnY5JvLgu8cXmsouRjcDTWVMVJTv,9346.67377479682,1132509,$1000-$10K
BWiuL3241Wr2rKekE1gGFU3QoWK8LaiH7u6LvKFatJHX,9346.65381461237,1132510,$1000-$10K
HHFpQ9U3FYuxeaVutsuaaL7jNitqP1eU7M6NhXtod71K,9346.64208124254,1132511,$1000-$10K
5DRmg75LRzNm5ujaS2R4uTxWtdhiK1Z8v9rbrqyF1FC2,9346.628099351305,1132512,$1000-$10K
DesLX3kR3F7TCk5T1eyEHBRuWCNGX1qAMF4TBP66eoDD,9346.627429627952,1132513,$1000-$10K
wBL9EFNBZphgUNjWCdB7KUoeai3FuQ3Gx73T1J5pMdb,9346.624683764305,1132514,$1000-$10K
5TgikxNEg85RUN7mdTTT5iY4n3YQwms2uR5ZByMauEpJ,9346.606840087621,1132515,$1000-$10K
86uHxgh13DLArQ8pWmC6JwJBE5FxRwJUrX3pT4e4pRTt,9346.526778761987,1132516,$1000-$10K
2FVjeh2N8cPRaNzCqjRNcBqZs3MX6JX5SZwQohzkxxm9,9346.46004741812,1132517,$1000-$10K
5vTD8JjGKGTeTVLwD5q1r1hgDQazBj8ZfThnzbwu2GRn,9346.451212979788,1132518,$1000-$10K
CrqdMb7PyAmF13pKquheN2s6GPR2MQPxfjPLJNFRPz2s,9346.442866565143,1132519,$1000-$10K
54xfujDivpXjs5RwtUbdqQfuHWnu9oTpY3CyUav65K4E,9346.442566754862,1132520,$1000-$10K
6LHRfcygjHac31fRugd6kkYafyDCut9yJhCYv5WpfVmc,9346.43328935931,1132521,$1000-$10K
3xqzekHvb3gKixWDvczimdXSXXNG4ecMDc4MYrC6tKUh,9346.432420946312,1132522,$1000-$10K
87mRhKR56mX1K161EV2Kf7XUyuVs3aCKpjs93f9qWhqA,9346.4128027201,1132523,$1000-$10K
74i28HYfYoXNFAkWh5ea9EPUnrRkNGRuZE3S9sXtQURy,9346.384821574404,1132524,$1000-$10K
3JZCfTBz4LFFrzENHPYwr5eZS7aQDuaSoj9ZhxaT3WXY,9346.364466601251,1132525,$1000-$10K
D3J4WK2h1DMErZoezSN9iUkX5mhBukK5DdjHbY3S5Hnu,9346.355642612243,1132526,$1000-$10K
Fq1cLd2YaKgx2dbicB6WTDDg1D5NRGJ7LZTqJuysWsXj,9346.313057444868,1132527,$1000-$10K
7WU9YBqsjeTSx325hk63axVTZ8zk98GqyPj9rTuTEJtb,9346.295402840164,1132528,$1000-$10K
9ZeEWNg98UTH1qWBAHDdyHDTAc7eLzRppi9abyZ7Bqqw,9346.2721124021,1132529,$1000-$10K
9afj7o3fni8FezBHUMXNKHZXDErx7hoGnkdZ26YjtXbN,9346.2508638199,1132530,$1000-$10K
F8dvf1jzJd3qsaEkgPgKGMziJQ9NpvWtRGiLGY4XJAoa,9346.24077470684,1132531,$1000-$10K
51VTEwwB5jv4LpsnaSdA8BzVhfrAth3YdwjdRKMMnhX1,9346.238086085123,1132532,$1000-$10K
2b7WAecLpEuFJsiCPtfskf4ZG2pgAWyPKT9GFChRMYji,9346.188472607477,1132533,$1000-$10K
23g3RNZozCyWsBzr1s23cSzEz1a3uWE6GhPDDhg1jT2t,9346.178062781344,1132534,$1000-$10K
5pfAnMje3YbZaLgbdW876ar4JFgRx31RX1WugM2jPpiT,9346.135525279207,1132535,$1000-$10K
7A3znsq5UvJogCAX9cwY7i9BCbDtquzHi8VFHUAtKrdF,9346.083010247165,1132536,$1000-$10K
ARbtF3poirKp78mmGfPkEpCvhxcf2EpRHJ6upa98qCW,9346.070791277234,1132537,$1000-$10K
FArJWqwJTqVEhdW1WRRQ4yeV2dkTAvwANe6MsYDwNciu,9346.068114652484,1132538,$1000-$10K
GEwzSokpungSECknok3sdjcdEFWSnnP3cM6hveiLtwHt,9346.064829059895,1132539,$1000-$10K
Bxs2MCas8D8gRa5p7RzCXnQmdAHX8Vas8j6K1pUrPrrz,9346.044225535541,1132540,$1000-$10K
EPcb5V3kWMhipg5u7UioAVg2MkPvni81MGFww9rfcjs5,9346.041015795652,1132541,$1000-$10K
FRvgMrRHVTf3kZNUGDxLUxsKHXT5Ay3rfn3AkvoeHSj5,9346.040504014,1132542,$1000-$10K
HcT7bY6mL4CrhJwKFEGMRr8qKkFV9ksCfqY8Qog1ixz4,9346.036224250676,1132543,$1000-$10K
7mrV4U7v9RfcW2F76k5pfpXYs9bPqmNPQjc9av8D8pLe,9346.031757734265,1132544,$1000-$10K
BHHnhntJWLAPm8h3iKXK4WK9A2nAkNx7GNpY6BaBVwHW,9346.030575055092,1132545,$1000-$10K
63NQpUzjjrwppjdqxftEAj8Qia8FDszojBFqQS7rpAFr,9346.027452513343,1132546,$1000-$10K
7sToVqu8rcJreYUbK571inNyXiMXMBX68Nqvu19k7nvc,9346.025665015226,1132547,$1000-$10K
A6tqDkXJ5rXZxeXDSfPCayKBL8wdMDQfW8a7aVDX4Wid,9346.003620924506,1132548,$1000-$10K
DGh95PLiNfPWT1MudKH2SpGBEGguvK3EaiPc6SfamCuY,9345.9971691334,1132549,$1000-$10K
8uk6WsaBTT7EHnBrzfbkx6BN3tuZVMn3NSdBUkDfGB8L,9345.9693133752,1132550,$1000-$10K
Gx38hPngJKorZiw6q9t78v2ouHW8oBDuwEeC1zTnpgHU,9345.91799401962,1132551,$1000-$10K
A1GuHsNwDuQ5gNKUiUHVwLYNbojbxZBttRB2GKkA7kkx,9345.90529307812,1132552,$1000-$10K
Hx1qCcYzPVzX5TEMnqEKzpSvjrYP4eWVTXkMxhFi9hB7,9345.900574684083,1132553,$1000-$10K
B6UzBmL4L29LsHMm3VeummkMgjfCzzCWLgaJgCCUpq1N,9345.87199607773,1132554,$1000-$10K
9rbXikMZNFN3cwRZyykUzfWUup11jFd4uMofY88SXGPZ,9345.822352099953,1132555,$1000-$10K
A3fcEBpN1g7xjZte8hTAt7NgPT9Lh9WvdKEb9TogSTis,9345.813598190372,1132556,$1000-$10K
5ANwaA7XvcRoYPa8vGPyqCgLrFoXC6g1DxScuGTYgxYH,9345.797919536013,1132557,$1000-$10K
EGUGpXD2hE14RhQSLYWV4L4KokTFcXJTEHCBQddzevKJ,9345.79568921451,1132558,$1000-$10K
FYUA8VTbgH5iFb6rjnsoG2ajMx4QBnWzw3Zuertr5DeF,9345.766139590009,1132559,$1000-$10K
4uQRiWauY77VUTwYN4zGomS8fRG7t8AzyRKJ72oxRo3b,9345.759540007297,1132560,$1000-$10K
Gk1weB7Q1Tc5hmDjFs1t3bkZ2La3TDQgBLUFNru6h5To,9345.729223898643,1132561,$1000-$10K
Nkp4kBPxzfGHnkgGtY6kJf2dTJceatqesiAwzeijUMt,9345.726956599905,1132562,$1000-$10K
8VL16PTQkXF471bt9gx3SZsETNceju145zfPMYmJZUyy,9345.723963171062,1132563,$1000-$10K
HLfzzngwYiXXqCrp8x2Ko7CrGYiEMasoTmuoEf4Nn1Ti,9345.685559798696,1132564,$1000-$10K
2xvZTzRoeAXU1kSdERYrr4wHTfUcPyM8cr6uVxp5aqjj,9345.65228793714,1132565,$1000-$10K
DWPGiHxAp7VY8ZR9C244yohpBjYoFfRxyEfuFgHdF7QF,9345.628519459277,1132566,$1000-$10K
8vzjmSoEsEGEoSMm71oUt6VsFrqe8hZyE9EskZVV8U8a,9345.622536023473,1132567,$1000-$10K
8auYmhWsfeSA5woociMDYtjheBkEZ8LxJn1Gft8EA7HA,9345.618491873796,1132568,$1000-$10K
71Z3ofMxUJ2QSoWXiVhoE5hbob7xDRHH39W9KVg9nXFG,9345.59416424683,1132569,$1000-$10K
HVLMMdE3z1ub7UDiGxjMsMHznq1wtxQufUdjEurkA8cm,9345.59137857994,1132570,$1000-$10K
AZigJNzri5Rb3EgsicgUX39zva3GRF7G1W6RcWcJxkBU,9345.522934547691,1132571,$1000-$10K
DJSzcC2Bkns6pBjdGDzvb9ZZ1NDTsFEZKP8DqPskwdDq,9345.521930322164,1132572,$1000-$10K
HqygvJ3j2hwL9cF3G3iqY9a1V3Mjgu5bs2Azut9ytp22,9345.502007455618,1132573,$1000-$10K
7oj2bE8c4GWGpk8aFh2gYVSsWMgfiZKqHzaA1BZGiG9m,9345.500030099061,1132574,$1000-$10K
DCtAboFsfbJeFpraDhTbSC4SavfBGLeuf3pjJ6TNBqzK,9345.4861818934,1132575,$1000-$10K
2bnnsYe6h8iYpP4mqnRFcfNu9iTAaBV41r4DZVej3trV,9345.486135626565,1132576,$1000-$10K
67a9uo4f4UPjLF6NmMFV1jUrTFSXnZAkTURGwNTE4HMF,9345.479152056505,1132577,$1000-$10K
9EZL36HegzP6Mu1AD5Q2VgLTKGfEBcTCtxxmqPkLJLEB,9345.478572023181,1132578,$1000-$10K
GSjcDJxDHNqozCBk9e396vmewmcW1PpTGGYfy4Jkqif8,9345.47581564385,1132579,$1000-$10K
2rJ4uM1hFSzmjsFDtXrNLMQxA3QBedKEpwtThtGRzdpK,9345.451127518185,1132580,$1000-$10K
3yugfir2xhYTiSMQq43AFK6kGSGxx3mYAmH8Pmsx3VZY,9345.443177440098,1132581,$1000-$10K
8kto278qatnDkCe5FHNFy6EmM5DwkpY9EsAaRsX47P9R,9345.442605407152,1132582,$1000-$10K
8azHT9jeibzehQcYwUSjL1RJLcnXTybP77ykEVSUy8sY,9345.424015672907,1132583,$1000-$10K
FwUoXTUWKXKUTcwPQG8oDoaXSkVLEg5XEGMq6zBbv3m9,9345.408508790762,1132584,$1000-$10K
GHs5o4Sbbj7btXqDg8Yk1gaBXj5DH9W4RKRuSEYqq8k5,9345.401973458302,1132585,$1000-$10K
4xvQqRygq3S81hhbuhJpf69aEUp37WTtPuBgVvzGmhY5,9345.373820731907,1132586,$1000-$10K
7HcQwEk4Ld3HpsyZo124nGGSfyw9vTPTy1QbhcX11M3C,9345.339844974389,1132587,$1000-$10K
GJyrTzbmxTNogpckpAGoh2g7fGBoFSVpTnkiWwNbp2rY,9345.314117652822,1132588,$1000-$10K
82ToTS2eZuF4BV2E98eEbdAH68MS1t4LGokXEzTknGpz,9345.271725808334,1132589,$1000-$10K
26T5HH2gmf1N9TrvmotZUATCKzZnv4YSEA2Ycs2D7f4o,9345.265903533973,1132590,$1000-$10K
8jLPD21Ko7D4L2PPtxjv4jDvxtVVzyiKFcq71CYVSTDM,9345.253755789692,1132591,$1000-$10K
3Qw6rvXr1TRX9N6LkpxnUhXVj8Tmwhx1qjE8fHaLzB6R,9345.228816911562,1132592,$1000-$10K
7au6WabZ7KVSgRkDkbWQMVtAMSLsqSSK6eBsmR6BEL6Z,9345.204689922266,1132593,$1000-$10K
9NQ1FnyG8NDba8ZGAuma1NxFJvqzJery4LYWKo9wd9Zh,9345.141055093107,1132594,$1000-$10K
CYN8n5EwP5dHLCEApPa7K4aRD8pPRZHzZ9X3cb8TkAMi,9345.133688084792,1132595,$1000-$10K
7hkeYcqhxTEzYSfFJAo9KDaMWW1rZUf4sk81RBhymPZL,9345.11226033652,1132596,$1000-$10K
9pZiAL6YraRLY9S8FxCth56yXnQdMFm2qa68cLWaYZs2,9345.109004585174,1132597,$1000-$10K
CuDd5jS5E3ZDMtehVygAzpCRme9H6jiYS8WiZwg1BndQ,9345.068827875502,1132598,$1000-$10K
H1xCxSvWFNXGqznvSiLzUh8fqe25HxRSceMDh5haYvdY,9345.062867147957,1132599,$1000-$10K
D1LyQcv15ThjMYtYZbd79EkjeHJnVcUE8pBxwrx9pDNU,9345.061851718308,1132600,$1000-$10K
6jQgc9jnWBoeufm7GjVL5d5fV26HgLBtsZ3hw3QmSDPH,9345.02743624234,1132601,$1000-$10K
CDrGBrzLWczThzgBv7ToA2GvzFjSzyKwLxvMxTrgyoPe,9345.004914645786,1132602,$1000-$10K
8w5W8Fd69kLESNd3AgkvrwabCaN9cfuoWFhq6bW596Uw,9344.964118677428,1132603,$1000-$10K
HdM1RxDZs5XCtMfZBehKYmXTssfdMZY5Kp2nxk3DDTCn,9344.926657625969,1132604,$1000-$10K
DCvDcjtAhKAZFgNeHZ77YoaPFsh3NtSyLxrRgFojKgva,9344.922640809382,1132605,$1000-$10K
7AG7SW8dVCq6nEWJvSqZ8JqTNpWZW6DAvAWrVLM9gpnK,9344.904543083929,1132606,$1000-$10K
CPHfafWV7UzWT7cQ1FfiH2ZJ24GVoHaXn3Cf4mcAGE2R,9344.897672985899,1132607,$1000-$10K
9KtQ4SbNN7tWkmvvQU7GCRErw26LyGH3k7B6mVCHs1Ha,9344.87799532535,1132608,$1000-$10K
BjKiPDQkNJMFB7UtPgUvdXmCsnBLKPdqi6Zgf7hPvQtV,9344.86435969225,1132609,$1000-$10K
8Tst1kE9WWBLD6GPBE7VKnsPdPQjKcgeq451txPr7icb,9344.832459137058,1132610,$1000-$10K
CwGH1e63ky2WVcE44KcxHfV3mKVcppjWXBEss6DKWX3R,9344.81950544052,1132611,$1000-$10K
3SHYQnn6mhWVFH3jhEPtBCL4KxzDujuct61FE8eYFwqL,9344.805238634497,1132612,$1000-$10K
A3D9yKXF3dsH5oHLgZgY2G8MDPatp7znHDTwjRZTbFz7,9344.802714805272,1132613,$1000-$10K
BCWTydV1XWiqSAjRWi7bfAgToQHU7Hv2jMCmvr84JdYt,9344.773552764353,1132614,$1000-$10K
HCsU3a3vTPYtaLirKZEurFuXbqVJmavL39LzjJrWdAA3,9344.736731286017,1132615,$1000-$10K
j9mgiPbBdmxpkxHPwh28tiFp1Hgi5kx2B73jibguxBa,9344.722851449866,1132616,$1000-$10K
HNU9YGuDTUUfqqnJD5QR9P8gWvygi9gQHfyhtUZ3muZR,9344.715243776198,1132617,$1000-$10K
6PKuzJekBQBcabfsTVWQVKdBN4MCi8c4ynvZrtTVviqu,9344.711861512871,1132618,$1000-$10K
DgkFxGYVdnVJc5UAxb1bWVFuXDrEuXabgZ3AfwLdVEUZ,9344.689726080047,1132619,$1000-$10K
ANrFwwZjTrnjBwLQG3mtMWPzm9ptmmmQ2BkgozwzX3fD,9344.669671258778,1132620,$1000-$10K
8AQRvuvsAFkSTuWQEDNYXm3WX6d5TPa5XTJ38EpQAcaM,9344.659705137718,1132621,$1000-$10K
JDwfSU57aABPrna6UGta9cPiPP3zhe5Wy95k6vJTQhus,9344.638433389282,1132622,$1000-$10K
EboY5tKU3nwVgpGE9PrG476nahK2HJyFs97GxLe2xUUH,9344.61301675651,1132623,$1000-$10K
GeGPSpFz8qthoJADL6hKPqfo9QoMRqG4akGjUj7UFp8L,9344.596073489964,1132624,$1000-$10K
H1iht7ACN1663qjFUxkrH3PFXoPPhg23tPvGRw6nFJD4,9344.563486618219,1132625,$1000-$10K
Eaqa978ePSdBtDM9jkVx3YfKBh2HkKfNHP2s6YmGQepa,9344.555216655222,1132626,$1000-$10K
ArK28JTRteo5dq3XkVyHYzbyA7osAT5ATx5EuzkChQ89,9344.554915348905,1132627,$1000-$10K
5b9Zq9CUaPX86ev5mr22gJa2Xz9JTvKk7YDRoAhSMER1,9344.53051462286,1132628,$1000-$10K
A5ihkkoqpAehqzvtrF5v4DtsJNdCP9NH8GhkW7NRpXpM,9344.448608326502,1132629,$1000-$10K
F3mpRPtjzGVCqyZ6AmDi9WGmDa2tn7qmxc7c2WjFyBLE,9344.430714995198,1132630,$1000-$10K
52oco6HJZEZUxMDJE6UFpniduHHGorXP4eXroyHEKgX5,9344.42634711863,1132631,$1000-$10K
FbciR2oeDn9sCLY5mZgSfDfZZCtB7AUpPbQbw93hvhTv,9344.410046022283,1132632,$1000-$10K
AMY7Y1Kqku7GknVVpYUE83R2aVhjhFx536vTyV7FWKFW,9344.405455059552,1132633,$1000-$10K
NhKUdPa11qLFC2eF9PK4y39GAxHSDfxzBMXHEjhYE8K,9344.37218752726,1132634,$1000-$10K
4WDXu5ahKx5wW4mRGrxNgsHtzwW3Jo3P5yWve12su8eV,9344.36054210462,1132635,$1000-$10K
waG5VyhWGgEXF6kvN5ZDyQDkKJJ36EoFUhY8Rjbi8nM,9344.33612497128,1132636,$1000-$10K
BBwxUriLmQDJiw86tscDtHy8cwsaTb4YovC7CDpYMDma,9344.304131107741,1132637,$1000-$10K
8qH6fYF64yiEBseWSFYiunGxWGqfqKJKTsGmQaJYBzLv,9344.27954774379,1132638,$1000-$10K
6tvBHyo9mTVbXfwo9JkhjohHg4gYqcD5dETYuecCQa7S,9344.256324535127,1132639,$1000-$10K
9yjS11uCG6NNqJyLKad4h1s7E9q7cdPQ2QxH5RKuH7Sq,9344.251822920549,1132640,$1000-$10K
9U3jVGbveuAcsep5w6GGR9xUaAse1Zt2yeDQfAo1dLbV,9344.24842868968,1132641,$1000-$10K
9WVowXRoQTeT844GyKfE9Nd2iZk2mT9JSNEx1hxYDv1Z,9344.24095984702,1132642,$1000-$10K
HFAXdpXQEtod2KmRXp14aQppYA1jdNGmMYtUhWgxWxCJ,9344.224532515038,1132643,$1000-$10K
G7VG2Jm3XreKNQYj1AqMHgdpQaWGcMrTbha8Eo9GZ5fh,9344.209760900121,1132644,$1000-$10K
6GXt8yAiRJYiNecQFhfQZuS9fiCK5ktNd5bpJugLBihV,9344.201915883508,1132645,$1000-$10K
FUArG9xQitxouEHs45v4KqZADtvD614mCwH8wRTo3o3P,9344.181756746353,1132646,$1000-$10K
Hpa6Eb2GPsL8zuAzT6Pp8V983jq8gLTXMdoePVxAMpy,9344.17871720959,1132647,$1000-$10K
8YzMXAKC4m9LHnkiPR2mJ6HUWDnmV2RwNCV4BYYNQGMX,9344.176110032438,1132648,$1000-$10K
8DcFrxx8dJsLv3Mcxc6rYUd8ATakjtkTgwWCN1wEbvb4,9344.1556966009,1132649,$1000-$10K
12YBAiZVBfBSuA3inFBNmEMzC3dJ6ZWJ9DTvhS7d7V8R,9344.15277556258,1132650,$1000-$10K
Cak3iNpk2yndbvi1aGvw6paMCA4ecSDs2Z8XZCKCCWb1,9344.087219117488,1132651,$1000-$10K
2hz46K1Tp1hafLEf1rBHVhg7w97UmxdibHLNxVxrL8BL,9344.08116632012,1132652,$1000-$10K
2Wn46RWzoGkad7juU1JgX7qf5c1ndqpX76eX3rb4Vbcz,9343.994270203193,1132653,$1000-$10K
AW1j8mgRbXwrUmTJiPwFennTmTYMU1xEvvHHg89UGaiZ,9343.986612632936,1132654,$1000-$10K
EBTUizAX7b9ovKVrwcMTuMy7zhXETXbtHiMztN2PLyRG,9343.982632246094,1132655,$1000-$10K
2WNyVGv3tSFKznYXoq2QeXxKMCWZHkiEYbNYU1gLaaUG,9343.955174717548,1132656,$1000-$10K
87DqP3tNrFwd2PabFcSxAhJ3RjQaLAbjtRLXYbFvJZWA,9343.942240438602,1132657,$1000-$10K
7QqvqzqafSQG8PkPwHhKx3935jiBNkJTK2NKmAqBz6vp,9343.896841426118,1132658,$1000-$10K
3Fenk96aP4A2yURcboo1TnpsU4AknTP5doBDZng9JNeQ,9343.896567045686,1132659,$1000-$10K
AJmSq91XVTzzgsHApU3JhHNjKYm3WNvaCtHbaSwq8MBR,9343.854382305999,1132660,$1000-$10K
5kX6DzdAEk1BEpzM4MjtR8DGF3jhUqgmpK3TpPHUreZ4,9343.851502561047,1132661,$1000-$10K
F7Sf6MSZmjagU8rx8x5KRcJJdfRtWcXQ5jagCpRfkZEF,9343.832515136182,1132662,$1000-$10K
Fe7VG2KghmMGaWNZyuHJWHVotD9XDF6Ykp4X1K2k76Y,9343.792076769812,1132663,$1000-$10K
BWHbqYt1yur511stGkSAXYFoCdtfJ6Dbhk2MFkMDAnnC,9343.78113607586,1132664,$1000-$10K
94ZDc2zqUUVtMpB7wa1AA6PRcEhU2bXFtVWdXyrzdSLc,9343.770795883562,1132665,$1000-$10K
5o8TNcEN3L4JDpF2NMMjcaRbhRxLoNvsmgfzTWn7muR6,9343.753600105445,1132666,$1000-$10K
FjNoJENFVvNR3kVJwbyJmWdt15ps1yNg1kMwgfmKkiDR,9343.752852248337,1132667,$1000-$10K
FGP1Ky6vDQnqxma9xNAe5MLqD5LnqFt33YWMa6QaJLcZ,9343.750567558924,1132668,$1000-$10K
5n5xStvwGbjoLyEV7278HrUgimfk26rscJZzWbWifPCx,9343.743271183206,1132669,$1000-$10K
FM6M1kpdPjtUaEJjSpFeMfgbFhLunXW7S8aHvtvHxipq,9343.715997807743,1132670,$1000-$10K
GXpgQzXmgt1gousnBn8vCCEtWziarecScN3KkJtNMA1V,9343.71030001018,1132671,$1000-$10K
9dbaxcYGeBtuafmAb9XnGWR3wPo4rRMoaQoAauKrYjSg,9343.702951632658,1132672,$1000-$10K
7xunr8YTyycBnXibVnydDdoEbFfMR3WM6MVuPW4UKdLF,9343.677195929882,1132673,$1000-$10K
DexecX7RQgrdFCeSa9aCPCwvr231b2TWWD7FuQ5EPWh6,9343.658881852702,1132674,$1000-$10K
HsXjesZhL6Fu9ogi9oNBZafSGX5P5WtU6nzWyhyUtRPu,9343.65511429177,1132675,$1000-$10K
5YWekTzZRtxXjJcGxdVH3cLzgFbNNWhbmCWxVm5sskLH,9343.651470040788,1132676,$1000-$10K
3daoAb6D8dJzfZTVh8Qw5MkTMWVbucQN76QGVTDKgs6C,9343.651188309705,1132677,$1000-$10K
6witCkERjqQQBeNFzBPaddTYmwx4ZcPr5WxpDQ3XuKEn,9343.636111877791,1132678,$1000-$10K
Eg2b5XzJv231s5ETJp1Tz7dpQHRt2ZPf4rEJHMyasZeD,9343.628169125852,1132679,$1000-$10K
6CM1asxG1bKXrfJtNixbLc5rtDuSzkyRgqNzNZKBk3tJ,9343.59104383465,1132680,$1000-$10K
FS3MXZNcegpe7LECBfvN7FGExVbUYRWACvE4ps8h97ww,9343.579103478221,1132681,$1000-$10K
EaXHUDyN4rracgBjGkeSYSjgrrq1D51WqTGksFGJ7yJV,9343.563823401586,1132682,$1000-$10K
EhTNDucctZhaH8onSSj26MpHTEy9NBDknXanNnTgCSP4,9343.55656227651,1132683,$1000-$10K
33rakp7EQqeV3SGawQvwzYGt462ovsvgqFnnyS5hgCLP,9343.54748506198,1132684,$1000-$10K
8kHrqXtwRic83FjiRhtjXmAZ2x16MNCHzmPmqVV5bThx,9343.542522654348,1132685,$1000-$10K
FD7BUBg4boGqtCtxrNLFeBpVUGZ77bUiw46EQUJphbMN,9343.538609933617,1132686,$1000-$10K
EY31rcBiSJGjABmkefTe3Szb9Pm84yV9SopfxZEuhJrW,9343.53499567149,1132687,$1000-$10K
BGz7xgfcxqhTUbyhy1GCHRaZVwmi6kxp953XtfpyUC5K,9343.530977424098,1132688,$1000-$10K
DD6GmKUMM53Zqb5DxjrDuGkaEKh2vpkdAVWNgySzJAqx,9343.515495917489,1132689,$1000-$10K
4YzyJ5W9y28889x28ruJ262eoa6S4tbEWhKg5phz8bzf,9343.48370985791,1132690,$1000-$10K
FoFhUGzrGPDnFUWtNshahUsp2tDKhDD2bz1dZ5n41cW2,9343.477938991999,1132691,$1000-$10K
2bdc7T7St1Breac49XWCv3ixuGAXArC5EkVV5U52739F,9343.46747168945,1132692,$1000-$10K
3tGPfUTXBkhD4HcJ57wxxRA7n6KQZR88anFQhn8mjfZy,9343.423548474184,1132693,$1000-$10K
6BL9Vu8jCJFcZNpJr98V9Q5ziafQrMaPy9M8KpRZREct,9343.39734426386,1132694,$1000-$10K
A8xC24xaEpRv1dsPoWe1HB9XaaQ6N5Hnrc23BwyRgAwy,9343.37249521936,1132695,$1000-$10K
GbcMKxy7FdMx1Trq4gYDqEhicgKYEyKKjxTWvoGq4HW,9343.371665923012,1132696,$1000-$10K
9G64k2byG4cKjryCRT93LfwKCqvJW7GA2gd3a4ff9Yvd,9343.303429186555,1132697,$1000-$10K
FVYTTHuzcSu4VD21oM67BFeQ65Q8fDjbBPgCinQDYe6T,9343.291381402913,1132698,$1000-$10K
6Wc8VMiUvCTmixZC38Sntk8B1FB9PxAJYC2AZ1FUKE9w,9343.274148638311,1132699,$1000-$10K
HNJw5J744cdZhRjkTyrbwgRatZQbEwR4NW1GTCdxZf3e,9343.234813137777,1132700,$1000-$10K
DLx8khaq457DNoey3JbVc3UYetSt7hDS3R5Z8KukvgGi,9343.222840491411,1132701,$1000-$10K
7y8xJAcBr9Hengg9R9tuuFLH1HvKVmNrz5BTiVZweeFM,9343.187094737266,1132702,$1000-$10K
3tSWVFycU6dxsRLStKNVkB1TDh6ge4gq3N88QhemAnGP,9343.185182345236,1132703,$1000-$10K
AFiDgw4d584ioEm8ZRA9p9tQD97KkjateKQUFJa43aGn,9343.16648398953,1132704,$1000-$10K
CCxemVdDEBBhoYxUZQ3PSKv3yUfCGVLR6ZNwZYovr3oo,9343.155058085835,1132705,$1000-$10K
C414nWCyDKVasukabZpbUZbPjZBG81JdyLM8svYPqVM7,9343.100715780021,1132706,$1000-$10K
79n9uy6ZaYadiCnc74baSgjvw5ZU4mLFPPzaGnABGzs3,9343.084447120924,1132707,$1000-$10K
E7ZLSCVvu3deFxtP89kruZtJsrKewKWtC54SPcuQjHtG,9343.070748266211,1132708,$1000-$10K
221egNFWjXfFFjhezLNwjGBC7z6P6w9JB8RadXkaZR3B,9343.01350947591,1132709,$1000-$10K
5cgKJ7EiCW3uTCy1dd4mEYdquhPgsqZHh1p1ZiCbN2XS,9342.99995786002,1132710,$1000-$10K
GsHivQxaNdAtVuzaFs4XJs8dzcAG1xcXzroB2VXzMhDj,9342.97359191934,1132711,$1000-$10K
GYWsPwWqGboQfxVf6LTNkhyrqLb1RqVDGTKGk3hbfsXb,9342.953459100385,1132712,$1000-$10K
9m4KirvzaMBvK4DzAPrmBPidVAufpw6nnJX7xsBuAEvx,9342.938555399818,1132713,$1000-$10K
FSEmyXwp5zqmqMofuKhiiti9UCg6EmDit8hkqcnDRhL5,9342.934200333546,1132714,$1000-$10K
Byo6EcPPySzYFJvuYDViNyhWKrkDVgm64oHxSE3d6giP,9342.92712184446,1132715,$1000-$10K
GuYLYcLeSpJzZR91tYKgPLEhXXxFHocMLfot1WzEyYf3,9342.91872134401,1132716,$1000-$10K
4UervJyFYEJxzbYpJTTcqj1YfPkkhnL1w3t5Abttz2vF,9342.904104481606,1132717,$1000-$10K
2RDJ6rNamgBLKMhbhJcGhfoMNFPE4dm3vCuXucSDoeDF,9342.903467944265,1132718,$1000-$10K
E9D6Ufbv7GydA5rSYiZd2WTjmuzPRupx1ec2wBUqE5Ka,9342.898369627728,1132719,$1000-$10K
GcAq2LpA6cxEiQv3UUcFhjxh4EFPnw4T1EMzukgoTi5J,9342.885398462011,1132720,$1000-$10K
FEu3nEuwwK2XEpH55aXrV9SPTXxVG5cpVahrsHXVMvQe,9342.878070510164,1132721,$1000-$10K
kdpXE5b2o3XhA5t868iYcoHYwARsWvDCteErNGjRy7h,9342.860987737931,1132722,$1000-$10K
2iKGCfeMQ5snHxJ3Wf8JVXXAYV6Pj3kTM7LcT4c9pMkq,9342.859357005567,1132723,$1000-$10K
263qr27aWCzmrn9W1WEVa8jFCfGHDXBeghdDHGansUw2,9342.837768156634,1132724,$1000-$10K
HHNZ9yDvcVeVSnQb8buF4AuUt19MApmXeehNwdFMNTRz,9342.82681428082,1132725,$1000-$10K
DXXR3HtiCy9g8D1NBrjLS8FfNgzZq2cSbdKWYarBjCbB,9342.810390034609,1132726,$1000-$10K
HzBsmabN4LRrZehJDPuqoR6qEitFTNzsWkUtyweAgcfN,9342.805478205117,1132727,$1000-$10K
DiP2i4dPzVjE3uyTuaSwNsZfZoU82Xw9nKoNFudNb1Kp,9342.80297978588,1132728,$1000-$10K
EWapwr9pxE54TgTWJwdjzHSQgsJNM1uKxhtNFaMBRxd2,9342.787361808594,1132729,$1000-$10K
HgvLPxrGBFA73YVqVkA8c4RnD4WRoGXLXcCZrVNaSStz,9342.775998151206,1132730,$1000-$10K
4LwvSN21kkyVfGP6h2jVvdNYJb1NNxvz9f1c6jzUMG1t,9342.77082681107,1132731,$1000-$10K
4tCrgU4vCn7nTaRf54vFtS1295zTYaMFMXDY85dDoWW4,9342.695274357311,1132732,$1000-$10K
CeS33VckeGiHXWiDPDhVLXs24tX1nEA5cvANst19gBFm,9342.64330290974,1132733,$1000-$10K
9aZp18Ex5Mco1DFKjwfqK1R8TdsanqSyAVTV1e4a2ey6,9342.641766798093,1132734,$1000-$10K
3EgT8XbpUMjawX4NFeyiqvGJg7j9JGvFHv6vhdYz8BMN,9342.607974005845,1132735,$1000-$10K
7ymvb8qE4geTCVJBScU4L7Dn7xMrref1d3CwE7cwWL68,9342.583017607507,1132736,$1000-$10K
2EQPS8rrHKkpayqWuCAhMdDZ33rofZbps4JvbCMYMBuJ,9342.575452904413,1132737,$1000-$10K
GhirjtANs3MwdAsLrCCecVZYkWypRZtmAxK898BzsocG,9342.543749862603,1132738,$1000-$10K
3QngRME5SCbx2ckkCBPETK3pgsNBpodCsztd4tUnVyRe,9342.533631293229,1132739,$1000-$10K
EEDrdjxKj5EPryFVm5KmXLgexsB1g8Y69rcib2xxjFoq,9342.52966732883,1132740,$1000-$10K
Cppdg9kfe86Yh5kktszSKc4FhHBeUsmLgACuutzjg641,9342.487659352906,1132741,$1000-$10K
JEA3t7P9Avwi1eXurrH3sZKQm1DGVUHzptp6SZZ6qj4k,9342.486460992619,1132742,$1000-$10K
2ersrWnXe4HoSvaadHLGJRi9QoYAsDSumczDjKHdc5mP,9342.484326678365,1132743,$1000-$10K
4sptB1JSaPpFQK52FeT9ZAqgFY8JZhhA9GPKa3sqQDvn,9342.461854526728,1132744,$1000-$10K
6xFVN9SdLmgPksQzymWmtDj4TtNUPufgToYAAiB4VFWY,9342.440576123803,1132745,$1000-$10K
2KCXa5bqcKBYfmLybudcM3hSHJWMDjtZZ5KkPaB9NYgZ,9342.43978222775,1132746,$1000-$10K
3aSE7jLNLSHiwwvqGCCZMt8EUGwJBiNi5GV4afdAYC6x,9342.437014265808,1132747,$1000-$10K
2K2mySbErhZVhoAiiyu8GPU3JnJeAju8Um1QXonCNyfk,9342.436097648593,1132748,$1000-$10K
96kk2okmbSjbmWhnxF1ehrjpRX2D1ixyTckPj7TMAmw3,9342.43056689275,1132749,$1000-$10K
DJD8JktMAPfLK22rNFQubAzN4i93oHnRKKKijNRh2c1Q,9342.427404689024,1132750,$1000-$10K
EFJ2DhkVVq5Se2xF7HnThtiL8Xs1EqPDbpDqUH8dcKfF,9342.425739756174,1132751,$1000-$10K
Ckx2KoxY8BZfCGbZcWyM9ZwoeP1LMDX3p3zFYquhkVBU,9342.420425202075,1132752,$1000-$10K
9aQLurpSY6Qy16XnwGGpRoZFQhdCQMV29diR7r8x71dC,9342.415506502039,1132753,$1000-$10K
G4EmzQP3ncxp9fvra6ZchtX4TAdDTYFRz2q2hZVm9jXZ,9342.3815624561,1132754,$1000-$10K
FUAvhQnGkJhNtAmJuPSa9VebUZYjUC8e2F3Fiqi9kZtj,9342.375555583278,1132755,$1000-$10K
7B8uidqLzExULYcGXVLfnmTYKpSVf9BHjD2EevgaNpJL,9342.369404031193,1132756,$1000-$10K
Ah6EHz59y4pndjz87chqsNYVeLoy7xYBDB6hULkM8g4W,9342.36014594392,1132757,$1000-$10K
3BbKykvVL7tjyzA8AwAKUph6eara1mKaiyDW2PKkc94q,9342.35786153006,1132758,$1000-$10K
3xTTxnsUoiQ1xFHNr6kDPm2ucCF2uMXXB5FaQaMRYMhZ,9342.338040693336,1132759,$1000-$10K
8E7CwGFeWZBLisRMvT8poxiEFJKkfiR2cp8eMaYTeiUP,9342.325311500275,1132760,$1000-$10K
4eWtsiyVkLmYZqQBMNo1J2Hq1bGVwT66N3A7bkgNS19m,9342.321499809856,1132761,$1000-$10K
DrVJosAukwmixBMhWMumgbUn2iPK2dEr3XhoLNYXSpCV,9342.301040783454,1132762,$1000-$10K
5mdrsECT678f94UztfLNPr4yDqWfYnXegRtuSoEnVcZN,9342.296905248239,1132763,$1000-$10K
7Jo6KLbQ83f3CBSgCFcFHyqzgBSszG3BS9HFZ9G6DQKu,9342.296486724992,1132764,$1000-$10K
DUXr6hSxUsRt5iqbeTjM4xfgcHigt88fifXJrZzkFnGt,9342.28714190332,1132765,$1000-$10K
AZpaYRCQ5ntkECYXtNNPJPGWDus8VvXJpyxCuASe4pxZ,9342.2717310573,1132766,$1000-$10K
6dA66DYzHCf3xkN8cKYfdTotDokQc8eFXU67mBHFzGpf,9342.263715897712,1132767,$1000-$10K
GNAQd3npzsGcCEtPR6FZn3jguH7bgwRNX2c3vhDNfUXS,9342.24945928147,1132768,$1000-$10K
DFxWUFgXVgdcpRHNkdjtQrWSqyL1zeumo4KFgZn5Yujh,9342.233565988688,1132769,$1000-$10K
8GdnS27uxTDxDHoNAzEi2uJv7dJWoaw9ecH7pTfmwe8u,9342.225628457698,1132770,$1000-$10K
7fgEAJNh8xfNPDfGTdLHnWU3kcCxGtjmhi4CpinX75ru,9342.211980939508,1132771,$1000-$10K
7Pt3nBRNmT54xhm6GCAReQiHktA7i627h9ZwQTM1PTXe,9342.166851381986,1132772,$1000-$10K
7P7czTQx3gmHkAKMa4HfZ5WYfwfNNuvWekzLFjmax915,9342.16583813281,1132773,$1000-$10K
3zF6t9HqnXLX7RzNhueEvo98Rgpb1oE58J4aePNTv9aL,9342.152944521717,1132774,$1000-$10K
DvmFT6dCiyKsucBabH8PEXLU22XabW21TdNkNJVds9L,9342.14936730162,1132775,$1000-$10K
Ax2qk8P3GDtkDFq43qbu36EMz4UdJPRgLFLDY6RVLyDv,9342.135916700343,1132776,$1000-$10K
G2PT9weQdsVfUv17e4LzSgqaY6WKn3pfSDnsR711LZtZ,9342.13263339049,1132777,$1000-$10K
roseAAPrnWhSoBRrFX1wyJN7s7VXanYBqEFztyRWTJt,9342.12956299888,1132778,$1000-$10K
44GQikxgDCX6KkAJ6Zythc5jCQH9JkkJbb2F4FRZrXTG,9342.118816321305,1132779,$1000-$10K
6espzcGLkJ7EUxcQ2AnozY3w1zD1wPdvWCXPFi7HKgdp,9342.097453486229,1132780,$1000-$10K
9Wi5Wzc2FVNxzf2rLpwTbRUkFqKpi8hxDp3Gqkp7EE5H,9342.07344513285,1132781,$1000-$10K
CJfEaWwUxii6kZVcwTPQdhr7E5JQeN5fgzXL1sqNSEyx,9342.05236634481,1132782,$1000-$10K
4iYHYYp4hDA3gUcHQA2qbsnaFghddaesdMXs7RUmYKM8,9342.026412376421,1132783,$1000-$10K
3QzPzxA8p4YTb7nfvMsB8KH15rxKxx7MP7xvwTuMhcf4,9342.017072407943,1132784,$1000-$10K
7DnmcX5MojrHQP5GQDFJZ896qhUSNFx5r5mBcJmtCxoe,9342.005243958389,1132785,$1000-$10K
51u33apDZHGAK1J3YCkkTxizgjPrCpBB3wVzikQqPvJ,9341.901250575533,1132786,$1000-$10K
7R38FsAkpg1HEEnmRKCt64RWiy9ZSAETPV57d6a18Dsf,9341.881830033402,1132787,$1000-$10K
9qj6cnvAp2DEzPijWbe7RpQo3FzScifrMcyXfqTa71sz,9341.881101175974,1132788,$1000-$10K
6Tx5ywAdadoFrLZ3JCWDK5BRPV16V3pT52JmsUVvSQzT,9341.854970518722,1132789,$1000-$10K
ALKiqQTbpwg9fN1gzMV8MxDZcMXs7PpPDu2BLnisJXag,9341.847729864674,1132790,$1000-$10K
HmGyexDtReR8C7hGDkBvTVHhSsDe3k6K1RUgbRZvHHj9,9341.822817057415,1132791,$1000-$10K
F7eCqYXYVqpmJu99uQ6ymH5kzF9iUrTPhMFUh4EdbfgJ,9341.811260962679,1132792,$1000-$10K
7JHwg9qihuNeawrrgttTCqBKwEfeuNgAbwxLXJ9mybnj,9341.738605229491,1132793,$1000-$10K
7NvewC45d7wmzE2u8AQCUk3AvEcRzsXLr5s5dv7tZ6QC,9341.727930934474,1132794,$1000-$10K
AgbZVTZsVv648jDAYZ18sef12GrzC3wwMa43B9EcsfUp,9341.713738298116,1132795,$1000-$10K
82Yim1tDTWvqB1gSu2PHfCDUHbMNXqntfrWvRMPK86ef,9341.682835279127,1132796,$1000-$10K
BAqK9hHsWDj4hBNRTt5ErV67ewbmqgcc8BcFW4RwCKeH,9341.676859723957,1132797,$1000-$10K
F9wdCUGBEy1dh6BJbhgfK8BS2a7bLKBT41CbPVAM6fdk,9341.643850361403,1132798,$1000-$10K
38uYdPDDozQdEouZbsExguHZcgpiWbWQjy8A8YoAaZ7K,9341.633878804329,1132799,$1000-$10K
GBohgnJ9km7drSJu4GGha1fdMzKPbc7F6xqBZKBgYDL5,9341.619974299136,1132800,$1000-$10K
J8v1W4FhMULVRgfkeJYb842fyoiHW3vPsyghFP8hFmmH,9341.6189694562,1132801,$1000-$10K
53F4d3rMGTE7Z3nSiUoBwY6jAtAQRPh48xGiMWuhpHTP,9341.59976491241,1132802,$1000-$10K
BXP7PycnvFabaoEMyoPPs5DZKKLM3b6DmbiF9Kn1KNSy,9341.598207069732,1132803,$1000-$10K
G2gCPmFPPqGg7Cv78iEL8VbV3D1pv1GtQyRPSZphhz5x,9341.568811422783,1132804,$1000-$10K
F6PttkapxFMSknmfcQLQinvSQk3TaypQZ5HqUV4ax1EW,9341.55190600088,1132805,$1000-$10K
Aq84EnDLeUUVvGn8c55LfJ3taiip4o5oJsy83AKm3uZy,9341.530347008606,1132806,$1000-$10K
H7XuSH9F861X4xzJMN4T9EZk4eHzjbYkToSd3eS7Uady,9341.50716015336,1132807,$1000-$10K
23XW5Cts2bx1t41eUwKEbkECQTmpTKctDwAX36R5qhXv,9341.483574301474,1132808,$1000-$10K
EKVExskf7HzPPXD5yQuE4FGUbyJKd2RZJsGXPNNoF6Gm,9341.482080839101,1132809,$1000-$10K
3McN8DRnc48D79qLLHznNGU5bbwha1CfsUG9Jb25vT61,9341.457088489933,1132810,$1000-$10K
4upfaKHZpizZdbVT2DjkQMaVcvGMVQamJ7GbpD9Aj9hG,9341.448953321142,1132811,$1000-$10K
E9uwb4xpnbBZ2gDzWqigDNvApLnMUqqoDfuQvt1EURp2,9341.441495841671,1132812,$1000-$10K
Cx8hrDvdtnuc2BkY4GX9Gm3b4cKSGSmnqFN9JMcPE7Va,9341.438787283438,1132813,$1000-$10K
AABEP4rg8jkCn9kzQ27PHypwXKA1kzX3j2jmhWt5LW8u,9341.429010091293,1132814,$1000-$10K
8ymwwZDbbYcNXETEoyopFymLpxdNoQWB5gxE1RQRrgt1,9341.423259816012,1132815,$1000-$10K
Hxa2hovQGP4QurZXZo7WzVXe3urLhYhUsid999VDHipJ,9341.395910857664,1132816,$1000-$10K
6ak6gKU3E9UgxD3Bs64xZevB3RbHX4hAC7183deRvsBp,9341.394822970147,1132817,$1000-$10K
FdAoBkJ6Rs73tpyrg9Y3Lx9ta6wp7CU7WMPpZFVhxtrH,9341.39009427981,1132818,$1000-$10K
2kRYLHyswU6EBzQ4NLQ56bj9QCbiaYzrTW58fvenuoB4,9341.380839786965,1132819,$1000-$10K
DSwzwNbLUKFqsRnfKmdPZ63HLZo6JsfdQVugRUUPZ2dA,9341.370138988766,1132820,$1000-$10K
8xGLK2KAgZtLJqsDcrEy7gFnkKypfCG6q9tXohQLPD7o,9341.35946919378,1132821,$1000-$10K
7XBEc3a9c6tRCqCRKehuZHDc5HsJid2nsh8dRCTSMoWv,9341.355280669817,1132822,$1000-$10K
7fo73u5CEgaHpaPzauL58fFBEmPK5xiWxhzFoA7yVTVA,9341.330221992841,1132823,$1000-$10K
BMF2BAzGqa8yZoBvxHwCn5dKCvUP2dc2zAq79E2qydzn,9341.32877337866,1132824,$1000-$10K
5iSX42NwkhLgYYRu61nFsWmzEZcPkVGiTSAiqbANjaHB,9341.32430945293,1132825,$1000-$10K
CNiJrpTmcNADSmkwivsUfqQMo7TzNrgBzymEZUqrt9TG,9341.309345846916,1132826,$1000-$10K
5VTnpjrAoNSvhj3sTvR23gHTazz7xLnqmFr8pijv4oiK,9341.268315857622,1132827,$1000-$10K
7M2bVgUkGauhY3yitrKdw1Mqn4Vubmw2vqnZxFkcfTwU,9341.264326344352,1132828,$1000-$10K
CP5SWwJWvJGVb7HxfTdePNSc1fzGgDLtFh6QyFRv2WY9,9341.259172857415,1132829,$1000-$10K
Ed2HJyPDAGFGD4wfF8LaJuB59FPne9uvAaqRKs5EBcwT,9341.198332599493,1132830,$1000-$10K
AMMoKMepHGD68Y7PZ8gBCxgwi6wnXJVnTKCBmH656DGx,9341.185592503723,1132831,$1000-$10K
H4W8GtVeXRtcvAVrCrJe3z1MCcCZztNehUem6dxhGzqF,9341.17459823924,1132832,$1000-$10K
4hSZ2yFqtscGkGK6ZkNg1WCePoCNKsqSr612Q6mDgwSS,9341.143525899653,1132833,$1000-$10K
BjtJaUqhuWBahoZzbiMieFAfmUQiQztC4o6vcN15XaN5,9341.119560631989,1132834,$1000-$10K
Bb4Uvn2yfUoKH9TJL7V6sDnBCx8HGRMAc8hz8xQZSMg8,9341.104754048676,1132835,$1000-$10K
FLWEpgTk5qfKsnT2MEsWkzHGaat16xhH7scKLKGJ1M6v,9341.08901040372,1132836,$1000-$10K
5JXqBjvSdQf8hnsDJ1qEaLv8dtXrp9ms2eEGLpNsyX16,9341.050774113988,1132837,$1000-$10K
HS9ZrLeTEBNWuSKyU3nS6gho4Sajkgw23mKyURpWFuCZ,9341.040109284417,1132838,$1000-$10K
7EFZTrru4q5Vmj683ghgMdsCq1S1EV1Ez5WGjudhHD5e,9341.018737849572,1132839,$1000-$10K
5s7qkC1N1myNRCLni53ZTBX9urm7QmwsiTfbvEoAnZan,9341.000951188817,1132840,$1000-$10K
EJ1Txx44ToVFNWj3EsT6CFBJBDUsNh6tfFYWaaV9NxoN,9340.988287446437,1132841,$1000-$10K
6etehTEjwRNQgbbaGM3wi8yDbiiQyaAELcTZWvEEgPoB,9340.985807357518,1132842,$1000-$10K
9926qDrEoZEeyno9EJtQkwiSvKoKXQ2UAXzVEngkRF38,9340.982001141749,1132843,$1000-$10K
2uMGerGBifPq7sYFbXCr4D3u2HLpybN5WACsVVRoCRAP,9340.961564890442,1132844,$1000-$10K
9ByxusRnYc9RVZbjrJNMjd3HqD2H5Z7QHu8a7ujmSaxn,9340.937545284982,1132845,$1000-$10K
AF4CjFBMavngbo8aykYQ3wbZfdS476pDtdtMqW6yeSis,9340.936196899556,1132846,$1000-$10K
HJshaq8qVWoF72asUNouuqfHbiZfTFQCaa9geKrncJBW,9340.933961609517,1132847,$1000-$10K
BTGsFVzsi7Sq6x1vx1Kv8Zj7oZAmyXjRgEcF8RjFDWiK,9340.921741805916,1132848,$1000-$10K
91H5DvYJZYVqWdRg6UfA1ZJZQ8rvvEP2x9Y5WBzX8TpP,9340.894943713949,1132849,$1000-$10K
ZipCkRdzvqyujLECvJTP59hqPmU7fnrTtnECQERVPM2,9340.87068523335,1132850,$1000-$10K
H8135xx6tdSA5aUdyNFZvUbnkAuqD9zLJNVVqrrNrSKj,9340.847494286118,1132851,$1000-$10K
ER5hK5wiPphuhq7uaoxcJqpBUc4VTombHTXfUBFNvH4v,9340.841616244219,1132852,$1000-$10K
4Xdxj8YPhqo1qWkiq9mkKkaaPmGpmwsVbNy4ne8UXN5A,9340.838513661307,1132853,$1000-$10K
2hiLxETTM2xVh75uUg23pUJQ71BMrTJLmYEYwv23DPhD,9340.82757546357,1132854,$1000-$10K
8QYom5N8b2QSLKVSnuHjx7CE6zm9i2o9udJA8VFA45jD,9340.82557562679,1132855,$1000-$10K
CL3Ry5VJ9YYuWEXLQD5kygiWLJhKh8ZCWj1hCRgSVrEk,9340.79009504757,1132856,$1000-$10K
4igB7NJuAyyipALhk1sNr8AtWq35Uc8YEnzjiJ7DzmSc,9340.78811492095,1132857,$1000-$10K
3S27tzuT9Tv8gzYobF2c5pESVQ53YN68xxjTmvCE4gas,9340.772471122518,1132858,$1000-$10K
8hcfEFddXZcWnoo8t4XKaUPFSPeTq7T5HAP82k3i9hqU,9340.75651573829,1132859,$1000-$10K
B3Rt3QrqrwJLEimqqM69M9j7nzKTDukYroq9APSfB5tJ,9340.750529642504,1132860,$1000-$10K
DvPtT7FmmM6HidvKLXRNk39tMKY5EngcC7UMmfbepwoN,9340.73599302272,1132861,$1000-$10K
Ep8yfu9q17oAuYhNw9kixYXUnnLa3WZymgQpr7NgeDtL,9340.733221376991,1132862,$1000-$10K
7hxUKbNqeqZbWACrCBSE1Xvg2V41T3Suyh3AueNi4Zuh,9340.719805536477,1132863,$1000-$10K
3BpEtGc7SgeGrq8giaqgvznMpbmKEsyG2cdg7HQM19Z4,9340.719237829653,1132864,$1000-$10K
47HruritwLAnUreLHLkCk9GXACBZGh9zRZf66e3F4NnC,9340.709608624597,1132865,$1000-$10K
6XNpWEMiUEpxXJA1zy9jdywF5idVszHfkjTU6DEHzdj,9340.689813895857,1132866,$1000-$10K
AJEqofVLEFqsy3KQjStYXB2757h9To31M59GM6d5SSvh,9340.681197771017,1132867,$1000-$10K
FnokxBdudUox1vEXtKXewW9BEE5yLg7gEUrdMGHWWNxF,9340.672909314422,1132868,$1000-$10K
28LVjoHcPSoUazDtRNP4XjFq1nv8GfhTCxd3vLTJ7CTu,9340.655523256213,1132869,$1000-$10K
GFJVoo3nSSbQ7vMSKQKXbUhygocb9SHdeveyKcuydnar,9340.648162001895,1132870,$1000-$10K
8ZijSyx7exmr6ZW2wgLdwhzASiESWHqegoPpXECBBbeN,9340.644730531814,1132871,$1000-$10K
5fyK6ancGCLuPjUccqKeG95RMRdAcbheu8E6f1rFedyA,9340.605104443785,1132872,$1000-$10K
3cJS7sxh6syBuQfDGMEHAUHGvLPsXnK8Ch8ggexYfZ6p,9340.604994198273,1132873,$1000-$10K
DKBNoczKVknJgX4neKQhWu2VayA93hAhrLnNcw9Mx3kW,9340.596656553971,1132874,$1000-$10K
FPJiHXLzgMLnomZDAiNYsZSwWoHySoafXpyxobSgHkY9,9340.551297407243,1132875,$1000-$10K
FNxfUayU5VpQd38d1RaTpEhivn5SYys3DTca2gtzhh8r,9340.533343779614,1132876,$1000-$10K
2HRKTX3SnrKRcowXpqSWmm3oyJs4jHuqpBFbETeF2jWr,9340.46650536516,1132877,$1000-$10K
BJ3zT4U6BrjsVRVuVsqdsh6KnQ23P2y5jC9Y7cstzYfH,9340.463110150673,1132878,$1000-$10K
5NxYmfHm5WmWwWLLY422iCyG49zDAFYTVbHZDUGyHPpr,9340.45734608441,1132879,$1000-$10K
33mP96znB7LFAJuvcFPWtm4ewJYvZ2rw8o4XhHZCZH5G,9340.457101564578,1132880,$1000-$10K
7bNJDS5X4QmDqDNYJJZpGXHCREDih2CRtakfaHvtCHMr,9340.421285659566,1132881,$1000-$10K
9xBcfofk2EiMxCcmas3qxNQ97u5b3wHosM9TGTSAVyos,9340.392217894332,1132882,$1000-$10K
DmsRBjWuwPjRtVBc971FMgwSXaAddZ9GR1d8wJxX3jaR,9340.358663119143,1132883,$1000-$10K
ABoq2C3R1aVB7zWxTPmazB33Qm2f1zZWsFg3gWGcarY2,9340.351921185784,1132884,$1000-$10K
FEwfHtux8MPN6Agj1NBwHyQMTdiCXaTu1XSjS2eLVC3x,9340.31553527726,1132885,$1000-$10K
HhP37pzScfFCuegmVnT8MqH2HQ9gu7tN1x7oh4ALQGo9,9340.290143925693,1132886,$1000-$10K
ELXaqMfpBL4ar2x4z4gqc4KqVc2fuF3yaL9gGwxiSbAY,9340.274171415193,1132887,$1000-$10K
89956Wu5MrtrSRVX2hZceh98Ecyo3VhNQdj9XRt1ZTKU,9340.25731312722,1132888,$1000-$10K
DqPnnQpe1cX4td2RkV35ch73pNcfJZoQQKpTCqq2FgH2,9340.203974564753,1132889,$1000-$10K
EqRQNqC678mMTNvcnvZ7XN1cGHxS8cEurntVoYJphXZU,9340.200895871023,1132890,$1000-$10K
ykUqKot5u8TPY1e4KP9Ne9FyFLmU6NZpviVNYiQHDEC,9340.18349882987,1132891,$1000-$10K
EKNV38xWjatQXCSMoq1GDVERDdCW4Ub7sypnYosXZXbC,9340.171134354421,1132892,$1000-$10K
95Q6sw7PotVDX9ebKLFxHja17W4RLf6UStDrvgj5Ernw,9340.171028738589,1132893,$1000-$10K
HbxfuhFGtbPnKXG1hkVtfm3ieyPJcSJEdet2bT2zb4VE,9340.129944578352,1132894,$1000-$10K
9CvYXRG2hhhhk4qYtGRnRrCFhnp85KY5zHnrxi2eZtcw,9340.100999810718,1132895,$1000-$10K
EaeuhePPFkVxF81cgTgzutUvc3JaqJTgeX3gwkvN2ozq,9340.09472834704,1132896,$1000-$10K
95wDijnS1GPjVQwf7aqVUszXLmSZiN8LV6e8fEegfB9f,9340.093642683561,1132897,$1000-$10K
ENqj1DxHkiWLvEdorw14pRzJqb8R32edfafm8UiLhDGH,9340.092578032663,1132898,$1000-$10K
GMp6fozrt4DpL3bs7Px2RthshxwT5KgtvAyeeFhha9c5,9340.08517456238,1132899,$1000-$10K
6BuFryRjErgTGoRzuo6pFFAZxFuGHdRma2nHfr626FE7,9340.072787373083,1132900,$1000-$10K
7JftdiP8VQW2cUeGzAqaUm8dmLGppFn44Ly6MJ6BdbcR,9340.060856196706,1132901,$1000-$10K
CBURw5RDpnfdbya8SwWacUGk2Rj8hh2x3MN9CiwXH2AW,9340.03608596991,1132902,$1000-$10K
ASjvQ2RcBWTmAu2RFkbMGiBvKWQKLdg4eYAoRjgtQkbT,9340.030619061525,1132903,$1000-$10K
vUXuKXY48uVn3p6zGPV8FUR7qrYAYhgXsv9KtZXWiJw,9340.016911331399,1132904,$1000-$10K
ALnLCeShWorynGaFoKaGzyoS89YaDjWgDEK39UaP1iWA,9340.01440704678,1132905,$1000-$10K
F54iw593Dg8rUAmeGTJ4L5msrRemqpQTCPtAnyBPiybH,9340.01347320213,1132906,$1000-$10K
ci2wR1HgmUR66JbNBhQRVFzy4BtmZZqK4coGv87BffM,9339.998718523348,1132907,$1000-$10K
5w2eznkCzL8RzDS3qRQsXieGDSjUSiMk9UZrKp7wS6XR,9339.99428151109,1132908,$1000-$10K
5ZLnWzj6SkfF4YU3tcYqZdtQA9wdAc83kGsdDdUbAARK,9339.99349010523,1132909,$1000-$10K
2MkyY75WFcBrzCS2N41SCHPrWdVhnhmjPaek2BB652CG,9339.985024912674,1132910,$1000-$10K
HRBocHsfFwQazDZTegKzmMod2FUFo2tPYGA5nmwvXr6y,9339.961215055093,1132911,$1000-$10K
9LpeTKhdqDEEUVCCWojbyqTDscm1cpwMtMmxapMxAMeE,9339.925894676113,1132912,$1000-$10K
FHMqCvTStK8U6bdQbgGaTfcErZZEqMuPtcHn4LFe2z1,9339.874755523819,1132913,$1000-$10K
CtQ3QEWUnihzw2v4j7NSZisgNkhfEnfYcyjZjWJfqefv,9339.861780656294,1132914,$1000-$10K
9HPguaFwXPy9MC7YnCcwLTZX8v47F2VKeAd1sP9iR4YL,9339.860896447093,1132915,$1000-$10K
B51Bz8PVk8dRyeR4C9ZUdLDP4hX3opP5kd5MLtt7hX37,9339.84851145209,1132916,$1000-$10K
BW3L1dR6PFysCQDt6z8HdbtXz7sKNdgR7jB92kKGbS1o,9339.843253960758,1132917,$1000-$10K
6qVs42SXaoaMhAEgKUDtXfqwXb1X1TYeMPf1pqbXXKTS,9339.812044962557,1132918,$1000-$10K
9MavyiABj1BYp8azoLsAJhxAYRwsQwagEFW9odGfXZk3,9339.80686635725,1132919,$1000-$10K
9JAGBtnoS9zUZau8Yg6BMVRF9eXMh27HLcrTsHmCA7uB,9339.80621397333,1132920,$1000-$10K
Bw7Pv6o4X5UnLPpH5eAiqf5oyyRSY12zmpeVWbivEpX6,9339.804955564854,1132921,$1000-$10K
3tzcVFcbt11XUY1jpVxTJb3uigPMSeVDkhAqfd7nn8iA,9339.787201152329,1132922,$1000-$10K
ALZPZWqy18nzUNSEfv5akynwdm92L8y2y1DhJRjRdagh,9339.782035782722,1132923,$1000-$10K
nMNsACoy3nRxAsoFMheQSREyPDkmZMKESMEHMNV4zYt,9339.780145908242,1132924,$1000-$10K
GDz7DwphxbHJd5AqBTPe16jw86cfz4VxrS86KmHLNykJ,9339.772013604652,1132925,$1000-$10K
2PJ3rVTp74rpYLnMkUBDJ2DDNSb9T1MPiHybRXTvc914,9339.76562553717,1132926,$1000-$10K
As3dLy6dvP7SkqbAmF9F5hwGavbnHTxPNKZMHvJiv3W7,9339.740475386076,1132927,$1000-$10K
DqAUwHLUpNSpvMZzyucmqu3GWCTNJ5iFSR3dYfc9Cunq,9339.732646873033,1132928,$1000-$10K
DVnsWHHKYXYyECNhZdMLicHNQMpsM1JrkpigbdBPWzbz,9339.731411702665,1132929,$1000-$10K
BVvsDJx8smbThAyGZt51eWRH18fDDxhNCMNtmY2AyxTJ,9339.727692690327,1132930,$1000-$10K
HggQpfSsd4ivSsMfDE3SzZNKJFFVhQwype1a4Gbs5nsy,9339.721691411694,1132931,$1000-$10K
AEEmabDq8icZwiS6DRWbWJZHmmYV4RzyJzPanwBzmPEs,9339.710279967941,1132932,$1000-$10K
bcw6PggvgizDc5sp9FABspyZ9TGAaF6K843rjDVs5d5,9339.673689837928,1132933,$1000-$10K
GaL2gYWjiUvaZz7TTQEAjKKnWQ4QwyS1WgmUJYU1nmQu,9339.664939239783,1132934,$1000-$10K
HL4RNxdZhssU4qjZwcecqytPFyBdQ6HPWLvsgqb2PJaX,9339.620379422244,1132935,$1000-$10K
AVL6VP3p7gaPBafy7xX7VpsRMbLPM4AEkbZYEd9koc5a,9339.608835513047,1132936,$1000-$10K
2qNQNWrGbBsyqwtNfYhCLGLNCQPBiNc7dwGTqmnNV5JQ,9339.592871140603,1132937,$1000-$10K
9trh1eiN4dkPHMPJkqpYWM8h7NiFwzj16xkYkKeWTQoY,9339.556235203334,1132938,$1000-$10K
9aN3AEBLDDkmjYuYDpExphCKPQfkkxLgJHmJvyFzWzsL,9339.555503121448,1132939,$1000-$10K
52goj8sp1f1M1c9PekrH5ZqmV3e18h7TA51fZLtNUPk3,9339.552955825358,1132940,$1000-$10K
GZ4Y9eLaatFb3Vng81MRP8Ch8ShjHRJdYg5fyoZE7Rnc,9339.539896394497,1132941,$1000-$10K
HLxggsZFMWhWDfoNc7s3UbsasWyxpSx8UPGUJRQgWUuD,9339.495664919821,1132942,$1000-$10K
D4uSJiic9HpDgEFCgx719XRjyTkcBHkJ1kFH3A8ojqEB,9339.491854213631,1132943,$1000-$10K
83esZk38tunwdeh2mC1ELmsZLKSA8VZvfCkpdXaHz8qi,9339.479808006963,1132944,$1000-$10K
4ueZfh74tvdkR2GJAAX8Xr4ej5PDVUH8KnwRnctTb9Mr,9339.444015298403,1132945,$1000-$10K
AMkvxFFUsx8G5YqGNKVSTxQDREC8EXswVocXRdsvjWKT,9339.425583315735,1132946,$1000-$10K
GdGoWsoWVGaNvd31dWA2eeaUSBgtXnw3qMUychMJm4zP,9339.421107946173,1132947,$1000-$10K
FvYCoNLZxcLfMQ5fCf9DJKY668NR6PNGNqDF7uZnsEu2,9339.387469524547,1132948,$1000-$10K
8cp2Ha7t6NadnLmBd6HoE7CcWcPnt265WcebUK4MAy5X,9339.376692755399,1132949,$1000-$10K
6riVhUP9UEXhbjTruayzUKgnVfJVCXCaBcCL919MUcaA,9339.361216727317,1132950,$1000-$10K
B7Tg44kX7YsL1JLwErmU8kmQhFFQRqTWhiEJwUTNmG5D,9339.355276900294,1132951,$1000-$10K
6yuht4CA5SFMARKUVsBaQ7Vk2S8GXcC88tcDU96S1CVE,9339.33692347873,1132952,$1000-$10K
D43EeaTxNgQsBhukZp6qiUg1gyRTbMiZTHmo9B2gQ4sS,9339.333646080555,1132953,$1000-$10K
AEP12w1cS7nCGNR5nT4hhzV5Z6VwjABxkP2Q74S3a4we,9339.311599583558,1132954,$1000-$10K
DLMEU57xY83DfrqsNWzWWsbS2c9mHwLHcTfScWM88Ak3,9339.310975106542,1132955,$1000-$10K
5fijFDc4svMcr9GpqMFgcgGEb9FhwAKAYnVwnco7SYGL,9339.28917198689,1132956,$1000-$10K
C1bgkpf1B85DpdwhRWekWffTy1NHe7DQKtJZrTBNdm1R,9339.255250851904,1132957,$1000-$10K
3GjbuPpwfwBzaoTDPS9JHKMZZA9oFSBCTjxVerRA3mU2,9339.230338929643,1132958,$1000-$10K
AiuSHkeBfrC4muY7rCXVsUAgRWi2E8STbpm5r6YtYjSE,9339.2286502233,1132959,$1000-$10K
7c78MW4L21euFoZXB8rAR5psWsFPJyBHr3Z2QTbZNCEQ,9339.223961249723,1132960,$1000-$10K
BcRhsfi6QDYXrpm29wFXAKc69v9gGrKurHbZT1wbmMAj,9339.213396876085,1132961,$1000-$10K
Gxk9mjKx3GxPc6haV4Jrp8si2svjPs2sj5PUdhC9EAk6,9339.194860273963,1132962,$1000-$10K
6NhfiqXs7vEPHEiAXjxGJS5Ua3epqiGqyJsy2iz4s6f8,9339.192070337727,1132963,$1000-$10K
GvCr33dzywku97wgejUg1cEYE6Cd7TU1K4JEdphE2UjE,9339.17707324998,1132964,$1000-$10K
FYary4M93bjdHzFxXPUeetn9hsuXwW1dyvDYZDLcGwzH,9339.17347219125,1132965,$1000-$10K
J31vGB7b57fsBV7V6MFQAford375xo585K1SLMcjpTnr,9339.159444820447,1132966,$1000-$10K
6Q1ZtSAoMKnugi7SYyYAAhV6fzx6irdF11E9wXN9NY5u,9339.135934218206,1132967,$1000-$10K
9R2EwQRR8RQZnDWeTRmo5z8Zr74C6BpjbQHLQC6XfBYP,9339.128332305707,1132968,$1000-$10K
7BJtbw6oBVupNZNKg4T6PLBxo6jgXaQKWXqn52RyRmy7,9339.122554128113,1132969,$1000-$10K
GnGk9Q2bsGehEgPvdQupTeGuKmJZDouqLtg1MyRrdQGa,9339.100838216242,1132970,$1000-$10K
41185HgqHenM4M1hMxTYPWspiytpmYXKtcRGFw4FjPty,9339.07124227917,1132971,$1000-$10K
9zAdhca2bXSYh6VxMKTbvZxKNdN8AshKMrBWgRd9pscG,9339.058295341456,1132972,$1000-$10K
3zgsBh1CV1AhVqWHRCjtsyyFumVqWqWsUMQHKd919xYw,9339.056849199718,1132973,$1000-$10K
DUoZTaqnWaBt4RiS7gxL7ZV437wmMV3naytts3ieAkcs,9339.03706447284,1132974,$1000-$10K
7aNB9ewji8ZM4hW9dzGT2zPouDiCssELQFzWrCDsA1no,9339.00112767483,1132975,$1000-$10K
DSDbJxqBvq831jB394txfityU9eM9QFoKviwuvSaBJjJ,9338.99074322993,1132976,$1000-$10K
ARCXSm6FfLudLZeCEhxdGZYSMo7AoPQgJXJEeebGzCU4,9338.990307183685,1132977,$1000-$10K
8x3nzgfXAmHi5G9fteDzwwSirje4tDg4A36FWMtNkiZx,9338.908991551487,1132978,$1000-$10K
9LSHveekZerHmqu57J7YriKywAmf5EuvPc3hNuG5J31F,9338.905498223061,1132979,$1000-$10K
BcCJiDZpUFLF1MxGWUHj3gU3mTpRg86ozg2YWEsQUTke,9338.9047453093,1132980,$1000-$10K
7FU5K7147zBbQRizXCUU8DA9JpV387TDHBFn7LQj91Js,9338.856093532564,1132981,$1000-$10K
E3LJxCLUYfiHHZHU1cAHDvoUSbJbuk5qSzDN1MJxNMhg,9338.854751284383,1132982,$1000-$10K
EWB79m65xCPZujSnXwCcgRuSyfL5ce3JjhvobyyTtWyU,9338.849931832485,1132983,$1000-$10K
GPwWDANAcErQC1T6GPpN9J2zaEQBq2G3tD2w2Z2FYHJQ,9338.839182533275,1132984,$1000-$10K
G5kzQSQr8B7dBPhk2A25Yb8sLSjq2oq52qF36tZJBQaE,9338.820275685875,1132985,$1000-$10K
9hKZLxBGJ4sM2zaSnhrmwsv4JMZ77GYSkD3BH3PvcvJN,9338.806248118937,1132986,$1000-$10K
HdgQEa5Lym9aZCSnRhbkgutd8A3V4WWdiR1TqNk3vsPE,9338.806150685446,1132987,$1000-$10K
aF1wdbCDnQEwbrAcGkqC52wS3J9EgakTZ537wimQUgg,9338.77426842332,1132988,$1000-$10K
F17J1VZjkQV6of6sAbQzSV9pC17o4g6CGatPkJJ8WfBo,9338.769472532593,1132989,$1000-$10K
9DufY9fiLTKC2AqqYNdc16CA3tDZtGNJADkGzQfExRef,9338.761788241138,1132990,$1000-$10K
F6keDUiNoMGCrLHUXMSuErAcu3Up79EzDyo3c8sqXPaD,9338.743325507181,1132991,$1000-$10K
2dAkHHYUX3Aeyyry2PbQi6DNK5isACEXqsCcm3EHCBCD,9338.742259987728,1132992,$1000-$10K
5WrkMqF1Q9yYRDGaFg5P36osgXzZo82bZfRDU3mdbX6B,9338.732251519881,1132993,$1000-$10K
5FcTWoa4evTuAjfmiHiZ4kzYS1rfx1GQFkBvmg3wXiPQ,9338.723280531598,1132994,$1000-$10K
4iUmURbsK9i5WDthwWxm5k24ALZPnbCE1kuUP7JkK159,9338.692276115855,1132995,$1000-$10K
AgfAEy1yCRtCMwV4mtdER2FEaFp6wi1TTqzL1t2NSNeA,9338.63725050024,1132996,$1000-$10K
8TEkWX8UxQDSA9LKhPwcmib2Z9c3nuxuCw6582tGFk4e,9338.631360412812,1132997,$1000-$10K
F5vNXz713oTEEQE8WxmTcdZa66MMj18qhnkR7ZJ66t4o,9338.6110782706,1132998,$1000-$10K
EeiGDii7RvhzPxPQnEE6ucNXjnQfBRtF2huk6SwdBJQh,9338.58976395984,1132999,$1000-$10K
AxJxCnuYUJ3ULq6fUPohE8bGtWMvr3u9x6eMbK6c49mD,9338.577013601136,1133000,$1000-$10K
78UErg6AD1rFfD8A8NuhqbcvsDm6CXyuRrAAXcgawor,9338.575155791415,1133001,$1000-$10K
Bi1LiLHuRJMWd4YhWMinnNDraLUWYc42GQFF7FXFe576,9338.571217370505,1133002,$1000-$10K
6cXDKgY8mbizabCB2kQ7qUe8Kg5sSk8qvqJ9TAwN2C7j,9338.53884968262,1133003,$1000-$10K
75oGphCjAZ9E3sbdZ8xkzvgFdeFLvgsCuwdZwP2P3dJf,9338.536467051274,1133004,$1000-$10K
2LGpuzbXHWSqNATuLDcc9eL8bsafMxNgsgoeRa4eF1kg,9338.496918224178,1133005,$1000-$10K
CpjsSUPMBYy21vWCmT7JpHSb79uSKJ2TZpX2cr4tR5tj,9338.486316046972,1133006,$1000-$10K
4RSNQh5NHogx7RaxQa95Y6pTKSJDfEido1WSYyG1bCk3,9338.445318743095,1133007,$1000-$10K
4NZrFu1VsofMnBye6eap82S2SJsC3whZ2Ru3NcV29nuH,9338.445086658601,1133008,$1000-$10K
E6vma4YKvRKroPWXjRZpeRqE87V3bpEmLS9N4Dc4PuBM,9338.444858436715,1133009,$1000-$10K
EJDwgHEF2Nc6qA8EKUZxJZEhiL6KKKXczsWyFJKtr6yu,9338.44307359859,1133010,$1000-$10K
D3PW3VfHmfzug1w3QeATss5hWoSYzFqks1AtEVS2414L,9338.44276606935,1133011,$1000-$10K
12UoicvtfZUQoHD3k7TZ1VCVCFez1eYRmR2SuVMepnpS,9338.424215216282,1133012,$1000-$10K
FPGjw8KuD5mNdLxDf2NAQnGYvkF8o8VZR5x5nnvybtMz,9338.424098617696,1133013,$1000-$10K
9fAU3cK9t6Be4m8RyRbwmKEGX2iWhU9QYKmRgipchiFZ,9338.406820706743,1133014,$1000-$10K
pagUnimEgeetMBrZV12jmiTfH5kRUyPfiCJwuJTjNAH,9338.37516877737,1133015,$1000-$10K
4nrksspHiZtrdSnCt2A455qhzZ13W9v4kG84Aq391zd1,9338.370425664705,1133016,$1000-$10K
3PAGJrCEEJgjAwikzrmcYnb5we9wwzRKrPwankBAEyma,9338.368840994328,1133017,$1000-$10K
dTaHuv8W87GLpd66moNo6fHxQ6GHqqwoR9yUUS94dRJ,9338.362798800346,1133018,$1000-$10K
FTvo2RQuQDRgpshJCQxe6qHdEo17AN3rECHQh5KNbyUL,9338.354716346419,1133019,$1000-$10K
5t737atemxSZGBwvBxnA4ridvq12GH7pNVjq9AsLXumn,9338.35249061375,1133020,$1000-$10K
6L4T2WNfR6G3JzZ82dyHPxuf9vAcNZN4MWDFeDhnCa1m,9338.342179613765,1133021,$1000-$10K
CRr5ZyoQDiFEap61uotAuagSGQa2J76VaadpGkfBrZSt,9338.306830728547,1133022,$1000-$10K
BTE8UHjMYQ1qBMLusMcGRnU5FuYN3WYyNPJ7NMzyhWGu,9338.287223226289,1133023,$1000-$10K
2qNuBxLzcb6cmrDx2wyDo7jb9FSWedA2zHoFjM7DhDE6,9338.275734531358,1133024,$1000-$10K
GK8iZoMhb9sLQW8uFotMa5fyjx7KdmXsAzbQVjhzXEGi,9338.259431310658,1133025,$1000-$10K
4rDEtHscP8S4ZRVscY174Gmah1zhWHorhtkMf4CbqPYP,9338.252858519243,1133026,$1000-$10K
CyejQocoPEdpkaF64dcrRWBV27gAU2LKQqLgQMbpSRYx,9338.233275928516,1133027,$1000-$10K
HcGsGTmFgKxV9GEQyDGCbDvTHq86ZJ6H2ZySJJMjrtnV,9338.215625336365,1133028,$1000-$10K
Gt6bbJqsMQREfck24kx4DZznkKSRQzYd3BYwvy7WLdVh,9338.205395371442,1133029,$1000-$10K
4B4N1YSZQVfvwkyYXjAqgxobreTiJ6TtR2rRMMwftDK3,9338.200444743961,1133030,$1000-$10K
5YbpP4LzadZTvTdAnd7VKiDbK6p1kEViEfmYYKcbxhMr,9338.17395688016,1133031,$1000-$10K
J6P1Zpk2LjTpfyswB6KfUnFn7cryZ74Dz4ANGYFPpFUV,9338.163893615956,1133032,$1000-$10K
3dc4bvmLwVbaBXNEcyNNLUvp45MYvgzmkjfqr5v2z9V2,9338.16150537064,1133033,$1000-$10K
7iwzPgbXiG8xKCPossRzGk47kY2Yr8aZ3uYKsshtQmMT,9338.14801880181,1133034,$1000-$10K
7KpRWQgqGpRJP31HbaMnrP3Hecvb8uTzRUseftS3gYHi,9338.123000681964,1133035,$1000-$10K
3RrdSNoAHLhRWSGzCtGCqcMvx4MwLx6Eqoewi8pjJzaT,9338.09907854523,1133036,$1000-$10K
CVjgCD8H6Z4Q3z2xJ5Y5NPCG49J1rVq1j3HPwyuqRXR5,9338.08704516203,1133037,$1000-$10K
4xVdJ5ejKEAYTMV9SYcFWSTf6PB8uE31vpPsBHo2poDt,9338.07518842575,1133038,$1000-$10K
ry9xwK7a6e4SstbWyPLL8nQLuUPVFTEwSJ13uTCASGs,9338.036025281252,1133039,$1000-$10K
CDbX5U6eqcGm1iJW8Aq9qP931MqYvgFUbWD41mFQvAZi,9338.028199700864,1133040,$1000-$10K
CirGYco9T7WFfd2tGvug6TWx9uCgbTQCbiq1W4Pbz1gF,9338.015904825821,1133041,$1000-$10K
7Zd5VMpsWPWNfu4uLA9WTvd1H3sfQPqCddeR5vjK6v3q,9337.967890735274,1133042,$1000-$10K
A3dCpqF6y2BeGqBWzT5Jb7CXrZs5PDFJKHFrZPUezP4z,9337.96609954673,1133043,$1000-$10K
BHwtuv838nKjA4MmRZUZWHG7smM9nNZV9kyjT97j7c7T,9337.952204536658,1133044,$1000-$10K
9fJCkyjv9ZEFTWenjtESyMaC4eYzMBqwXHjDd7N9YCM6,9337.943876642117,1133045,$1000-$10K
GMYpLsqAQ2iubMQexeqBGvdPqgMHbWFJojMveUfFZJB4,9337.932099888047,1133046,$1000-$10K
ADur55TaNcRqzRtcbruzcjZyzCCw7iA7hsN739k3C8uS,9337.923524318541,1133047,$1000-$10K
2a4jUgP4fmUnNAFP6DFuWtZSXC74FyuXQ7KHJDtvUPmZ,9337.912845934692,1133048,$1000-$10K
8beSBsBWr6U9Te3VYiwLZGg4ZHPnNFhLriyXR4VN3r6W,9337.886879948244,1133049,$1000-$10K
7ATfnrKTARjhNM7Av5RykWe4eoZJsBPtqqJXgpDRto9r,9337.861450537386,1133050,$1000-$10K
BD4w2RCVMBE238ZuSaUNAoQKQ4cTSBTrknT3zEVzSUzk,9337.848984228749,1133051,$1000-$10K
Apm7CfXuovEF2fyQb4Bdr6gAEdhcwHCq1gHcuFtDCeUW,9337.830752997646,1133052,$1000-$10K
71BjcUBfbF26UpQLmkcAmqFZCJnHSSx8TKAxJPvB3NSh,9337.817120647369,1133053,$1000-$10K
8QVJSKmiYLCQmSYzGA2pw75bX12AAcHgZwZc5dAYNvox,9337.816664455135,1133054,$1000-$10K
5tQ1m7QwXYvqp34krAedcHbHgifX46QZFBWUXjALWAhy,9337.80328848731,1133055,$1000-$10K
DyGzgGYwqyS6umcrZVniFtFvSDUL9n6b7bALnU9GU4o8,9337.800009924817,1133056,$1000-$10K
BR3Q6WqQED5ML5VEqHWKJZsjtyLF8B9kY9fWFzPqjAB7,9337.755000000001,1133057,$1000-$10K
5ACUVLdsuNRP4XLCGFu9fQeKwtwdQv1scM1AZeqGnQLt,9337.729846688982,1133058,$1000-$10K
GHoUPoUy5x6DtUfNkKrNPqnovZWhLgdfrDpF64gXqdKF,9337.712399916485,1133059,$1000-$10K
Cz74Ebm9Zg8P1nhpnU8Cz6A1Ui1m6qd3zv7XmDWDC4as,9337.70526458641,1133060,$1000-$10K
8aUVFDyfxaB51gqMQ6fwt4cBuPdwksbn7HtN2DcJY6Ti,9337.655247890621,1133061,$1000-$10K
FK6Fxw9BNCKd6S4yCeSoNZ8rJACVznHnhib3cPqwxtnw,9337.622146653968,1133062,$1000-$10K
5nqy3AM97dgK9bnizo7mqPHciF6FUBLeqR3mGejFNeeE,9337.611149869817,1133063,$1000-$10K
CbCN1rdV6YPNrJJcKH4ugC2pmsrVqyLf2cGm9XMSPf2B,9337.605540013948,1133064,$1000-$10K
5eaMmqdVxLLACYHLX5MnmrmHyG7JjWcrcCJCMwWutfP5,9337.599008992082,1133065,$1000-$10K
Anp2xTR2LKYPTC4ycX1C66fZQbBGiwpPvGMFgnwuA4ZY,9337.59251686997,1133066,$1000-$10K
A8WPhs2GVLYSePqkVYdTG5SodfYQdTRRgAMNQGot5GU3,9337.59030949959,1133067,$1000-$10K
DLkv9Aa5qwfZK3yxkyDkaKGGesnbFAoUFyFKn4qjHcdc,9337.559574661876,1133068,$1000-$10K
ApVCMTmwQJJrjspk86UEhh1TMCS4ifTNFQCf9bS464th,9337.554949602072,1133069,$1000-$10K
HkbCFx1i8PKVCGLoVFUfvN5QtV9naEQS1KYTmFoT9SPS,9337.553224332927,1133070,$1000-$10K
Dhvu4TGJYtcmz6va5yDgxanVa1EYZtRJdB5p5kLkX1ad,9337.543606708768,1133071,$1000-$10K
3AGM9tuYk3CQWiVd1wwL8sayNPT1AEAN46ReQPJ7D9Ng,9337.532919711157,1133072,$1000-$10K
8PwatPGemiZFS62A4Aj82gzGUUjJqdqMPnzW8f6DTXU3,9337.530553686505,1133073,$1000-$10K
EKkW4X6AgTR5q6LE4cQpaDiovPcw2kbwgkxAgw9HwGSr,9337.513032238297,1133074,$1000-$10K
FWGtAmxLRQV244JBpUutiLwSeTwgv4uEWZXRegqgRKD7,9337.494720040759,1133075,$1000-$10K
CrtALXBqSEbckqYLufqbbfw2tpR31vHeU3AFsBDkmCxp,9337.487273688157,1133076,$1000-$10K
5ZeJrb2zNZSSGvoojC34Z8bhKpazztRPeDDVGDMtxPmT,9337.479136311713,1133077,$1000-$10K
Af9yQihZFZN9M9tLWF6fYEhQP1nZDTNa9rEkFEad8HFb,9337.471151724045,1133078,$1000-$10K
5xBNSFoswymy3GRGMATixYA2iNqpGJcg7hiccRNqHW33,9337.459708195398,1133079,$1000-$10K
HfNsg2o8KsBYnkcfcs91W7xKMYC2fsKBtVnCY969QsQA,9337.454146867816,1133080,$1000-$10K
GH4j9fmuSCi9xL3p91ZUuuKsS2WeatKha1DcTDB3dvCt,9337.45006433458,1133081,$1000-$10K
AAn2EUKCzD2zr5pRwsszu4UAxrggq4yVXj8fR85MGc3G,9337.443093451971,1133082,$1000-$10K
GfUc4a2FourP7KzS2ZBBK79fq2HTFHjKPXxbGPm2sWZS,9337.4311789191,1133083,$1000-$10K
5sNYX98oUATd8gmSsNLyD7yvfv82KHrCnG1pzYT8Lh8S,9337.415969478334,1133084,$1000-$10K
14jD2Mdch2qJ5u2ghRCoSunjDAN9muEUuLY1dfLq7RQb,9337.378288430411,1133085,$1000-$10K
FSnxUVwzGownbjiSKDiUSosJYNvSNcSvYUJeWdnL9dBy,9337.37112676902,1133086,$1000-$10K
D67FUDKCrSXN4pc7XyKT6LuTgc2VVNS2epKm4JshVd2c,9337.368095408567,1133087,$1000-$10K
6zg8eFooXDNLRqNjRAj7KbEryeppK7eexpZDMX5w3bLP,9337.367516241462,1133088,$1000-$10K
jcitQoaXddefnPJd8ZdtkPu9XhNyw8KpCWkpCmV6NxV,9337.36297959828,1133089,$1000-$10K
B5HhjJcwnwUsPbdmXSgrQhXWEiLQwUaf3BgkDjYyQsjC,9337.35319746063,1133090,$1000-$10K
D886LvfMci72h8WNDri7NmDjviJwMFLjtfkppEwTPygF,9337.352074631985,1133091,$1000-$10K
5oEdoeNd4gpfb25yZKJYPffqXhyJdPGGVVJV4CSHxUhx,9337.33929632747,1133092,$1000-$10K
oyJAZGqcNyMDCZecQKq2dSzvVnmwEBLCXyn46P8g8va,9337.295582589468,1133093,$1000-$10K
4Fhvs43sLrGLQXSm3cVuhGpRcPeKfQ8Fovzr2qjDZgcR,9337.25648054332,1133094,$1000-$10K
DGbpVCkLsecmQrjCmPhzz6qP1BqX35TjsuL24c2j1cZJ,9337.254089362119,1133095,$1000-$10K
2kDpvEhgoLkUbqFJqxMpUXMtr2gVYbfqNF8kGrfoZMAV,9337.230550070839,1133096,$1000-$10K
A3z3oekYHBYXLnrJeEu3eqHofDqdhm4aCeZJSGfob9DB,9337.222703851645,1133097,$1000-$10K
BUyKEGKRiDerM6F3kebFEsiEaFnRRUZK2JvSx7QcvSBn,9337.218337612956,1133098,$1000-$10K
FZdsCzJRaefJsp5ZTkBCutstboKGTax6QHE69M3xAMuo,9337.21238194024,1133099,$1000-$10K
EahggEmqBCcNZACCBRZwDhoCAZt3sFQMo387GYX1zpTn,9337.19878377501,1133100,$1000-$10K
H2Vuj4XQAdtvZGLr7SsdQz8hFVDqodD4p1Ep4hkir7v9,9337.188273722999,1133101,$1000-$10K
F9JNbHGL6p8gjPWo3xpsDSqNFJcQiy5dwq1TFaJ6H7VN,9337.17685179933,1133102,$1000-$10K
GhsKVuH6yzVTAFWpTHSiTenLc6sXYMZuch2U6a9c6sfn,9337.150189206759,1133103,$1000-$10K
8R52fXURRwfiG9roAhUsGEfrrHUpW1MF34C9zER7AtRD,9337.144752393428,1133104,$1000-$10K
9UHQfQeMUKqmDbhdUfYzLbVLaktvUqACdgv4wY3KDhpw,9337.144691807764,1133105,$1000-$10K
J4uAHQtqMtC1mhXeDSAoMcDmMqxGbnwecGBfNR4kdnD5,9337.143370467367,1133106,$1000-$10K
8auMeN49EUCMRkg1P7Ewzb3xz1CoGwGo4XAfhm8N3Zaf,9337.073195455132,1133107,$1000-$10K
9JesvBSmes7hnL5DE2CTAyFQkmFviiuLsQgKZgt2aAsP,9337.060889154696,1133108,$1000-$10K
Ha56zRXKCFAapFGhCKpKBEj6beKG2gEQX8qbuC3Qjrxi,9337.055097942724,1133109,$1000-$10K
3RTn8F3kqJw7Mx6Jbxg66y4W1i34SAu4KjNAJznAkw5N,9337.05072935824,1133110,$1000-$10K
9jkGPWHXGKbeyt49rrr7qAibVdHUJnmJw9aSh4RWgTpn,9337.036111317362,1133111,$1000-$10K
5tEcvmHjANqPYhfkJUjoS691J5U4CfzCXLxnJ3e6eevo,9337.026019413439,1133112,$1000-$10K
GmMgNijxePh19HBb6X8gkhu3YDKrQ17MxkQGyPwxY2zE,9337.021581451727,1133113,$1000-$10K
mGfcekWaWme8LttkzKP67rqhSFarwQiad6EDvzdz5o4,9337.017384008903,1133114,$1000-$10K
Dg44eZJSJ1h5MnGjUQw9tnYZCM2Cc2TJsBUKykW7A54B,9337.014332660856,1133115,$1000-$10K
CHbhHXdRBNbHuhMReuRJwMMtRqDFKGWR4y9hH8CHRfEr,9337.006468130588,1133116,$1000-$10K
CebSf2Jedk5NeD54mNCnTfRP6gd33rYTLcknqbNy4Drv,9336.98784435248,1133117,$1000-$10K
kE4pooSJtZ236gKcmLAzHEbyj3g8QNHcezcwwX5rtA5,9336.979682026546,1133118,$1000-$10K
G39psNYtD5xuYanWRKAwUhMvN75gPwprTTNt495hG5SZ,9336.968797130958,1133119,$1000-$10K
5H4DGqu2VwfK3Usuw53ujAuLjvcfKxj7iEhnWz6D8ZuE,9336.966161663106,1133120,$1000-$10K
MuZHbpH7BGZLag28FwiSiXjinM3A6SyX6YT5kfdKpay,9336.944098668215,1133121,$1000-$10K
43ZwbCwZ44DNQ1FqvyyobPiFWyPXMGt6Rn2DTxvv4TDM,9336.919048050446,1133122,$1000-$10K
3EBAmwhCT8bJMJeSAF5VvdByEVrKn96xDrXF7NY5GECb,9336.915795837518,1133123,$1000-$10K
DVxojrdzGJ7E73np2LWEmRyiUSPL4wEon5HZq3bY468C,9336.894444303636,1133124,$1000-$10K
4iQ94yshcdcViV9EW1LdfHXNdanxRAX3Ds6wWupeMwhz,9336.88019597514,1133125,$1000-$10K
E5MXdGM9FT3YckjeBLkjrM4NRLpccMZ1BVkaVzQvMwub,9336.87978164018,1133126,$1000-$10K
BtkpUpj5DxQLAKBxrETk76y7UnPC1XwmFRUUL3iiFDzv,9336.875099668852,1133127,$1000-$10K
2bVxwrkrDPLCFsuZ9wPDZN4N46sq9PkaEtaY56w4nPCh,9336.87202184472,1133128,$1000-$10K
96uem7jDPecRUazwTNbZSAZSLQNVvM4yAJYwNEqMJndN,9336.861213623895,1133129,$1000-$10K
DVUsL54L8u2TzKJpLukBTZm5UNimw6peYDHjkg6aegif,9336.824894822708,1133130,$1000-$10K
A1vF9LJEXYYqRYSSrje9HBVPjJ19nwQXmLmdJhvVqjbN,9336.79112212484,1133131,$1000-$10K
6qAGV584ATGeviuzxjm2czravkm8jxpyyiHejs3Z6vYc,9336.778787271383,1133132,$1000-$10K
5dTzJLxTmGgsmqbAJVHZrmakCtJdB6HMFuccreKJTR33,9336.76536502355,1133133,$1000-$10K
BdfBnxpVAMEagfpmB4E6eDCqHLPrWwE1NBQcUoZ4tsGv,9336.733636086132,1133134,$1000-$10K
Dm1ZNZSSmDmNfWCokBrHXPZDfyP5JvRC682awJmD1xW4,9336.706708380752,1133135,$1000-$10K
BLQdvW6LWKdJLjfQ3RowxNw1E2QV4WX13hpbLCofdf3E,9336.699831959173,1133136,$1000-$10K
GHrSD8AP1MJNrUhJ3T7MUCXbLefb5iknk1e4W8idm6uC,9336.62152265656,1133137,$1000-$10K
2D8vjVb9bCupRr5x7WjTD2Jtz4srjCkFYiWjvs7KrbtF,9336.604833648107,1133138,$1000-$10K
2gxV2SPgPFEaNa2p4Hma8BSeMZhyoK13GT3V1AoD671A,9336.598335903025,1133139,$1000-$10K
911zviX4S1EdHtKSjMiBr3Hk1RHHurLJ7W1oJjtxTSWq,9336.597029011124,1133140,$1000-$10K
ER4vEfhUyWhL7UnjgLpZRkfeoqYxCk6o8JgwoAdrgYUW,9336.596234265733,1133141,$1000-$10K
4u7iqAv9vzBVWpbvijRoeYFXBMswFoTPLNZwug1TreBR,9336.589261170986,1133142,$1000-$10K
7tzi5wMCVukBY9wFTvGwuuKmCxvuNKPQt1fdZ1AEYfYT,9336.58437569085,1133143,$1000-$10K
HnaqAvG6Juj6uYiJSnYkKuDaLsu3ytNpXtfxibKSjiVk,9336.58401177099,1133144,$1000-$10K
ERHmRLEFEzoKnKq6vyoMquE3mJV8L8HK9u7ZfQveBBLZ,9336.530917142065,1133145,$1000-$10K
ChenKM5mRDqLaFTtng3HqsJ8hV3EQNp5JniUhQpU67uv,9336.527832877622,1133146,$1000-$10K
8smsv4pbLYTZK71UaWKLzt7TAdec5MFT3FnF38JamnCQ,9336.522791449466,1133147,$1000-$10K
ERQ9TGGxC74FRMkyGhaKJ5C6zGA3KbGY8aeTFuHb4wZU,9336.512682974242,1133148,$1000-$10K
2yBsQTK2xnbCDCKtu3kni1M2cXDYPvHCCUjKWnvDM3aP,9336.458203905948,1133149,$1000-$10K
GXiR3ms5zxKQ4iiQ1ZsnzaqArTfyJPdewcoCgP8iDKwc,9336.45532923027,1133150,$1000-$10K
H7YYP17a6rzKTBTSjRx37RhyhZ13yAN6eSv7mTfLzbPt,9336.4508571876,1133151,$1000-$10K
ZH2swknJPz8SwSo9C9ENcnocG3wEJNTmZ9mZX6GG3hC,9336.44440826825,1133152,$1000-$10K
E1ruiC88UbWpXYtLViJHvQ927WHBe3J5iuQXDRWqJKXg,9336.421578138876,1133153,$1000-$10K
J5GTMZfDYoD2VRXGvWLHVuhbmXeYiRG6vM2piKF2Hrx4,9336.325583320564,1133154,$1000-$10K
DRGhZtyKmHLg21yCTMixA9WGnpTZrP6GKpz3G3tUnQG7,9336.323506250432,1133155,$1000-$10K
95RqwryK2ja6HFvArtvKuztXGgktD8sLTyzrcM85eVRG,9336.302964953027,1133156,$1000-$10K
GRVJkEPDaKbbMeV3jTjjFdmmd9Z7eXJZKB8MCHt11Jmi,9336.286934621205,1133157,$1000-$10K
HmfkzJ1wtX5cbYCG2VFhwmWdVV7ajx6XJy2wSJ6eLAia,9336.263067105727,1133158,$1000-$10K
987DUq78jqmPuEVrmZQxYmVKAEC5TxYXWDoE8qnSxgMz,9336.25993934798,1133159,$1000-$10K
BBczMGzSDpzq5zYzaq3eVYHo9YvgVTfTovnWXQHRiq29,9336.25580789867,1133160,$1000-$10K
3aUMC983B69EQadzaPHBC5dTJuArMpuJE6jjEgxKFWVj,9336.243748901448,1133161,$1000-$10K
DFVvCA9SuezWumYpi3VsDoyuMAfanvtUHKvkaB7EHuq5,9336.243227342788,1133162,$1000-$10K
CqiPHNGYn5A79UAqHqfKdwxHoMjvptgSyLKrQfsKSzAA,9336.227071014384,1133163,$1000-$10K
Aa1v5APehh89kvSDeNPcFnMGTYjWr9AcqsDKroK3p5g1,9336.192526620907,1133164,$1000-$10K
52HxkXUs4qQ2uFgouTNJXeCwdHjxNqdsczyJfroUUvfk,9336.186614340833,1133165,$1000-$10K
2fqyQE1x2ckCCvN3iG73PNBR4zmAF6oqz7BDo7xgEYxf,9336.160529460149,1133166,$1000-$10K
72abQ1VrFF8maCFRyW5WFqSeYmqnJKgZVHbSXeAtWSqc,9336.155037158373,1133167,$1000-$10K
Defa2eS6wEtGiTysJTQpfJ9Gwye33ey78GxgWL1ymLGj,9336.142225221472,1133168,$1000-$10K
BEhnxgcHv3dTfxYY4zz9dFz2EPPXWf4E7C6Ks5fefrB6,9336.130796636171,1133169,$1000-$10K
FQi56m27VK2QuFHuvR5Hjq1j361jb44HkyB9u6XzMaDp,9336.125094763676,1133170,$1000-$10K
D4o1TdQkCSzADQMCWzSzzpohtVBQN2rsTgX8jvnvo6S2,9336.108371045302,1133171,$1000-$10K
ER5Dzg6r6MqZNZ8PmiakfDwjcDh5QxewTuKekmov9E49,9336.083523330191,1133172,$1000-$10K
3H1uEX4YnpeCSiDBbnyZ7oruyK6ijCsWMym8D1u3ei8G,9336.06935221937,1133173,$1000-$10K
4FgbhJe2UNzzFrxReLc94tMy1MUoBwaS7GyQAWuYbQ7q,9336.063814554602,1133174,$1000-$10K
Cxf5YoqHeCo45u6zWDhy1RKvCuRxh8yqwVwTJSKMXKAk,9336.011276867455,1133175,$1000-$10K
BRbz6NBRcG8F3enZxCLXuzG7ityE7PS2nVRpVr1HDhrU,9335.990975728477,1133176,$1000-$10K
3kSeWFXXbSVDfVdUqQPvGGPfNpJrgubvgzmNaSyBHswY,9335.985033188415,1133177,$1000-$10K
CpmUSAKTT9gzerq9EUUsvGEj7dpdvZUvhu7Ppe4HidSM,9335.951350706178,1133178,$1000-$10K
CpCrWH3kE1wbBbqiSFbERWBQ2mKwHhkvTFc6Sj9richc,9335.932866554218,1133179,$1000-$10K
DK5Q1zzJdifxPmyoBjcmyrUSau5pYjrYGVG2m3E9sgMX,9335.90977556128,1133180,$1000-$10K
DoEBMoNtb2TMi7ZMiMR1jKL3EQkfLTdj7mLMruUBSp7G,9335.88512678004,1133181,$1000-$10K
FLVJeXYAVi6uC9KtTtoQv6zo3WHzHyBonE1xyHzdUt4X,9335.851707874452,1133182,$1000-$10K
AmniaoFUQDQEPq7TxMCbk2xBsQfgZ2HeCMfgDSbbGJWX,9335.8515253734,1133183,$1000-$10K
HyRovRubJBcXMKjRJNsyv1jZ2MgcNiacn9iRXqsUFc81,9335.844910740545,1133184,$1000-$10K
12mgZHBi2VAtdGwFkgM7sa3FeufPo8jZ6xZjdz8t9QXQ,9335.828436031263,1133185,$1000-$10K
7PR4BFZWKHL98QREiLgm1wJhCTHbd6yMJhG57FBJoPRr,9335.79256031884,1133186,$1000-$10K
AdYgzjzZjPnk2MjNK6KzYMKDxo1mCdWVtXCSjipp3NDm,9335.787817962111,1133187,$1000-$10K
6Ku6eJXWsE4w3kKdU2dRWLh7ZwX2sPff6SCLpynZZwWf,9335.770084988659,1133188,$1000-$10K
2EZsc3KXSRusWxWnzEd7efQFcaxYpoh5LkwtvWohNKZB,9335.739898809466,1133189,$1000-$10K
Bqc7R6gvRaVRMFEdgauuf825wEq6NzxnGtgiMhLQVBoi,9335.732313176817,1133190,$1000-$10K
6scjTFBsK1N9o6QUs3F9FdpTo4jE8ZAR2PVoH8EGkHY4,9335.727942381518,1133191,$1000-$10K
FMgBsp2rrTa2FXHt7KjbRpR3RjvyPapNFjxmc86omW24,9335.709550123089,1133192,$1000-$10K
E4yS3LhrZfXdp63yTtJnGbDe7SdF2TdS7L2B1s5k3pWc,9335.700542213825,1133193,$1000-$10K
FZn5sUkoxTuiaADTxNqLx68kwm7us4dKyXVK2E1iyvjz,9335.693213431477,1133194,$1000-$10K
7Fmct9xUvuWpA6PdJK1u9WLs6VRYj8L4w1VRFrnTx8Bg,9335.66834724805,1133195,$1000-$10K
DLWN4WtNxgu3WJgVEVoMMFtSqBMyJ7tV3dEGaRTPLcns,9335.662292266183,1133196,$1000-$10K
1S9aYxnREvbzQwXHpVdy25ccknWzwCrGuH6iNz9p1P3,9335.6171976084,1133197,$1000-$10K
BegeeQ6mnUKopniwszTAwpyPawyyJuiNtnb4kLpLzdNL,9335.612591630059,1133198,$1000-$10K
DRGxZ9hzZiQHDbL7HHY9CcCAn9MBwmAY3VdctuR7VGGj,9335.61240343321,1133199,$1000-$10K
HXSoLcGewiZLLxV6DPVzLeoT54hefPdRUuNUFYC3qXan,9335.608549701677,1133200,$1000-$10K
CpQhJwTWLxMr3rtrYNxaUX4ev81hFbLVF5TAeD1DZRc5,9335.605843403939,1133201,$1000-$10K
5njqKeU6rnXA4AfvNyZAM82ZM9peA6pCbYvjr24tk355,9335.597021737838,1133202,$1000-$10K
8h8eb35S83SzH3Xvo8VZcwNG7YQRjGCayaG3kP8jAY6w,9335.587207088418,1133203,$1000-$10K
2BSsnomw4RrDgwcqZxR9JfbXJWVDFhQMQfTG2FCmrpVK,9335.570302030148,1133204,$1000-$10K
9ggxM6y5GSB4Y5MYZTLjYFLvUS8XZYHhToawhV98izb7,9335.56980489279,1133205,$1000-$10K
3zGTkqn2jFnU78j7R6oBx5WnYqaNxFLrGio8cJiqgSeh,9335.566741820132,1133206,$1000-$10K
2WWgQJ5QMncEpvj8wvJpjvtrVgKxCDdpjsTUa99W5UhS,9335.566335352281,1133207,$1000-$10K
EWCKDKxPspJXygks97jCq2seirqEbCH3dvmTfJFZ9h4j,9335.560103202239,1133208,$1000-$10K
CXP3WD8ahKdg3sLQBoJZ2zdDp6WXWLrJQ5NK85K4iPq8,9335.522063106955,1133209,$1000-$10K
5jAn3FMWZ11bzfBf1zaPD9hZxW7EXc314bdVQHFDaCdG,9335.514849749708,1133210,$1000-$10K
AVocN7YXTYznrRA2wMxq7fpVFvB8MJUc9H9XskXgrFvQ,9335.509957985987,1133211,$1000-$10K
HNTWV9PXMyhY9oDJNUKR4xKJfbNf24bPNxKQC3e6hdUw,9335.501602020671,1133212,$1000-$10K
FnGeRqQcLtPv2EMBrXhpTAfy1PL9Cdug1GTb8R3eCrMa,9335.486228474883,1133213,$1000-$10K
4akSB7X5XLPA99h5q5gRNDmUsfvQtLRduEBeV7d1dVYF,9335.465228500647,1133214,$1000-$10K
9P1pakE4JoUBuupcBphwPcKFnAJvK8ah4tN3wwz3PYMK,9335.460529501921,1133215,$1000-$10K
He8FeijpruRcrraJacMSr2vZgkFAweyfgLdC589zpU7s,9335.43672914677,1133216,$1000-$10K
Hi3zRHwLzda8Uhx36nD2E82949PmELxFhH2v6RhJRqhv,9335.432769859719,1133217,$1000-$10K
Ed2neto3g5Pyn7kFHFBLDHF2vRjZPeYyVjaDSGZJPTjS,9335.425104391259,1133218,$1000-$10K
7GyAd3SuJbzcUVm7tCqe3pkKe8hgTfr2KN9FW6kErdEg,9335.394070367527,1133219,$1000-$10K
8e4GpKbs9rDjp4wydTXw27FHkAF79Y8NFTafcPtaSy1o,9335.393736879945,1133220,$1000-$10K
8sAHQxGSLrH46qCDfVNeYWX2GikVCGjayrWwebkDHcbD,9335.374474008027,1133221,$1000-$10K
Guu4rznC328ygDAkx8w4e8W9Bt31tMFPff2T64PNAeBd,9335.37175733879,1133222,$1000-$10K
Hjbqj1EwSSXXoFAhS4Ks83da8T9hThmtNzKVgnCn8Q1d,9335.36143313642,1133223,$1000-$10K
AQ4FHprCbUZn75zMgXQZZDH656nKDkspwyEi3ihusxZH,9335.360080828024,1133224,$1000-$10K
6BKxk8nbVgvnJe3TXDDzbgnc6AFYVqAByERzyZeUMohb,9335.33582087607,1133225,$1000-$10K
9vi9xmv5zpEV274PxuLDCCPGEpzYWFCKBa7TLXLtctnL,9335.325779757286,1133226,$1000-$10K
2BNpSjisJWxtvcxUZTMKQMntKEDvDVvAdGyLA8qYmneq,9335.323394829651,1133227,$1000-$10K
61wyGV86CS1o4CPdNb2gDnQYnC8p5PnSC1tgPBtsSMNs,9335.277683830922,1133228,$1000-$10K
A3KvgwxwYxQ2hsFBGU6gbTBjoKNwHkz642kx7YfhPXKz,9335.26589077555,1133229,$1000-$10K
H6GWijxfBNjkwhqYPAcK1Xhqkf7VfQmc1HFMAk1iUas,9335.255812219353,1133230,$1000-$10K
3SnP49Cn16heo1UirKVtcZU3vhwMjriqvFp2nSSTpBFJ,9335.24438431132,1133231,$1000-$10K
EyJw41E1enqMgXEnvCohF5CdX47xT3qyEuCjagX7HkY2,9335.237036895729,1133232,$1000-$10K
AQSMoHVEnYAxQLXdtctKn2KwkjvVrAs9aM8CiYnxeQQ9,9335.235429926857,1133233,$1000-$10K
5PBA9A98DpHMQRBEfQpYhgBJjLEjeLcNb3VFM5QSeoet,9335.20342753301,1133234,$1000-$10K
9xCF7UF7S6sho5TGM7mbdPxtym2BshgKZTNzaUx8WSd1,9335.20225493506,1133235,$1000-$10K
Dyyo72kko9szqi9VoGb5iLkQeWPjsM5UMBEoz85G6MGf,9335.141972858508,1133236,$1000-$10K
9NLkiCANTMmAas8qZDEBAFAUtfUTGiUA32ajLpsLUBgf,9335.076522042327,1133237,$1000-$10K
4yoTJz3c4gjVNs4tBp77yJruwNoZMy12VwSsYjvAJw6Q,9335.062925620838,1133238,$1000-$10K
BTb8c2EkLxSD6ix4RB62VnuZpejZiCYRB5as4s1AcQGD,9335.03850588759,1133239,$1000-$10K
9B4HY8XEb4z93t9n8i2uJQ7m6C4WWtjduNMsLEjrpGVF,9335.021314290456,1133240,$1000-$10K
CC5evu69JyBUnLDLMyLGyKKz6btAGmMRQD8k6ptMWcNB,9335.007928324796,1133241,$1000-$10K
BeNytkinfUhK46er7oQhJQyZnr6HbstBSsvqJP47zCcz,9334.96419863035,1133242,$1000-$10K
BvQxHoK7k48Ehhj6n2fAPNDE6SjikRQky22kYqWjtkuS,9334.94522879572,1133243,$1000-$10K
4Xu4BAuCvA8maYyWc6ZnaJCvpTcije89tXgZVPHPZyAg,9334.931732451838,1133244,$1000-$10K
J2gV8Jy7iSaacktrN2Ktk3YkFx9XeqEDkukLnyLTKZUq,9334.922986551908,1133245,$1000-$10K
3PPGCzzVENDVJpvoJecGH6DNboidwggj88TBaexdqg58,9334.88978064498,1133246,$1000-$10K
2E3KDBf7urAPpZ8QFff79nVnJVCpCQeYLKToYHs1qvPt,9334.851818007486,1133247,$1000-$10K
EpqafoAaVdci8A8iStM44LgEfgF4tkgtvUQwBmV1a7ZJ,9334.818789293802,1133248,$1000-$10K
92UzkhRkyf55TSFncpdABhCzp5xJSXHJeJdeWWAhPgnR,9334.813758841534,1133249,$1000-$10K
Pap5b71RsXpYkGhFNgNXtEbp4hDTDBxantD6Xtm62oh,9334.800678566036,1133250,$1000-$10K
5ZQ9jZgEaTfNjUj5dqpDjwEhH6cQEwh89CnVr3z3yqFH,9334.797015805123,1133251,$1000-$10K
4z7Gkn1AeQYxFiJ3Di94maPTUoagGMXtRTHKQagn24jp,9334.777799197933,1133252,$1000-$10K
EqYWTyzx3qk4StxVuNUMAf5kGd4SJWSdLRgESpZs7eTe,9334.771267470902,1133253,$1000-$10K
B25nZ2LJY6WW5fJKQisCd7ppM3JtRPfd2XhGwPhNHjLi,9334.75708370865,1133254,$1000-$10K
HrWrwosYyViSnNztEJ3Mq9YwM4UNuFLURSqcYpCZ1mzd,9334.72811272008,1133255,$1000-$10K
7AtkyESzavNpm9yEE7pYnK4JzY8K4ZzfrhhY7Y87ftvW,9334.719418400078,1133256,$1000-$10K
2iVcsudJtWnVmftvTvjs9TzeKYQtkSsJWrsHemcB6q6E,9334.703540613398,1133257,$1000-$10K
A9o95nEb15Vvwuqiyr1jeff8ckqXvtZdD12PbkQsG1Na,9334.680936740553,1133258,$1000-$10K
8P6Sncww2g6me1Prpf5TfXhvwzZivPLwqYBmQ2qZe3Xu,9334.674992672552,1133259,$1000-$10K
E6HusHMorQGSpzidZEy7JPvTgas1stPTuoXCCx4bLjtu,9334.640041306704,1133260,$1000-$10K
DFGYwrcs2yL2YeZaQrpfHGKYrHUmnwVQ3nwgFG1CmpLq,9334.590666120366,1133261,$1000-$10K
9V2rFp3EXT61zXS2L4SL45UkL4wRsvxJtgEF9e8ue11D,9334.587949109746,1133262,$1000-$10K
AjrYzRgxCPEdythoCZ5P1cs4MzXEyszxewwPbkxNY6nd,9334.57807159044,1133263,$1000-$10K
C3SPCGY9vxm9TtAZiAdhxzmxkRk578ARgwuBTzq3CPdr,9334.57180607337,1133264,$1000-$10K
DJTQuRQHKLuzRhQVRre8wXFEfBU1GhaZqzSqY33HmyDP,9334.532967632043,1133265,$1000-$10K
DUQVQxqDmaiDsY1vyWhyjoM27bUscE6f5fAaNczvgrts,9334.51430130445,1133266,$1000-$10K
76peohTx8co5RQQjG4fHkqnoJFRUzDvg7AthY24oi8qo,9334.500445267418,1133267,$1000-$10K
H6Y6CFEBW2uyVDR5qTBtiE6tfciDrQhAex4FdWGpNaRx,9334.450691745958,1133268,$1000-$10K
9395gixzGBveHcpGL1H28u6RkBakqLDtwaMn519pY3ZM,9334.443684583497,1133269,$1000-$10K
6NXudFA1Pd9wzYbHdUNFkwADRvxAwmmLJtvJVTtUWg9E,9334.425459811218,1133270,$1000-$10K
DLHUSSBee26CSMzKhPRNqFnRrqaz5jAi87qAF7nMBEqo,9334.420218011912,1133271,$1000-$10K
SidoHUwcYbZTwXHuX8NhhqM17vr5KgwJT9FmeddNapJ,9334.4133355766,1133272,$1000-$10K
BYxDTuk3sWLiMhuU3ek6iG62Aq5XTodREZyYF6GSMfkz,9334.402173369412,1133273,$1000-$10K
5B5dibEztz5fAdb3bugB7qsYDcPcMMNBDhY5VE6vXk9b,9334.399465199629,1133274,$1000-$10K
7TrWFCjayu4srxS5QKzTEMCRjdJ4yYWTG31qkpi6ut9p,9334.38756206696,1133275,$1000-$10K
4QnFQYM9Gtkq39i76HAi8FYmsfk7jj9Dvb6zq5Bh7rML,9334.321795678099,1133276,$1000-$10K
44UwtTmSeoW6ScAHEX2bMqVLjJYLyHdgMknyhBaNUVQY,9334.321119434206,1133277,$1000-$10K
GgGZ5aKuHST7Rw2pbujovRQRtATHcJwNnnPv79Tjkhn9,9334.248134085843,1133278,$1000-$10K
2iXRoYLMAv4RrMcAx8d7NuunzsUFvVVvmRmf8AJgaVF4,9334.19816426639,1133279,$1000-$10K
24fTdn6ch93BK34nwJUsEtJqovCp2F4J21UfpxhJU9PZ,9334.196231095919,1133280,$1000-$10K
8jFaNeaNVQbY4BNrT2k1WxfDKWWyYMoBzM59JotuV7zH,9334.185510870931,1133281,$1000-$10K
CQoL1KR9bSBCMJqhiqDMz8XtDCdLXBgfLt3p1qUyaKa1,9334.141326440933,1133282,$1000-$10K
HtLdb3FyRHFhibUrZi2yWKzig6MdASDpv3eosj277pXX,9334.11818825409,1133283,$1000-$10K
C7QhdumtLu8Ps992JafJKEN9tv2eX8uZ9bCCFpfeDaRy,9334.113083599552,1133284,$1000-$10K
6R4J6GRstkCLz8AKfwb85WUb4DWjHc1WgG4ULrP7ZtC5,9334.08719279693,1133285,$1000-$10K
BZNo5xMonUmqo2bx5kqPxqaSihjbqMhAQDPtZzvQ9944,9334.067309692087,1133286,$1000-$10K
HpZH3o6vJC6myhLauSPUbqzhQr1z4WgycBQ7pNmcazF3,9334.064018809968,1133287,$1000-$10K
4n1yB1UJciiD7dQifBpGyxhTLX8UwF3Q1vd4ro45CgNC,9334.05695921237,1133288,$1000-$10K
9bDJtypty3bAES3tcRDW4W6u2EvsyBtje4sxBtT7ZiMp,9334.04297585185,1133289,$1000-$10K
Mbuf6jbSbWaqGsqF2d3MGiKDNxDMTc66DskjTgMrs2k,9334.031126585149,1133290,$1000-$10K
Hou9Ufa7YK7nTfPE8K8eGjrnHbuGNJ9aSPcJtZd4zM5K,9334.010015772836,1133291,$1000-$10K
F8rbgCa6QiGaagGVahQyDHkFfNxYdkVVY9NLQPxKweiW,9333.99618541607,1133292,$1000-$10K
432kzFPMwjN3uEHnTwTCkbdtk7yzUKaZ46iKbM6M3equ,9333.975950670068,1133293,$1000-$10K
5ZhAx3Cd4XRqGbpwULvffRrhS8wdpfya693szizGZfJ4,9333.969846680324,1133294,$1000-$10K
CNx1VCRv9sZ71wUUrtnwj6BBhM9Pf6XutUmWkT8WaxQL,9333.96761611773,1133295,$1000-$10K
DivPxMjDfyaTQT9twQA6pcwVRj8bBCq6veBeYFe3sF1F,9333.95613497648,1133296,$1000-$10K
2P4rsmiS6VjwjXVmyKD6PX2MzLDJu8Z7EY7APg6t5SaG,9333.9304531484,1133297,$1000-$10K
C21RwwFdMfFSAGuxCR9KmocT8xSNovgQKuzNuRuZjF2s,9333.910146528997,1133298,$1000-$10K
GxrruSNhfB3ca9R4ZTA9Koo3z8NLMDe9z4dWjeH2qBYC,9333.906222901373,1133299,$1000-$10K
E7evcf4Wz4gEhNE7raLQevJN6gzJHqKkDTgyQJJXEGpC,9333.853922911996,1133300,$1000-$10K
DNFDxksgBZELwz4DeWrJDRyyhW7MxS5cvqaMFCzT6t2d,9333.83169963603,1133301,$1000-$10K
98LkYv3NzAZM1yMkKNFqZTiCLh3ReKimyLN8cjsDgxqL,9333.83049801444,1133302,$1000-$10K
CWGAxyFkcyT9dSYSXmLrnR1rQrYZTiwdZ4RVSFhQbShE,9333.816880165885,1133303,$1000-$10K
9gKyDSYQXXs6KpmNks3gxzU8RTH6EdWVhmWKnPWPxbyA,9333.787415766737,1133304,$1000-$10K
CpTdSip8Y6S221NTEGtdQJiuSTU43JZpnPHtfa66x9ak,9333.772356780775,1133305,$1000-$10K
ExBoF42MDpW6mQNmB5Tx4ooUU6M4DKuCYsvyXrT8QJ6Q,9333.77091709124,1133306,$1000-$10K
Fk7nB2gfjYatyXSKGnegx4BM1HCM4Apre3yv3tzGYLs8,9333.74307873681,1133307,$1000-$10K
2E3qpKuz95i4p1TKyW7NWXHQdwmUBCyF6AKHe2cX4v62,9333.712407246487,1133308,$1000-$10K
CAbfP4Mqhzg33CaeXZuGrpWqcjBg4XQt62MaJ7BcEF17,9333.69140920233,1133309,$1000-$10K
9v2xDv6GfhvM7ZSz13VTZwG6TYH1Jh6e5EpFUPFAWkDr,9333.68675931102,1133310,$1000-$10K
HUQkixqsMzkmw9Dkjg3SJ44Ary6RG1U5rR2oyFns3SiP,9333.682510791888,1133311,$1000-$10K
4mGMsuw2HstVEzAmRjKuEa5Y62w72rqo1ybnHC9hAE5p,9333.668484446769,1133312,$1000-$10K
CuXcz2sBHR2WGvBVUAa9oJDtXNNm5wARVmSkL3oyZY9Q,9333.634446540726,1133313,$1000-$10K
BBSgxkTErUr8PXkiMCBfNJEo75iCkb7WDbcBWADrFBxy,9333.624222024022,1133314,$1000-$10K
74C5w1rKW8UVGgRpfnR5GetpFjWFcmnQeKZChVqx9y7P,9333.592094205256,1133315,$1000-$10K
7tVoZ1CdUjtnNPaJYpESKKVU9QvFBMiZ1ogjngrjEZEq,9333.591921332818,1133316,$1000-$10K
3q6XzSDwiohZS5xaHyDrJrPwNd2HqGaFtPKYjFLLfXwm,9333.574004301521,1133317,$1000-$10K
GgznkyHgKQYac8hUxVnRUw6vw6PTHRHPcT7nnmr1Qx2Q,9333.57143150314,1133318,$1000-$10K
m9fthk7jBmYiWt3ibN7B7cYrrNLXj3KV57gQNdshAYm,9333.569522601765,1133319,$1000-$10K
4dfV6S4hyc44uj7XMVVntB5thyoaiF8BcUijaNMfahPN,9333.546429943719,1133320,$1000-$10K
EYDs19TS2Be4o4aNTHWQZPUbPn9UumJkvYVFvadWnnMS,9333.54389448,1133321,$1000-$10K
5aAWe7DKRDWgnd719krCSW3aYyBafK3NhKug7s8R8TZ1,9333.455687814438,1133322,$1000-$10K
5DLmDZxfx6hRwAiw1XUmbuugKisnVBfHdoeLqruU7FTY,9333.454600840152,1133323,$1000-$10K
HheEyVa54GmYtFbobDKY5qBsJY1oYdk2R9hvr46FUA3q,9333.44257611911,1133324,$1000-$10K
3VTc4AfMtXhRCCTNua7iPHqCNdDxprCSesRKM4mbHFU2,9333.438349113561,1133325,$1000-$10K
GwfQhBPmAnEqEYVkSTnumzAaJqrxRyZf68cvhMVc4fBF,9333.42498135001,1133326,$1000-$10K
HZN6SEpC2RpkDoykk39oB42EjTkP7PivEC5cPkz7MTX1,9333.368626703812,1133327,$1000-$10K
FxHJbtrhXmdsrz8wrvawpcrw479qQnJh7nc24AjrPLuD,9333.36629397757,1133328,$1000-$10K
76U24GPd4M9gkLJS4QAbQta31ELa5PYJd3oEW39QJJty,9333.3538420817,1133329,$1000-$10K
jVvW9j2AqLhvJo5RHbtSJnoqa23CqvkVrGtbsYFYPFp,9333.349538407612,1133330,$1000-$10K
41X9gUdcxiM78btUAtu2qNFdXMB3XNsY3brjUPZ9KPus,9333.346600477667,1133331,$1000-$10K
AQFieeUX3WLvyWf1yY8CTmkpP8PoEyJfHcWdSG6ZwVob,9333.317571296846,1133332,$1000-$10K
GTzqUAXEG74GcY5VQxwwfAwTAs679eHHYwPjZAXJr1Md,9333.306581343299,1133333,$1000-$10K
BGtzxgcEdzkXi6un2bKdLZoBTCDMyjrk3J3LrZ1KMGXZ,9333.298815375309,1133334,$1000-$10K
3zTAxX2dRqCwgPkF4NbjPZxzk2oTiRaBX6XM8grUU14w,9333.288004975539,1133335,$1000-$10K
GVkFsPpKZW1RHdHkoNC5d66Y2viGSpLTTMExu8fVdEZv,9333.28455628804,1133336,$1000-$10K
7ZjPVV4Ne3Ranq2TK4yoV92w9DEmCy22NMfFKEjSKmgU,9333.268851082765,1133337,$1000-$10K
9EdM7mxbBgFnUjGdRrMVnesFztKmLi3R8YifBsYwCeXM,9333.246831904438,1133338,$1000-$10K
8sPbRKmtJPTv25uz5seYZQbEYqWAtJWaiFP6qWUjvHv5,9333.237361246465,1133339,$1000-$10K
EaWRcqVP9m7stQic7tL1EA6wJykVCVPvoP64RXEJ4zrw,9333.223465535992,1133340,$1000-$10K
botMgjUo69nhqf1uGNUsJGWLnhjj9BDTVhwBYp5UUUy,9333.222627502673,1133341,$1000-$10K
EJnLTxcUQ8sJoyBu1rZx16fiSyFxuP2TyftzEVNo5JuD,9333.20039413742,1133342,$1000-$10K
Hpo8zysYKSjAUidDQmAkfBQiTsd18exjsdTWaw9f3Mfn,9333.160033193257,1133343,$1000-$10K
9XsQ7np5EUkxx3VtdLyPhqWRKVXxs2bKcv3kaqT5ttrK,9333.111976022636,1133344,$1000-$10K
Ag9Bb8B38YcRwkJSm6pfUWzH2Lm6BrRyx7PHBKSaag7o,9333.097640425769,1133345,$1000-$10K
69kVFx1k9QUZTrNphd9NwH4XLV8u4niXFgsuggkzTgfN,9333.067779127285,1133346,$1000-$10K
2jYNrETPjfdgcqdzq95a6MrmE7MXaSV1Vhcyf3omJRXL,9333.063555527173,1133347,$1000-$10K
2C1UYrSMFSu5u1Ea98W4NND6K5JERKcb1UVnTfSkdrNL,9333.020132615346,1133348,$1000-$10K
97bTgN2k7faPFFHVqM48FywGqFx9YcXFzS7YvqmDuVqh,9333.007617944171,1133349,$1000-$10K
5htvWvwV6KtsmCXUFhzaG3jWjeTp4GmT9uqxDBEh4fAG,9332.983945496508,1133350,$1000-$10K
BgPoaf1xE3FTwfXqz5Uf18wnS5wRdGLnf6ou3DGaUdmW,9332.97737632894,1133351,$1000-$10K
t5zG283pQPZzyARMxfSrYMQPfyKLnyVWHCw2wGpcuSa,9332.962882513231,1133352,$1000-$10K
GsZXQgppAqdGMjDSx3QVdzEM47evrcHMcVTC7YJMWAoK,9332.914705807892,1133353,$1000-$10K
H3FxUiVTP3r87i1m9DmwRmxzSwfceT7PBgLfYQwMFHgz,9332.904591985991,1133354,$1000-$10K
4ftTf4zVb8ZRunndExtpjkHqwuEpGvsp9iyJzBmVgibX,9332.897124773908,1133355,$1000-$10K
87ZDLRrWErXjFmWjSjRSsuwNWtXr9FiMGxmCFcnYLoAc,9332.887014839263,1133356,$1000-$10K
J6GE3EtHouSEyTtRuf66xtqna3xTXTYHUB4hdEAdhdfE,9332.87692532835,1133357,$1000-$10K
6SibTxraUcUaJFHboYL15SttHWGoPgKzko8ceuZdfWUz,9332.87103629521,1133358,$1000-$10K
6hVT7x3wF5yH2XRdz12n1Z8oUwkNjo3JCRn3Ei3omex9,9332.870279486116,1133359,$1000-$10K
C35fCimEm78MarpVikKQffuWpEGzbzh45CMZV9rxaavW,9332.866578280677,1133360,$1000-$10K
2hKKAVaPeuJpGrHHTRXhm4rSU5ZuMCzMjm8AniK74Z4e,9332.854060188609,1133361,$1000-$10K
ExsL7md3Etx4z1QxPEdVNSKBaaJAX1kZJLcKanJ44LyV,9332.837322267305,1133362,$1000-$10K
5xoJqgAaZTw7tdGUxa8hoi4iBSbTr1DVZWFRo9YzoGFq,9332.79651013662,1133363,$1000-$10K
2uqjLVzECrzZg3dUqrFFSCGmg7u3k8YoroQU5DMchr2x,9332.792398741985,1133364,$1000-$10K
9zoifmmHvofTsrTULsyES9SQU3ogDxmj63fWnfuRHLpr,9332.726264702189,1133365,$1000-$10K
H9B92xKJSAUJZpLTxrrKRtt2zNBY6duufTc7EDHxxxhf,9332.723107688711,1133366,$1000-$10K
5FnE3hPNBfdTfjR8vT8TXMh4xDNEg2FxAEXk2kEuKB34,9332.706895889312,1133367,$1000-$10K
6PA6XTYC594aZRbTEyDpCVwP3PgA3uaNmhBrUpr3uJJr,9332.70474626454,1133368,$1000-$10K
NT7Bi2DU3aZBHFFnYaTidcMag3ATzs8q5z9b5DTvsTz,9332.66731125427,1133369,$1000-$10K
7Rtya9m7bJdJhT7FFKtkQiRMeJiqg3NWg2saHQSYJtrL,9332.657048695582,1133370,$1000-$10K
atSLofhUuCzXMJGhVLGeU5afqgbgziRnteWdnFpaHvP,9332.622564836825,1133371,$1000-$10K
8LM1HYVJBPWt6zjwfhi4SBwsPuiMP3S9TqX3Z6qQNf99,9332.612250032716,1133372,$1000-$10K
656TD62dD9JHqSG8FtaQabpqLw9JRnmiMAS1xEN4LERN,9332.610726306128,1133373,$1000-$10K
DYpRAeMFnpi87kuMbA2nFsopnifYw5vrj4aEM4ncgo2R,9332.607193211412,1133374,$1000-$10K
4FKabHtz2ZaKMxDxeQpnhrHbU5xNQBkozjhd9ZNxW4WJ,9332.607184237198,1133375,$1000-$10K
BZ7Tvu3DgF4pkC5QN2czNy2n768ovXCm4gSfZ5m82HPi,9332.58238199187,1133376,$1000-$10K
CERxAzsLetYTYzCGjnbcx6wjTDRwK6NbLb9kicNvcRje,9332.535287547771,1133377,$1000-$10K
BnZKQwfP5xo3QoSUm63i1enA56vWKmBPpN5MnrRjQ6ou,9332.5330650352,1133378,$1000-$10K
AeR8iCyTg5GSZgufLFzKgxW61zpoBEKzhegYvJUV6Gmx,9332.527575144053,1133379,$1000-$10K
DdkqtGxmHF5JPpKpzGAJiS69yKsrQpS31upXHPVpnFab,9332.501155948474,1133380,$1000-$10K
7LEiHMapBScVGnoaW9WD2agvAANDy5hda99Q3PMXMpKR,9332.491086146787,1133381,$1000-$10K
HDxjBrb1MwFXfrmtjHToWxoqbPVh9BuuFUSASEtvmSna,9332.486581946076,1133382,$1000-$10K
FwdZ7riDVKAxa8EowgXAGbewGYN4AeuBxRHU3a7iPEhy,9332.482969757984,1133383,$1000-$10K
Gm3eyNxSMKHE2rqJkyD4YBz3GYfqtjE6aABDxgJgKYjS,9332.473961790814,1133384,$1000-$10K
7xRq4shNWhXijfsLQkMKhzybB5t5YXGwZi9NMSAXnCnk,9332.457060781651,1133385,$1000-$10K
FcNN7VrDdUqBqZ723qTMSTDPrXpsJ5FXhprAPUyehjmV,9332.443359255027,1133386,$1000-$10K
8wFsacqAU9PSydUuhi8Asie56Te46vfK7C49rV3fARiw,9332.418027020554,1133387,$1000-$10K
7Qyf3LZLUofEsnpbTo1HCFcy7bzXyZNGpUucVTpuWZ14,9332.413890540522,1133388,$1000-$10K
Bj8SXhier6sbSaYqn65NeVKVpuQDmFTvnrxvb8nLUxKS,9332.41154711409,1133389,$1000-$10K
DSSsaQRJcXkYbtKuHiDsuFEFouutRJgxpjPd3pv2vSoa,9332.404037566179,1133390,$1000-$10K
AETuoAZKh6v8u2YPPbRPVfkuae31afamGiLbEKdczok8,9332.369806932089,1133391,$1000-$10K
8zzLnt8KciZuDWueuxumfXYa2hhopvzxeQ5VZ7dGmsxU,9332.343614189384,1133392,$1000-$10K
FfQaCxXVdFemF23NE3S96613WFaK9W6A6ZWzABYsygH5,9332.341165954364,1133393,$1000-$10K
3ypjJrimL5kZvt4FwXvNxS7NPNApr4KxTbuGEk5LaecB,9332.313984976454,1133394,$1000-$10K
F53qs9KBcJCCbT1mnBrpTq8hpHnbprShN9Ztm9UygmEY,9332.284300228306,1133395,$1000-$10K
8y8d5Lx5BDe9QLd9RhG3Yuh8dhKzs5g8YjPsY1n48aWW,9332.25908391626,1133396,$1000-$10K
BTeRW6gU7ApDjovUhE8fjLvTDhbN2vZxa4LgXY81rRQQ,9332.258664287683,1133397,$1000-$10K
GVG7pQc65mDkPSgDZuapj3TNksVzJycFW7eW3b7MP62,9332.237066192463,1133398,$1000-$10K
2ehmqNniRpo943EERWZRijjJmLJMhDRZLqfTNJr1npu4,9332.209102694582,1133399,$1000-$10K
4oBx34yWCVEToKs3L9uC6vXx4Z2hs769mqruGSbFSzBK,9332.205005961461,1133400,$1000-$10K
GM2JLz1eB9mbDSQp5oQwnvd6od5oyiNqEjf5N2scmFeE,9332.186495093963,1133401,$1000-$10K
CGBuRBBcN9phiovbxp8ZiLtPy2vsJSWYiqcd4Fm3MhrS,9332.164590066019,1133402,$1000-$10K
AyuGuSz4pBN2zWdYQbuGvRRNbVrbFXmgeeoZFSr5hBhx,9332.080264492071,1133403,$1000-$10K
5nZ6sMepxP6Hd1MT56hoSYMMYLhTVr6uo2gASgaewEsy,9332.077,1133404,$1000-$10K
4Ud5k8JawSy3tosD6FaLXa5bwWcjptDKwfnxnfJowFMP,9332.074739072028,1133405,$1000-$10K
AJjEwCrWviRzKPTac2GbWujn58oSxZaAaRwdWDbYzWQ4,9332.072676336824,1133406,$1000-$10K
9aEeQN911P2rmhPz7stsR9JA6vwqYcMEGSG63RuhBRRx,9332.070679496002,1133407,$1000-$10K
GWESAyQcqXz8XxG3Hfy4fcbYyeR63XDXrwrocxHFCy9z,9332.051809740897,1133408,$1000-$10K
12aEzkjSMP3GHpWMrRnoVTX2R5pe9qFMbSqjS7rUPQ6y,9332.015367520547,1133409,$1000-$10K
EmYRpG9PaGx8VBxEiXApm6fqDJYvwVY3CDEx75hDfhsV,9331.994265568017,1133410,$1000-$10K
DCq1kBeidF3htuodjYyvmG6fJFELcAJWPrbbvYNjbVK5,9331.973414886656,1133411,$1000-$10K
DuDGVztBMAqmbiq3ftjeFL2Mo5QvifXz8qeMpbVkTKCS,9331.963987925534,1133412,$1000-$10K
FpuRKYf19ivF1gudrXmuaLcztaHhsEFiFSifRrJN3hH1,9331.95669814872,1133413,$1000-$10K
92CAop3jmrFmtA6ZAGqqq35rKgcXTxaEKqEHLumFCN57,9331.940467324857,1133414,$1000-$10K
9gcKf6MejtGY2TAJsNJfPZpms3Cbf9bjcDEBa4PVxC4Z,9331.9035741747,1133415,$1000-$10K
49uU8Lvkq5pGss95NceYVHXUGxQ9AEySEq7P8upjsf5V,9331.897111654158,1133416,$1000-$10K
HLrjs7Xm1HV9X7LHReqV2bCUaUt1rH7h7jGBvyNzh1U9,9331.846989629634,1133417,$1000-$10K
5DdbW8eMhhGcpGqYxeop8vufGCEvciy73MYP5RLcMbfP,9331.834106229902,1133418,$1000-$10K
G8D9y9aPjrCEcd2PaS4BzeJy1gyJmbm2N28EpVAuhxa2,9331.821966425712,1133419,$1000-$10K
AJdbrVDsfvfSksTJcFBQtFvLViS9zGvHWGzYtPnZfRWn,9331.82172258032,1133420,$1000-$10K
ggrtedCwzM8wMwnMRSiHxxVP2i3NyNhPN5y9Zz4uYkE,9331.801968362444,1133421,$1000-$10K
5MPVrCmKRAQoQwRUnamft5PKR9EfNQrVd4MbT5kuexg2,9331.77824248591,1133422,$1000-$10K
D4pcwaUhRdHRrAi4Lmqm2qspNsTUsUBZqUa4jY8QZRnR,9331.761608803288,1133423,$1000-$10K
7AVyvQLQREwfdL4tz8oc86NoPJb1sx1ucYaYu6jBYv3N,9331.757097479313,1133424,$1000-$10K
Ffyh5uLwCTMny3RQnit3smLpnAW7V5i1SoBsNfyYnGjw,9331.6975785463,1133425,$1000-$10K
FnYV5ZVLfL5yTwAYtMmiWepkg1UnJ2ie3riMaEbmjCM1,9331.687057283196,1133426,$1000-$10K
FoMa3FRytE1ZniixDehETi3hSP4fmiGzSQ6VkHntd5zh,9331.68268371698,1133427,$1000-$10K
3YehbLp5uts9uV9SHyEBA4UR3zkdXjGr9VgeV9CBB8C5,9331.68182551781,1133428,$1000-$10K
U7B1yBcmhnQzHLDLMSGydZiVyxjNVALpPbDnnPztxsJ,9331.645844293203,1133429,$1000-$10K
5gUoPTNjjwdWSBeP4piC15gWGURW5tt6Zec7wGcVKKPq,9331.645253023946,1133430,$1000-$10K
2VdUfoNrvaU33Ej2GV4HqBCBmNSKRo1RHi8ueSLp1SSU,9331.642230478137,1133431,$1000-$10K
BsFR3oxtQfRb3PfFwRYMv8uYUo2WmicTAEm1sZDaUE6c,9331.616527872591,1133432,$1000-$10K
DtsLDTbg5uY3NJFnrDWLGgQjEPejABe2cpr3KzW7gibA,9331.58815888581,1133433,$1000-$10K
FheoMvJv2MF37vJg9xbqhnnXEhmfWFkKtbFMtJdRx46a,9331.540576968058,1133434,$1000-$10K
3n29XprPZmp1CCj5vuvuc9vCc9hsfyJcZMbjQ3N82Kcz,9331.537052499489,1133435,$1000-$10K
BsY8L5WNbdK5ko1BDd7Kk4ebMDXfRVWJmnwdS4Hm1gLm,9331.529138303269,1133436,$1000-$10K
J8RSmfsa1SptfnEUcJ48QxPUKtpwvu9gvXKDPkTnsGqc,9331.520361595378,1133437,$1000-$10K
HqC8xAiqThjFvntoE1f3f4Y37piVDkHUQVb1qbRZBisS,9331.49499602165,1133438,$1000-$10K
kFFcHM7zzDo7XoGMVCHLL6kU64bFzGJ1PwmoMEVyZBb,9331.469852279024,1133439,$1000-$10K
EHhFbmsx42mZN2qaX4vGkgH5wNFZsGBswQemqSEQLb2a,9331.44435514799,1133440,$1000-$10K
7h3x13P3gsx6ZAEpTiwXwyV6NiD7XBK5U26jATWxcmTX,9331.43628912094,1133441,$1000-$10K
B9wwiSg3AyXXnf98Bu2EJTP4ddPrPHtS6MwDjv2qxtcw,9331.421215494882,1133442,$1000-$10K
BpfLpagbL5WbwhX11AykUgNTrMdPzBjWSLHcmJcX4FYa,9331.397049766,1133443,$1000-$10K
E4wDtMU7VAELFKR35sMFA9Gp7GwKDxYj3VoGSUevVQQm,9331.373015262667,1133444,$1000-$10K
675Vug8kk9aGxpNMq125jXgo22ok9QRDvvYxa7hVFg4Z,9331.361844954732,1133445,$1000-$10K
DdpFWnkX2JrrFZPGJAphftXpPkLQ4sQzsdDfJyhnp1t3,9331.332460475478,1133446,$1000-$10K
6wEiHTEghSeukB1x2KjJbaDkyrqUUV1w1yprRZCiTdoM,9331.318980700138,1133447,$1000-$10K
He7E8Qmm5CR7zWpUngPJTLTFvzXxvgQrx3pkzBiodnx6,9331.295663439403,1133448,$1000-$10K
EwYAMoAFPizpSigkzGF9CridutqTAVBJLmr4VGAX3SJ3,9331.287826196347,1133449,$1000-$10K
3UAEeViYcVbyZc8PDAGX48tDNYguYmJpFrNnmwhTwLxL,9331.272564095725,1133450,$1000-$10K
3LrjUAEn9vHMjppG8LJpvha2sW2biGn4uqqeqwajbfwJ,9331.260331587719,1133451,$1000-$10K
58ZMPJymNcsvFSTFxLmqpRWJonTLYKuiimRvKQg4uP9X,9331.23919109408,1133452,$1000-$10K
4efKDhZrM9txXZ5GZL4jPk62yxi4KAgrBgamjqYZ4Pd3,9331.231263335509,1133453,$1000-$10K
CL3CojdyMW8UWFgcjjUJMhhwMfYsvFZuYHX4fQwyJizK,9331.193624244277,1133454,$1000-$10K
3XRAUowGWeSy5cD6i3dGa8wA5S2NtQRkBdjs71y9ASrd,9331.193349936,1133455,$1000-$10K
9YpAndhpxgi6KPSB4Kf7cdFK9s17nE19qXqBqLTLjP3s,9331.14075264891,1133456,$1000-$10K
GcG9t5k9dWvEvDknDFGZ4RMjUMdRrgG3Y42jj7vYDmJN,9331.13460612229,1133457,$1000-$10K
4fCbFN4kC5TGUgVfrQhT338FMPqknVmW4NKtn6TXXaFJ,9331.133567759336,1133458,$1000-$10K
8WuvkBV2zpofHMDgbWrpCEXdB1iNgTegvEpWovLTCz2e,9331.085787856959,1133459,$1000-$10K
CEnjbN1orT9NkR2m824kcryrdebVHsa4KGH6z7gf6PXJ,9331.06432919604,1133460,$1000-$10K
6U9tyYcm4Hev9ioafpaEd2GjAiZ5iG9WpunjWyGYu3Q9,9331.063860921233,1133461,$1000-$10K
6CmSkcBnuoc7gZTEGmMvrNQ63FfFRgQhugcWyNWCfxEY,9331.04537404577,1133462,$1000-$10K
84o3gPRSymhQ8HQQS9md7RxJF7b6pe5VbNWioEswrbb4,9331.033786937247,1133463,$1000-$10K
E3PcLFJwqzSFJBk9pSfq8HGpWEiPXqQaZP5bLPyYFdHy,9331.02646333922,1133464,$1000-$10K
94WVthWhd28Kmxi5fzxGKy8JwWAUoAfPz1DJLMQn8LSt,9330.989266221288,1133465,$1000-$10K
5KyWxNy5tHqG2p6B7a214DRBWc2XUFKKz6czLwUzscYc,9330.982527872373,1133466,$1000-$10K
VqPRn6D1ofct9jn81cmvtwYtKepxBicoPo2PwwAbtkH,9330.96654691058,1133467,$1000-$10K
HBX8EkytnJVmWesvd9ArBSU1oc5SSrrbdSsjeTCv1DGt,9330.96371684816,1133468,$1000-$10K
Eqooks3TBKpnJmpnhyQeEZPDh8F7nyvDQrP3ii6ezE9m,9330.926284246112,1133469,$1000-$10K
3BaTPqSHmkTHYucUwrVyfZYamdsmqsTN5tR2vZ5XfQe9,9330.902942400091,1133470,$1000-$10K
FKww7pvb7EQDJvGCTH2EdeoT6j2VZExUGxetXsYC3KHV,9330.889222572276,1133471,$1000-$10K
waCwS99om444BzY2LF7d3hiJuPJ5idWoTSXJhLyEgAz,9330.87428674755,1133472,$1000-$10K
A3kg7s4WbQNtuUPGaPNYNbVvaeEnJNh7Nfnv8p8N4KsH,9330.855403881491,1133473,$1000-$10K
DvniEBVwC4FT3t1BoQ4VNPbeL7doGQsMJBaBqpJgtgpd,9330.83862379884,1133474,$1000-$10K
Hjx3opfG1ERh7wPQSVgwSLftPzRvHfbMRGv7MTRJR2uB,9330.82587075401,1133475,$1000-$10K
T4Z1q66d5w91zyoxuBESJmsEtHtH3uceqeTqZEbDwB6,9330.812259782953,1133476,$1000-$10K
6o49xoRF9Lbc2wn5hiFmxzr7z5pFRaNvyF1HDdVPPk9M,9330.763004231034,1133477,$1000-$10K
Gth16uK1BsdTEu98K4d3L5CynPpY14p9vp86oy84MJLn,9330.732671529633,1133478,$1000-$10K
FzAasBAm2ePcjZqDagPoKmvSWdB1XLz89maAtjKRM23t,9330.728513069138,1133479,$1000-$10K
Gcowvt9LXw3HdkRA7nq3fwaMpQtL1cVsz8mcZo7GqswK,9330.721488202902,1133480,$1000-$10K
AH833h5o7ksMXb6TZ6B445XK7Jdr5M6hLpR3YXf8W7bf,9330.72112195125,1133481,$1000-$10K
24LXmctPW2uJHJb5YUKrvagpiyu1nrMJkeKKTPpLxEqM,9330.720906412336,1133482,$1000-$10K
6zpDuEUTDRgW3c5vnJiHji1i6sMKhipRa4SXLnKDTZpi,9330.711573818671,1133483,$1000-$10K
71U9gAeeeBkivWxsFqfWNytFR82eT1tqpC4YT2xf2Wvi,9330.6417617607,1133484,$1000-$10K
E4QEvHyaWCS79WHTbccQJkHJAZdqfvy4ksjE2LmmZEes,9330.641468553127,1133485,$1000-$10K
EyaFyApr3N3mNQhDBZAb8ezwFmwawBnChyRqmV3Bv8Sm,9330.638807367059,1133486,$1000-$10K
JBWQSq9pobN3EsD3drnieMchjYHg1z5zmy65KpXLNoPB,9330.6289226182,1133487,$1000-$10K
GyLWqgyXmRpo3ndZ4iBLrRrpxmHbGRnf9HznqSQ7q1uH,9330.580535246467,1133488,$1000-$10K
6tyg1JMA9pdJgdospkZEMtsD4FjeHu4PZ1SmoHgyDjc6,9330.564489618968,1133489,$1000-$10K
FE5AMZqYmEjYdAqR7deDFm3RazXkjy4KKdispwYnWQbM,9330.538242377323,1133490,$1000-$10K
FSEmjGyESrddZHBxu9YX6rgC6Cmb3uByYPqfomozHKMa,9330.505364152272,1133491,$1000-$10K
3EcZ2NZKUfmgPADLM8VtMCuyNFoMdnPPhEcrYMFNzesQ,9330.501108954411,1133492,$1000-$10K
B5S9NojqPTN7kwBzy7djegeRUVo1btegCYHcK3SjBmC6,9330.495826368653,1133493,$1000-$10K
9rE7zMgXUQY3uwce5kVAaJNAQicoo2NBN1r1TfYh53ir,9330.490277507382,1133494,$1000-$10K
BzPZkVYVWg8cQMEY5YFtdXYn5EZ3izvqVKUjym3gTY2T,9330.487587169468,1133495,$1000-$10K
SkQ6QaA9pE2dd37a3NtgdKHLf6jxjcr5poZ2oLQ5bkk,9330.460079007886,1133496,$1000-$10K
nPpmNHkQnzGBTxjR64f5MunTGTD8vGLHnfmh4xGDsAU,9330.4225494088,1133497,$1000-$10K
FzfMnbm5ru5s6kuZeQ8utkARQEB24hAVNbDiat3TshmY,9330.420169758774,1133498,$1000-$10K
HGeV1PCHHEuxLNEvqAkzeoVUSHWt5kU8iaQJ22bjp4LY,9330.402977175636,1133499,$1000-$10K
DNrD7dvdt3r27fszV6rErFZMaBkv8By2vBoTtvPdNFbR,9330.37246038739,1133500,$1000-$10K
AUCGv25QZuCtk8VGdpctE68DR5CaM5UPTdFzTRCpftNq,9330.371188555582,1133501,$1000-$10K
ATFLvvvaoAkkLu9k4pWHVdNZUKp6rModA4TwE9DSUSza,9330.369091331435,1133502,$1000-$10K
5FxGJRM88xkgLxt5p9HV8PrS73cHhYRcZ71qT4vFa2MS,9330.308761523527,1133503,$1000-$10K
HRhgCANBCKjjbcvmRwNEgFMAFPb9Sg8Z9QhwydYk68Yu,9330.306686498741,1133504,$1000-$10K
B6JRPB77oQ48vvPXDewxzaTeCJ4mentzVbYjNwa5DTtA,9330.30109238819,1133505,$1000-$10K
6HesBQb1rcx3mqCDjhfsUvjq4bAaGm717L2eUdLCFEWe,9330.27770114929,1133506,$1000-$10K
BiGJ9ijgncA9XmrxSbxdEfGjrsA78ycGSe9EjPNoAbWU,9330.2730065103,1133507,$1000-$10K
2fvB3rsB6QUKPwHeonrxZbA9t1KrdLdWiJ5EmyTKZHyR,9330.243952668474,1133508,$1000-$10K
8ycx7sz9U92qoUrznQ6eL7aLBagJHHByz2b4xhsiAzMf,9330.216845484161,1133509,$1000-$10K
AEPraBS8YEDNiTfgoea4VFuL7WBLB8vq4S5NceqdKGJW,9330.216521108314,1133510,$1000-$10K
Fw9CHHa9swdZLFxEjkdin41FAtp5igDAzGYiWiB2YmfD,9330.200588479249,1133511,$1000-$10K
3WSaXFNjvHRVGaJVmqntVbfRuitZsqVV3PximtjrU4AN,9330.192420267642,1133512,$1000-$10K
2T4RLLZ8UAWYzuqAyWoebjo91SJPNXW1Ez3ByESF3fTx,9330.142641190532,1133513,$1000-$10K
6qEEH2f1z39n3eHzZBT6fZD9qfJZxuFHY4748d2wppDr,9330.127845972427,1133514,$1000-$10K
thye7GPRaLHk1Qe7ekz9g2SYtcJrvSMmFkmcV5e1gAX,9330.124217256334,1133515,$1000-$10K
9u96j55GUcw8rRpzFgx7LC3bgadybYp4WjTmaQdntRvy,9330.121497471659,1133516,$1000-$10K
EZTKgS5qfAUk7uC1Hu6u44uSwRPEnMkcnmddoTiB7TEb,9330.07874194675,1133517,$1000-$10K
6mMPKM48ae2hQZckVUtWS6DXpE9yirW6QFURgWfTgxye,9330.070548438132,1133518,$1000-$10K
FfrtyK5d68vmXcvdgtPdyEiyxypDPZCxks9pbE8cuFEZ,9329.999737459433,1133519,$1000-$10K
C6kVWcVJmwG3j8qVEmxmRgVHCRhBtqGqE67d2aW5wPFZ,9329.897892280085,1133520,$1000-$10K
Bwyty83br3H6rxnWDZ7MErN6GxC8zqAjt2yvih9mHpFN,9329.895737009127,1133521,$1000-$10K
HMcTanYbWtVECmBTt1CZ87PgdBfdYtbqWkpLWfMbgmQr,9329.895364865111,1133522,$1000-$10K
F7pp7MJd797tjwkb95ccHumXAGyW8q6fh3UhvUSWScKD,9329.859251969514,1133523,$1000-$10K
Ak1ZU5bWfsKPLDu52Xo1fBzAdScJLRVSNYE4uqZ4YyQW,9329.859177643164,1133524,$1000-$10K
Gy6W4aHMmZzsHtjw64i1dUQy6me3tyseQbZt58SkmC8n,9329.850987277463,1133525,$1000-$10K
EU68KxwBWiMowWVeiesZjQNkWgeJH5tkvAa65q95tce7,9329.85038539189,1133526,$1000-$10K
E4VcPfbndYH63us8TB5cFbPL7CMYwVqSdRzLyhDGWLPu,9329.844190884114,1133527,$1000-$10K
BLCcGARMV43A35oWzce43MBst96APsuripRarSpLGR1U,9329.823776623924,1133528,$1000-$10K
mLbefWHnamBjskdKdkTYYRPDQb1YkYCLMATfANyxToH,9329.805328059698,1133529,$1000-$10K
Cg298LR5PdhVpzduq7PfCxVMfrFRayG95Hb28X2sBBsH,9329.794435466592,1133530,$1000-$10K
H7GTbeJ6PTDyfhLTS7W2gNv1nxkkjc6ESf5vGbp5nmL6,9329.752282620228,1133531,$1000-$10K
FH4rKZT27zkcM1D3hmHaKxbjemincHtwhTHMxF5frV5V,9329.739141760323,1133532,$1000-$10K
GAKWZUELkK63hp7wQnjVVccgSWi3eqHYdNuvWHcKyYC5,9329.736525515595,1133533,$1000-$10K
CpkoRxeHueoBU7SPrVBodWhHyCQMPcEtpqAmrifLq2hg,9329.72615887104,1133534,$1000-$10K
966spiqRHduQFfJZx6HiysNJBZarGYCSPhA2WMM2AEf5,9329.725895267939,1133535,$1000-$10K
5YiRpgqKhXCCNrQCtxX9PZnZ3KF711wxutZE5e3o1d2d,9329.72289086846,1133536,$1000-$10K
Co1uGBz11E1X5BVeiy2psHZ7YcDtjPKEnGEBPAkqsoDZ,9329.722098695695,1133537,$1000-$10K
V5WRPB8ynfiF1UAcvGqXSAeNv69PFfh14ZdTTPg2dYi,9329.71244560586,1133538,$1000-$10K
64cceHh533w7T8ZLnxqwfada77Vx9pLU745vrVoRbd4E,9329.706046026718,1133539,$1000-$10K
Dq5WywStDfjKTXiadjFxPvbsYAUtQd7sicUPXcmxUEA5,9329.699092887653,1133540,$1000-$10K
BbyXXKZUmEENKu2CHPn4MmAmhJGRswfcLCzQcpZfpMWw,9329.678997441084,1133541,$1000-$10K
4J9gZzHiFRLj2GW7ZGATXAV37zp6yfsbNb7AXjeBkyVP,9329.67146332228,1133542,$1000-$10K
AKyBMidGe9K2Mo5rTcP6fLBF7MhFAZ5qaYFwUb4W2ACR,9329.66843770794,1133543,$1000-$10K
Ae9P8PzW6MYvQ9qMtZ2QJze4qhX1TShFfCJACjd7nHzB,9329.62782621327,1133544,$1000-$10K
3S7ttSardvjXbdjAMHkfCVkPK6ppKFqxEuGCYTpvtfSj,9329.62442210235,1133545,$1000-$10K
5UsLpeeGSYeQGgkqqG23GTCSkzgKjiAtZbMCTDFU66Pg,9329.60649415112,1133546,$1000-$10K
pCq7r1pwD4QchxEZ66KQZCtXsLcmrbjPjkBjZsvm2Wm,9329.599302801285,1133547,$1000-$10K
6dPdKYA8uEhnEbzYqWYXTWrwGfD574hhgon6Azg5jopq,9329.558845652713,1133548,$1000-$10K
ASg4RME5EPV7ijEUZ8BpakXGvFUecCw2EkzQhNLTLcmP,9329.558809408685,1133549,$1000-$10K
DCzXWhAzRHP7kS4CBnauKeUkhpKheLtHLgor6SLzfnqo,9329.54131301134,1133550,$1000-$10K
Dgzinf29syBZL3ERHQaFPubwxuqo7sca3d7GhjEMjQYu,9329.53201296908,1133551,$1000-$10K
CWRSaw4up3ps4u5pQpCqWu7FLq49FS5LYEMCPh1f5FJ9,9329.467710893274,1133552,$1000-$10K
tWPaEp2pV231gBUEepRedEEKMMK6UZfwQX8sTnjkxee,9329.462493977584,1133553,$1000-$10K
7GwrpPMfQGTwMCwTSyCg2RY8f8d5aAVGXPmM7WBHSxyT,9329.461872429505,1133554,$1000-$10K
36waBwvnUMbPTupWmApQydRiY4J2CPQuEzCykamyZsFy,9329.4543475391,1133555,$1000-$10K
94eJDHKkQ5SDxbNoFQZ6TN4ZH7NJSfLmLMQ22i2Luffp,9329.440969111065,1133556,$1000-$10K
4vXjF7RQ8k5n6x8DBSHCv1DJ4GcCxUsTTZsvYp2oFPwT,9329.437527632135,1133557,$1000-$10K
5HEEmpbcLGfZ3YtZUe2pui8DvdehKys5jTTVT4gtDjr7,9329.409879918814,1133558,$1000-$10K
BWFP7MWKrUKWc9C7Jhaw1TTrqD1fZBJdWiqF6Zv1PHg1,9329.39837988622,1133559,$1000-$10K
G7byNRms4jyFkBzWQD71Ry5xrEug58vgJi6B91ZYGDXr,9329.370699605328,1133560,$1000-$10K
3nkiw5k93yf7TjRE4aHZMaAarVf9vQkznt24m2E63LMZ,9329.362621140392,1133561,$1000-$10K
JDfsznXrMukxdvsM7GpjU1QfAk2BxbeyRrhzVa5prYu3,9329.339470765815,1133562,$1000-$10K
8SsUFKeAeUE2bYFm7xhmSF4retK9sZKtFWKvAEBjEd7W,9329.33352672604,1133563,$1000-$10K
DGdnopi4LGS1eRCL5t2fyuuqJAYyncNqcbZqSrBmpaSU,9329.333399107785,1133564,$1000-$10K
9X4iDwAhroxF2VSPsRD39EiWqoNqRnuC3syrf4rTVpGe,9329.308397273957,1133565,$1000-$10K
D2gup7Hhh4F7ghYsco7kQSnYCk8tsJC3ZMeLcrDM39jB,9329.288247784598,1133566,$1000-$10K
7GpEE77yCpV2f4GdGM59TNSDKNBfjNZr5t5vJrzsvCcF,9329.260291417611,1133567,$1000-$10K
4ejX3xvYXTMhUkyZ6phZx8braZbptCRDV4tPjpgp1EBf,9329.246315193212,1133568,$1000-$10K
6eENdAooa3LPKapSY6Av1SAw8qnGuN5nLeRxCxQuYfyj,9329.220740117042,1133569,$1000-$10K
2QoZ5RNSedJ3hcA422tEqbYV268Z9HT8ZP4596AAvEjm,9329.218518250971,1133570,$1000-$10K
7Lgd3ALGCZqPUBDBw7WUPuEzFjaW8VNYVb1qvb6XMMC,9329.214045294697,1133571,$1000-$10K
AzvKeLdu2Rp2aETiLQyEzfYA6GyKFmZ3XJWnd56SNUzR,9329.205966049884,1133572,$1000-$10K
9w9477hN5BSFCwX2fLSzzgbF5kgRcjhhNHh4LUHhu6nY,9329.1969,1133573,$1000-$10K
GSsh5tJEwWsSSVoLW33HG4arfhzWgH6VYATpRKjKF7yE,9329.19532513462,1133574,$1000-$10K
5k6GfK2TxNzBV7vZri5tX1CKEHE7TEenU3S2a4Y9StPK,9329.18270039022,1133575,$1000-$10K
8CrcJViPwy5xxgdWdaY1pCXiCViq4xMECfwdaURSe7jJ,9329.180101263675,1133576,$1000-$10K
3x7qoi8UK48EnBZhBEjNXtGC9YguTqzqoKL3CdGj2rNB,9329.156161593928,1133577,$1000-$10K
J1X4Q1GDypsMCvkYLumR2RQSsh12rfUXaxjnoPMQwPcg,9329.154643462636,1133578,$1000-$10K
8VgrbRuEfBdqg18EHXUpvhtkFFmthcesoUeet4wbPUWJ,9329.148105313585,1133579,$1000-$10K
8S55zjhBPXRpEiyGRywThqxzQ7xHWnqrhnqnSXExHxhM,9329.122582718344,1133580,$1000-$10K
2eYH4zZzr9yHaYNysqPVRZqZnM7zqcq6c7L1yJNEAbDy,9329.109919474882,1133581,$1000-$10K
TcZxQRHwReq86jV49LCdv7aQNn1vvqNQV4xPibGsxjk,9329.078755508706,1133582,$1000-$10K
B2TyBC2KhPPT3yRa2bGkYHYc541YFpN7YYKjXNesRamz,9329.058090001361,1133583,$1000-$10K
8Qobd9Nt8unMma9LKa6A1YPxCta5MMrJNJLhvbwdTLf2,9329.021148699563,1133584,$1000-$10K
9A3JPwoMeHMLAhorC8eGxsEamqoLvK8s61metjTJ6tY2,9328.975456995922,1133585,$1000-$10K
7Dh1rp5bsePNmxxHTVeCNb1J5gNhTFgku4kpXcwCJz9i,9328.924823245905,1133586,$1000-$10K
VqfWbSCWrkGMKY2VMhH5NmpVd9xwSuYvr5CetH81R3n,9328.879165176708,1133587,$1000-$10K
4uJKBSTwHQ3q2ZZTTZ4Gvngv5MJXaqL4erW3AJjdFpdN,9328.870855303216,1133588,$1000-$10K
FTKVFDMzUFhwb8RBazXYsBqWhgCNtKu8Xgog1swgK5oD,9328.86291567766,1133589,$1000-$10K
82sLEDJdbrpFgBSAGE65mG2ZjondYZ4knemca9bPaU5F,9328.861351347632,1133590,$1000-$10K
5oLUAFY3VVkztpr7jA8UjXGti6QD4eUvBJ2qaSUCaKjd,9328.85312971803,1133591,$1000-$10K
FXJPEgJJnXkJfGhvv2DqKY1hjS6MpzRVHQq48F2MdSZr,9328.830008991088,1133592,$1000-$10K
FRdBqPmF5qUGb8nZNtQhdie4uYbU4suUG1WiiPSxEN9G,9328.81978487716,1133593,$1000-$10K
H6Df63ZLLTTGPvojezCziGL9TYAhyCr28HMhY9vVCFaj,9328.81025206094,1133594,$1000-$10K
GJV4buAbUEkLzSgrcWJc3eCBySrckpMYwaZgBTGG1n5j,9328.801668187338,1133595,$1000-$10K
9qUgY2cAFNu3Q3GnHRrkRv49bfL732v5LGaBwr1oN5X,9328.768038579175,1133596,$1000-$10K
BaDZfWVwhavnuZKo9w82Tx28Pwf9kg56SXqU5ZVEiYhd,9328.753851259755,1133597,$1000-$10K
EVEJg8pTLiBJnQCo5skWuoXLvVc6DkuC5kjrBN5yD9s9,9328.701285061294,1133598,$1000-$10K
7Z1qxYd3heVdgP63F6yj8WurN3rroH93vxKhn9ZuNKz9,9328.696154828905,1133599,$1000-$10K
23UGgmZDzyeTG9r8Xe2G7Ec8mxFBvNCgob4LkdGGPCXZ,9328.684994145668,1133600,$1000-$10K
GiNNcyqoFCUAYwgxFUMA5VbCcnUQuqyppEkHEHSb2ttK,9328.682444067195,1133601,$1000-$10K
EFQaRbXqaWziGAx2wFiJnyPM6irbFzkZnmQCiJYd7xkp,9328.682171409782,1133602,$1000-$10K
54r7EUFTaJck7kL2w7y7FY1PQdAbogfK5hNfMgbF7zhX,9328.648730162711,1133603,$1000-$10K
AfibcuFE9CripN6mfDVvQrzdcfiDdpSoAX9dD6uoeUjF,9328.645532135048,1133604,$1000-$10K
CSGPgSVa36NaGGEmsts46Ps7tzpJRu5iVb26B7bfFEB7,9328.60738056805,1133605,$1000-$10K
D6QP7xV2R7NnudKRuwuwGVcTVx226ydUWsc4ANJ5aNBW,9328.603764555208,1133606,$1000-$10K
9RbPve2KwJCWF9D7ZRy82yJqdfBJCifsM67s6xeCUPT2,9328.581240517744,1133607,$1000-$10K
7SDbAqXQKej73fKAi2pRTsmPr452KmVWwLgAWB9nsDCS,9328.575867109468,1133608,$1000-$10K
D2wQ8rRYNMYJogUQoEWMeYDxni5qXx6M2GUfQGgfARpD,9328.570742653612,1133609,$1000-$10K
BQhv4jXddQuiGzCKnFnbqXortEKaPUk79CjuwuUozpne,9328.562253588494,1133610,$1000-$10K
93zRUNdgMz9JyMGE3Ta1mUXCbpC8QftNPDBgEmFmTq8j,9328.54696163504,1133611,$1000-$10K
7VU7cJJdBKWPYhN5NRvaqgcKowQekZsTV2vXNTgroBLn,9328.527791118231,1133612,$1000-$10K
7onUJiv6CLj6k7AbiF1KfNqXucxh25EVtHiAA6TJmomA,9328.50656941355,1133613,$1000-$10K
7srZ8hyhg54iyeMDdkGxkgz26ncTtm9uKDwodQFfFGDp,9328.500965305104,1133614,$1000-$10K
2n2oLJkCknentzPVnsr8zWbsBknyr9oAY1TGuhV21A5k,9328.472559774218,1133615,$1000-$10K
HDieV45dSdotVMhi75RBRqN77SrMfinDBwCHM5179ffN,9328.471596427675,1133616,$1000-$10K
3k63928Gxw1vvBVtJDsGJtAQJ3DEyZqKx4VchsfNfTMq,9328.45000050455,1133617,$1000-$10K
8DngCr5YaYVgjqtNVGuv3T4srJeywLi8LTL2hY38LApF,9328.440039416026,1133618,$1000-$10K
BREkjhZVv1W6JjzjSdGE17EbyDA4koDoe6cVnQd6Czvz,9328.435169566506,1133619,$1000-$10K
2Eqkqqbvn4tmRLuYCUHXL6xQExo8VmzBn4RGocTirSaQ,9328.385057929749,1133620,$1000-$10K
H6euKdNGeibNZ3cjQQowRpeudz9K9XvG75E4gVFa9a1X,9328.383229432135,1133621,$1000-$10K
R8NeKvHa361SEsXUBVE5zub5q57P5bWxhTujbA3pzVd,9328.38155724455,1133622,$1000-$10K
EwDuD1nscL3a7w8UykNCDLEVwdFW9D91ySDad1R7jnxu,9328.367548900038,1133623,$1000-$10K
H1Y5xGh1oAKMoiYpo7Cj37Wsqa5R4X8dcimonsoD1PjF,9328.290559983217,1133624,$1000-$10K
8SXPcuwhVvka1yiEBaPHofbHNGXATvqW14iES4vYCV67,9328.250144755099,1133625,$1000-$10K
8MCyfbCBq6oXQt4W2Yw7DqHUcwS5gi7j8f6h8bUquKK5,9328.17058409133,1133626,$1000-$10K
BVtdeaBRcJj22pk86i4V8gxQaf8uT5ka7dE4yuxYMbV5,9328.15845436264,1133627,$1000-$10K
BoATynPjv9nLd7jjbRoTU1sXvRSEKUhRpDNhaiEvN1fK,9328.147815636055,1133628,$1000-$10K
6X7xCTAxiMMcTJCJnzxfbvzPmDxymVzcyyNm8gH9nkrL,9328.135223487678,1133629,$1000-$10K
8MWJ5XPyoAZ1fCdsaGziR92vVfY8DeWwhmMTEbU6RHQV,9328.11568383824,1133630,$1000-$10K
98vox4rXXPNFQjg4fLwwL9VWoiUyejpj5VVZvTZj7PMv,9328.108732023033,1133631,$1000-$10K
DTH1UrdDMzKnXAUJsoqjuZEjotkRbXNnD7eiPrTmzXRv,9328.06407843302,1133632,$1000-$10K
6UWi7N2ccdRjHSxYeTtPS149pEi3A3mmLdhz8ravMP6J,9328.036597822107,1133633,$1000-$10K
2pZvCGXc2kTN831W293qVQ2xkufggk9FCdtD8k2Hbvgs,9328.0365,1133634,$1000-$10K
41FDF8dtYMaHdWSSPsJkTebdDrNHXVhnEPuHToJSKH42,9328.03214702487,1133635,$1000-$10K
ASWH9YLJxwDuGvQ7RMCefRedE6HF6BamSm2ofQhMbBfQ,9328.02715383977,1133636,$1000-$10K
3Xrmsux6Yk4m9L4xzeEaE2VXTqkp6dkxEiX1nwpnAGJq,9328.019731459226,1133637,$1000-$10K
9x1unEqrcgDWtcpPhP4Zvm5YKLAhiJbQd6rzbgmWKNby,9328.015688081354,1133638,$1000-$10K
B25CUJTvLf6VzTHRmxNad3mjvxqZzc8sAa5xmzfgjqVS,9328.011219563716,1133639,$1000-$10K
DdHxcE8NUHrVDHDLjTdg47agHre2HdTbUQRMCbHZJu4z,9328.009850083152,1133640,$1000-$10K
8fjPspHk997qvBezEVHm6yg1Gt4rxKEUJ9tCZXhZWTtv,9328.00637429466,1133641,$1000-$10K
Bkgu9Se24c94iQRCoFyFkL1diCniyNSPr4XUFnbtj7fQ,9327.978153901855,1133642,$1000-$10K
GEHtARpEDY1w57a5oEExociPajDPGABkedjYNM9rEyx4,9327.963206773484,1133643,$1000-$10K
2KYH839UjnMPz2YhTpGRE2PRyXfwQjCVdYwbSF59n7Wo,9327.956629799448,1133644,$1000-$10K
4g6QG4BruRWouiVLY3db14kRqSN3VHNdV8o3S4hMuoX2,9327.94641193487,1133645,$1000-$10K
DTxaSekf2Yn6UQ7YwPvpGMKRmdqVnAku3NK7kQ1XERLA,9327.930003876843,1133646,$1000-$10K
8CpnBK1Zt28paK4DeQeicsvpSFpR85fDoTuG88EqoWcE,9327.884128855345,1133647,$1000-$10K
5kcoxdLTGjMSF8XyF1AiQkEZh3VdoEeTzmhDfoX83rnC,9327.881547989819,1133648,$1000-$10K
GXcQWpgW9HfV6gxYpxPa3E6HN2pJChW6kYCxRpq8jr1R,9327.852928626515,1133649,$1000-$10K
EZYNyJJsNmcYDxgCnzYxB1ytpEJx9zBEfqABHsgYZf8v,9327.840556410138,1133650,$1000-$10K
Fs89KHMxooT4BFP2YMr2Wnbk2VGzrEWNtahra4ERmb7K,9327.831261173109,1133651,$1000-$10K
Gv25KcWPPTXhLjRi8N7gr4S7uTaHeVXtg82epDFMpEgf,9327.826524677646,1133652,$1000-$10K
92k3JB4pyoWqPgRUtAe8aExTarcK5tGpW6q3DzERakkR,9327.809940717289,1133653,$1000-$10K
G4ihDzXVeHcwyrUDoTMqC7vzM3RVkWrtRvkf3So1HxqH,9327.78577369952,1133654,$1000-$10K
FmjZ19EFJdxYNbMBWCydTmUmA9p5SEXso83dUNwuuXue,9327.785527723148,1133655,$1000-$10K
Fq7KY4KyJJKESUn1mc9E5sYLJrUd9RSnE8yHzthALKFa,9327.77151439661,1133656,$1000-$10K
77s5XGXxDmw2hwLthdwghSz7Ap6nayHkj6hXmWXtZ6m6,9327.769908855356,1133657,$1000-$10K
27oZHUFjuP1sYvJmCxB6jE5dRn6pmW3HAHkutcmkLfNy,9327.752310425829,1133658,$1000-$10K
zm5U3AKxi4J4mRvyP3eJ3K1MK2PfdVeyQBzZFQ2i6GU,9327.740290942937,1133659,$1000-$10K
8ezqFiwuqZY639QnbnUVxyaeugQqKvWKHgarvU1ojyon,9327.712128876357,1133660,$1000-$10K
9N2yyd7wyoub32qMwjhkUr7GxSrrCxYkzAvSrYQ7F6cD,9327.703069358931,1133661,$1000-$10K
7pZUGUc3VD6JQV4MoATrku5kDzBoe7yy719iDRurjX1E,9327.702881351755,1133662,$1000-$10K
CCcAws3D8DahyRKDy8vbFif6rfkxmiSsPL5VxqtZ6Mus,9327.688320272317,1133663,$1000-$10K
BFuTXXRCwPA3s8oeHdKAsqf1SThS1MPAqqLC1LnA9wCo,9327.66586697705,1133664,$1000-$10K
AtomiczE84Z97nMsvDNrqhaYoywngPTQugwgV2umsEUR,9327.664036966667,1133665,$1000-$10K
DV7BFzdXAJ7FeBbpxRFB7MmvBi4Zj1n2PQj5CQU4AC9B,9327.65694666246,1133666,$1000-$10K
7VE8vS3JYz2bfahEKp9iz6wZSD29ptrc6E96zxZB7qjR,9327.637041543734,1133667,$1000-$10K
FAwMiQwSGCZK5pLnshH5ySfiEbEB9sqwmLcmj6pDwvWY,9327.61821735859,1133668,$1000-$10K
Bb2uMeCrLUm4cK5fGAqdVZVQKFwEwrie14wJ6mSkkdud,9327.590490887684,1133669,$1000-$10K
GfzhQbEM9TSuoqCkYsUUpZrp58ofayfvB5SXeBZN7bTx,9327.576279448653,1133670,$1000-$10K
DbSUwXMHNYuEd3wVejtmxVcgvCanYUPyCExySvpZMTDE,9327.537415593952,1133671,$1000-$10K
HRV6dkLkCSTFSdXqM7ZTd4J2NU7jKxnWA37XeEJZYJQk,9327.532667679936,1133672,$1000-$10K
F3EbS9byZ7ePmqhFzJNS5Y11tFk5RgK6DwZBBAwUMLZ6,9327.50076684168,1133673,$1000-$10K
GAe2Uv1PhtgHCA6wajRjpgJeptrd1ajRPa46a86taXco,9327.487381444025,1133674,$1000-$10K
91xhvrqHNEzremCLyZF9JcZkzagFiVq1uxpecHrnvP7e,9327.4742799458,1133675,$1000-$10K
BWPWQSwAsJQaDDozaumPjZuPsJXuQDuLrvRkh92SkdVv,9327.467103071573,1133676,$1000-$10K
3ZHwC7KuF4Gghh2LocjWPdjZcrCNbmESLYpn4WUcn9yq,9327.41831614328,1133677,$1000-$10K
DJtUzCSJinXkRUdnupgHdiB2wvDTB25Y996LHeXhRe6Q,9327.415909445219,1133678,$1000-$10K
EWFTMaHtay6riQoPsZoXCjB8QEvc12uMyZwYrFCfSF2x,9327.38133693656,1133679,$1000-$10K
3ezobmJLbXZENKuJLYjLAry5H8sqE6pBBYwUkUvan6Ho,9327.359710832567,1133680,$1000-$10K
ELJoseTW4QqGcZ8ar77qyNJitS4rG15was2vkbQMfubB,9327.35888737383,1133681,$1000-$10K
6iaz48HZyzVDDoTn3F3115rUDLK2UyTrkaSj4TBwxxc,9327.354922783677,1133682,$1000-$10K
6rU28cmx3EjotGBQMQC9e8ziUiTfY2DYZvkruZAwTPBn,9327.35490168305,1133683,$1000-$10K
8L93i2cCvswPJbRjvB2FRhcAtfAuHNV8XeiKsDCQbsTZ,9327.337161948115,1133684,$1000-$10K
CiBfUWJhYoYRih7WZajeCZ4rvGvYEqLcr1UKQE1cexzb,9327.334541121243,1133685,$1000-$10K
CVt6BxC3anzFVmiAA8MMj99m5BUR5HVrHkqQQw5YFgiB,9327.32999954003,1133686,$1000-$10K
rhUGA2snq3RgPzqfZLTPwhQZZ4NYXESDacBV1no8hjh,9327.272298977961,1133687,$1000-$10K
5WiCuY5mvAxkDSc52ZKAFiv8crmastyTtoD9hTUzuJ5,9327.254629828758,1133688,$1000-$10K
CHLAvz4B4YcCUAHYpEQ6jGe3tHTiKLZojYHYyTyB4xuB,9327.243928329131,1133689,$1000-$10K
7W1mPuVeZBq469mE9f98gEbt4izSrh8KZo1kCKWFU2k6,9327.211188096353,1133690,$1000-$10K
H4nis96tM58VCmzuDFxUcNJBFzUq6cyZPasSMUW9FcJA,9327.191246139702,1133691,$1000-$10K
BHwMPAwp58eCd9wjik1vHreu3ypiJ7GyNLBbkeMPcpYz,9327.189980826175,1133692,$1000-$10K
7ZgNPsVUDi3ZUe9V7qQZ4Btp8uWqa1AfJcUu1x3SKo1F,9327.173398108427,1133693,$1000-$10K
4XLZ5YTD5vQeSuXemRwVEpsWxAk2n8PD91WEbg6dsZNJ,9327.15657845561,1133694,$1000-$10K
5ocHQEmuPHinCwnLQvSQVTY1Hj5Wh8tEdHPi4zkyUu1c,9327.14962624017,1133695,$1000-$10K
6hBrThzm2PNBPPB1BnSuFAhEFMCojpkaFyikDJpMEZCM,9327.050888220692,1133696,$1000-$10K
ARKkPUK1Q9KgUfGgwDa9CifiigGwbY7vFriYxFfUDQpG,9327.050568212013,1133697,$1000-$10K
5BuriKw5GK2XZLrT862mnHJ62ZxtRHKYGb5qCBqGV17z,9327.03488619701,1133698,$1000-$10K
DqdDPyuePB2KpNdMQhS9kUvViKrobErP4JRyn763EPSo,9327.011722010935,1133699,$1000-$10K
8XgTYNezHTYdNjnDPqJBwJnd3e5y9inqoR9ai2VzCBKC,9326.99147737711,1133700,$1000-$10K
AuRoeepT6sD9Nmdhhv2b3zK4DrsNwVR1P4UJn9KbBG8u,9326.98095148454,1133701,$1000-$10K
GFJT22bzSAKnFpPYfdpDfJkLPovnWQUTSGDySsaDV3bo,9326.974411970194,1133702,$1000-$10K
8dxZXzQxnUHuwXayD7ZE2aaErEAqDk2L4M3LVS6urdJS,9326.957507341638,1133703,$1000-$10K
Cs3VzuCdALudZAcowE8DJxEzm8xazMQiM1zquj56sVVH,9326.95207156789,1133704,$1000-$10K
94fmyV3hBzeB3EdtYkYxx1FpF6wsq23CJKTU9QzuKSVo,9326.8961760754,1133705,$1000-$10K
6ZAtnQ3CUS5M8szPML8R4ci2EMguyb6qgFFWPk1aY7Nb,9326.85873372985,1133706,$1000-$10K
8n3bda1fYNKNzsLKCdTo1m8f2npCHoTpahWy3PnkhiRZ,9326.849742967948,1133707,$1000-$10K
1c6n8tuX5K33bGBynqagG9SVJEDJWNSdAFNV7mZwPFm,9326.809302795371,1133708,$1000-$10K
7ZPGjUH5T2mjJLhDgn13UsHAYSwXVQWCgjQBa1QAYveu,9326.805776350651,1133709,$1000-$10K
DqykcTRHppZBrvwmLvX13Qn8UUnLYrbo74XEozxdbLpQ,9326.76106880979,1133710,$1000-$10K
ENJj3Utb9pFo3ePWLp71R5rqqGxFaEfBbmQbCPDCgghs,9326.741396719093,1133711,$1000-$10K
7CZ8FLonv4fuUi48Xj2tTtQ2vrRUDLr1QVbAQTR9Vfdb,9326.72069982827,1133712,$1000-$10K
6fMtpcfzYgZ1BytkTc8sgjE3W6kFouebrhhipaXYh9Qx,9326.716548732415,1133713,$1000-$10K
8KvLdFZLCrn8ykCTW1bwrdQYVS1mAm4VWyWUeHRLdS9y,9326.715360461096,1133714,$1000-$10K
9VjcXnkCDzXMQnDfGFDVmdxdsnm3e4q7odaaKVuJeE13,9326.690862024885,1133715,$1000-$10K
7KZKaFAcRhHvcCitjttxYXxMHw25MxoDQp8RsXxP3H9a,9326.68786663964,1133716,$1000-$10K
HKHiXu4yw3uFUrZu4AN64MrKzQzR9MTFZY9g4sYhtTvr,9326.666665447865,1133717,$1000-$10K
FdFARFzpFtNqSmbktxGeJc4G3uSVNrjkizW9mLKRJPN1,9326.596666180718,1133718,$1000-$10K
4Am6qAcNi1vdBDqtA6tPjzzczxGsTKLAxguXAYsD5vKN,9326.569484755351,1133719,$1000-$10K
29SEBzN5DaSHwBXa4dby3MubYzkXMvPSUSCz9Js5penP,9326.55618564874,1133720,$1000-$10K
HaBtPkkA82nAwYwJUPfxGP6UhF6MEpZws19JMg5znXJ5,9326.525597830905,1133721,$1000-$10K
EKgVTRQpkpfyCFiDTdGif8fThmv7jFxn9MqUaymJrika,9326.52555044493,1133722,$1000-$10K
CwaiQvTa47fu6ScRmtqhGyUPdzvwhzK3R9wQviWfpEpS,9326.50768174905,1133723,$1000-$10K
3FTnVVf2ymMXDggHNJrf41n5g2npdt8WdXn1MXvk6iMz,9326.506333109299,1133724,$1000-$10K
BsW2TyVL7N8oereiRXUPqrBw6JL8kux4quz7Y7J9Kc3C,9326.49827309774,1133725,$1000-$10K
4DhjJ6WmJB47pZVpa8TnNePVq9XgzStbzNAzr5HA1MmB,9326.496896057924,1133726,$1000-$10K
GWvkReh2QWpc7zV7kaW36dQMAbhLQinHf6rjuLse7TG2,9326.490549507569,1133727,$1000-$10K
ACHLmfejQ6a6NmXUivCS5Wepmxt4sPnHhqUftCvmdBLE,9326.48113134502,1133728,$1000-$10K
EK2EPEULBy7uis857bWUVJ9XxCtxANugCoC4jv3JcKEu,9326.461118884352,1133729,$1000-$10K
FHUujr8CrSe9FcFzuZCuhpEATcdr7AvRuCXkXCsj6Mto,9326.45248893936,1133730,$1000-$10K
7DKxFx2HYhHYdKsomZF21BmgF4Dd53i8XCKuTYvvacrU,9326.42777463697,1133731,$1000-$10K
FjbQSFup4ti4RLKx1bcQ5BqSkEEt1mtjUySgaSAnDNq7,9326.410482336558,1133732,$1000-$10K
DSzyq5uvdDYmKsZ5FeibcNXrTQhmoeSY4gqkNf2t92HJ,9326.372803499356,1133733,$1000-$10K
HNibFE2WNbpxgqijWC7D9BdAyrzE3Zrf7fEfNFYBMPxg,9326.36911865235,1133734,$1000-$10K
7GHUAKGerMZAeKrnwppCcoVjZLFpcv6wT8EJ6WH48gLN,9326.359267364674,1133735,$1000-$10K
DuRNhmwdtaReboQmPSZ62747VugyigjM2aBnva2R5PGk,9326.34678894948,1133736,$1000-$10K
2UANqVpEAi1fbhoXCp6SHfD2XHaaUnQXq1ziP1ZHeBou,9326.315916994768,1133737,$1000-$10K
7j4N4zKZJJs9M1Ez7rfnyE7fLg4V3dqnDYKqaHDqfNav,9326.310636890057,1133738,$1000-$10K
2fDpMy1d7ZhmBRsgTyjyqW5CFTVahwivcjfCtZhwE6uE,9326.30745334026,1133739,$1000-$10K
5CgqqrXLGa9SkH1ks7ZE72LWU4RwTy2fHRvegJ45YQzq,9326.29901072432,1133740,$1000-$10K
2rViDJvNdjDh5Wz6BVQq6wUELzmUoE2Ef5841nsniFcu,9326.285139215957,1133741,$1000-$10K
9oA2J1VwS6xnHWYDyYJ9m1myLRnf8ArtwnPSK4T6bUmH,9326.282578935956,1133742,$1000-$10K
5o2SNLc4qEBvqc1s98ih1zbr1f9ZQ2qKNENYHJEiJAVU,9326.274691991175,1133743,$1000-$10K
DDezdZH7v4zut6WBB15MGq5W45WwpKXXk2WgPi4GykDL,9326.250585789137,1133744,$1000-$10K
oE3EtzYtW3c1svkkkoreGtGw5zHiqgwLgKLk7zCAisz,9326.241205574353,1133745,$1000-$10K
7pwMcnnNtEWqWwogrEmRCmnc5RzCJy26jVnMcFHDDtGZ,9326.218815156642,1133746,$1000-$10K
Fkse7GhygtA4Dsk1oJZRqMwAGkXSetR9AvK6xPFw3kpk,9326.210369718097,1133747,$1000-$10K
EqcaBFNy4JLX7RVsFq1AWoSJppTiWPjpG9zRtWoV3YTC,9326.206380492436,1133748,$1000-$10K
FJo3jNewsgVpVp59GQr4kKU7rALxupGbKiCToCrfdDwL,9326.192132163866,1133749,$1000-$10K
A15mJ1B1ZemqZ6Y9T5yBF9jnexxheBNi7c2J2Jto7KDK,9326.164767159178,1133750,$1000-$10K
FNUKZEPSLRquu3yCeopNLTKAUpupFQM6UfwQBFVL9Yac,9326.141110777815,1133751,$1000-$10K
Hxt6ZK79ArHAdFNVmrUZHjz5Kyc3oeGfUqT5MyenYfkp,9326.136279133852,1133752,$1000-$10K
BUeeKvQwrTSNrsgVGVXXtjGggSa1RRnu2dA7cpsh6Dvx,9326.125312158978,1133753,$1000-$10K
F7sugNsQJdLJVZNGCEF9HKrku3WAhb4NDjdwLscHexZz,9326.110098200268,1133754,$1000-$10K
JAjCfXnPD1FLvXNtLXoUwhFhBZuxALuB3YLqo2tSzBbU,9326.092832358616,1133755,$1000-$10K
BV3JcTYhP337hrR8A6uRfYzk2RYV74pubaJCEshawwb6,9326.081236484222,1133756,$1000-$10K
BZshT8BLietKeZuQAaA6Uqx2wA3Hkswfeg9CjabSxhqs,9326.07505039728,1133757,$1000-$10K
75ZWDiJU269DymsokUZ4GKo5g4ncLQ1VWKd1aw4wB7rC,9326.073404845067,1133758,$1000-$10K
Gy74KeQfjn5DNHCci4SBLYTeYgPS3Gcu14bgcQRW68Pf,9326.066814185842,1133759,$1000-$10K
6jtgKqYChKiH3b7kao243uSRVnFnojc1DSVF2fbPxBe9,9326.061178649927,1133760,$1000-$10K
H6xZenHYBAnh2qChcWg9GmXmMBbxr1bgmMJoW9354D5h,9326.05684764854,1133761,$1000-$10K
3Us3fuVGrNA9E53MiwL47uc5gkABYVmG7cmgtku1X7f6,9326.056321741607,1133762,$1000-$10K
FdpZH6jsnjDEBpCtaLAXpjupw24y6sf619pkotieRjWz,9326.029299783453,1133763,$1000-$10K
C6w9vvdPMG2EfaJrNgZcgH8crLzVoUN9WsVizJuNLKcv,9326.02553735615,1133764,$1000-$10K
ACpUFj1Cfc6FXM9UAh364UKc8LteNVop8GzXgFey4ifa,9325.995189095684,1133765,$1000-$10K
5BQ8SQAAuyEWXm6TB9VTMwjH2Jb4PxBteEbvs3RvR1Ly,9325.993805724635,1133766,$1000-$10K
49j8i9cYrm4h1vrrS2JPHG3awQAeN6o9r89vrEtvzkCu,9325.993773887882,1133767,$1000-$10K
rDziPjDWw34tYZGagq2DRMv2Ha7cYfJXqikuRFnUQq4,9325.9897105581,1133768,$1000-$10K
DMev2GndTMLv4NdEkwxbUNbtvojufGBAvu5YFAwbGxP8,9325.968300456752,1133769,$1000-$10K
AgVsbjcHhdATSBKMgGX6rz1duLsV9nt5oNiQgtJcrV8U,9325.95449648632,1133770,$1000-$10K
7Bkds7GpMHVKEcADUdxKgTf9e9uyxBDerYKgm9yotLPP,9325.947923641368,1133771,$1000-$10K
VHYsZ4bCnRNRNr895rGvZ7yqyahZ5dQrmxGmkLJEaBe,9325.924881602481,1133772,$1000-$10K
EncRM4S7m8V4Zhb1RdisbWnKaLg4qjwAQB7VKPvMnZW2,9325.91524526834,1133773,$1000-$10K
B7cH6kerbKRBUBfcoP3qiFWoYWjjHTTDdcnw3yGwF9pX,9325.900410199449,1133774,$1000-$10K
4bvYFJT6xyS1h76SvTyGNwSNL64zRe2VQrh8WGci3AMu,9325.89898584448,1133775,$1000-$10K
ETUHFhLsAk2T1CG1c46ZVqBwfhQRK4tuawvkpma5SJJT,9325.896537683373,1133776,$1000-$10K
7CCoZxSbssBycuyQS8kHpDZETBvSLsfcmiUMRAM39fek,9325.886206130814,1133777,$1000-$10K
2JGcXeHYHjDQrzZx2oWnN4Sagjjsky4CGRHHonvBryT5,9325.88,1133778,$1000-$10K
47F8HJAJm6oPzUUZvUturNSr1SvAsY1cP7RrTHGfYAy4,9325.86896504829,1133779,$1000-$10K
4goU1gT3hJUVpRBmxxukKuDjdd5SGHAtQJXQDUukSzgj,9325.864669863317,1133780,$1000-$10K
BK7rpNEB3c81GHfgaU2jW586ZxWcRFDB4tm7TRiUBBHs,9325.85388393983,1133781,$1000-$10K
AQD2RLtWkhXP5tYbF3VALcpXELHR4xBxzNQqLBaLehom,9325.782009881073,1133782,$1000-$10K
DgZ37YH1Eaj5Lo7Kq7UwFarfsyhyJ5bCNHKZJxDGswnp,9325.75044761157,1133783,$1000-$10K
3jKqcfsS6CBT2AufUeoxMvbwWJhD2AggW3HykVM6jtgr,9325.698014409238,1133784,$1000-$10K
7oCx5tiCxmWLjNzv1qmkJPc6jUaq9T62wKY4HFcJaB1Q,9325.691431928353,1133785,$1000-$10K
2zutkQ6GJD2xk5NjtvmmDGfyYH7nb5Xdcb9BF51umHtw,9325.685920232461,1133786,$1000-$10K
Da9RgSeL5dfebVUq5fVoZ9iKJX9j1BNCeDnMergRVzpR,9325.660678711733,1133787,$1000-$10K
3VHfz1E1Eeqrnr12Pjgj1Dd6drwr9tMMUqJesd4tqres,9325.659511091359,1133788,$1000-$10K
6Hvy1HUdbbQoh38LtxfQvbDaW1fRXAxphj63ZbRvhZsU,9325.643281363416,1133789,$1000-$10K
BosbPzdkKoaxDtrcZJZP53LmoUHDyAVAPJwQvPEQj6Bd,9325.631996354006,1133790,$1000-$10K
FmtMsYay8GF3jWkhy4GHu5RcMyGx4NDM9RmMTC69wMNN,9325.589788374167,1133791,$1000-$10K
DmRa9oLEmWJTCk9Nivk5wuBNM3dVQjGYHjzWwFqsyyH4,9325.587205175985,1133792,$1000-$10K
2duXpZdxSwgMXw5XWP21dLGZJJvqqxMkPuADepXoM1RD,9325.574743903839,1133793,$1000-$10K
C92MeS7HU1axtWmk4W88K9faJFY7seC2M9gKLw73NiRp,9325.56938210356,1133794,$1000-$10K
5Bj1S9QHq7euwjPX6rodm5ACs8c6MvqhBFtvs5kErZtq,9325.56559603806,1133795,$1000-$10K
8TNmeL8zbjcz1gMkCcxHvFcGd4gRM9a8yYRPadAYyfnB,9325.564030108837,1133796,$1000-$10K
2otv7r2oyRmQsUHDcmxrJJW4CAeHn9ktMcek9c4SXiFm,9325.550589996368,1133797,$1000-$10K
FiuFQ2oR5yp5bbU3fX74YGxBVALNtvG1inkTaiKDAjg1,9325.507964450284,1133798,$1000-$10K
Hcr7YcZYyo9WJ3TmQVmUdvs7Y5X4YAuSfuqAfQ8R7XHD,9325.506096727393,1133799,$1000-$10K
WSMAALtLTVBsLSNETYos4ZtYjcAYy5ynWQWqYR27rgG,9325.502062052834,1133800,$1000-$10K
CuC8t1U8Nyw438nQ9143f3yYAxAYBiGko637Ve2wxiNF,9325.492621243304,1133801,$1000-$10K
8KhkVhf1RNP6C1JZfDqoGKGDUv4rMXsswdR2zeYFN6QW,9325.491545327612,1133802,$1000-$10K
HcdgTbVWRwbB4NZJcpkB1tRpzXCFySBdn8BLhJZvvhZ1,9325.48714502424,1133803,$1000-$10K
8acJPbvqg5WBBb6sBMkZRTYoEuMNN7JaV3j2mdZ3DTF8,9325.485820000002,1133804,$1000-$10K
7Fid16wP8tFY1T4vCn1NFKt1kZigFFb7g5D6N9VNhR9h,9325.477281484531,1133805,$1000-$10K
9AYZBx2dupiBK4zN4XgeSahv5eEACG8c1muyFbpCdrvd,9325.44846407986,1133806,$1000-$10K
H6QL6sjw6MCdnCWmGgVHydy6jnukQWPuKwZCmZCbnHxC,9325.443988510373,1133807,$1000-$10K
A7Y9ZxD6RjHoJnea1jswN26KCXLi4Qr9Uxh64gH7HSHZ,9325.3770522552,1133808,$1000-$10K
G1VLnNhHyJMifMJxSs6H6aNGaqxshVwzVTxvUPfBNr9k,9325.360767468947,1133809,$1000-$10K
22dQbWRppu6gJqgaV3TFToX83HKoUkHj6g2kZApCZUNp,9325.355420204298,1133810,$1000-$10K
5D5hjwjMpumdZntq7brvWGsvgZDjW8PRvRG6q5CBDVh5,9325.354052755694,1133811,$1000-$10K
FRk7pEhw1zu3KGsKzm7iGadbzhEnwWopCNR8UfykuJZ6,9325.338064680574,1133812,$1000-$10K
9bxDaR7fwUQfxCf9QqymPUrW7zwVARZigePDL9ojt3Ed,9325.309699938543,1133813,$1000-$10K
E7KFSUaByfVnd2s3pHqd2K4yu5U5E7aG8oCHRPkhDiW7,9325.302392927731,1133814,$1000-$10K
Dv4SJHddvZ2AQWEmzg4V3PQxChfueNe2mz78vKUBizTS,9325.284134250447,1133815,$1000-$10K
2gyjuHZa4ozN73zpZhqUbNeb53XHvUnAq8xHUvSbX5oG,9325.28209376411,1133816,$1000-$10K
8v7PK3jRCLzT1EkwmdTSmuWnunxgJ1oVq76UQUsycvhh,9325.256070062222,1133817,$1000-$10K
5iXfs7XiFdgo8auisKjP8YNoV94vtT4wz86ZHEL92uVw,9325.242613097049,1133818,$1000-$10K
6Kq8Gs4Jxro9ddzhfpQUHkLdiTHoVDc8CGxMyt2uBRbr,9325.240337985128,1133819,$1000-$10K
CHEei41XNuiwvHQ9Nok6cNUaUMo672zAdEn7T2j659ur,9325.224665149914,1133820,$1000-$10K
Tnt5A2K4VWqeVZJAet4nkNv4Nir7GKT7fTJjK6Fmntz,9325.20521899488,1133821,$1000-$10K
6BESPGYAsBdCvVFiY5Kd2nYy4NWvN1kF7eHLzqRRG5ym,9325.195316302668,1133822,$1000-$10K
CtDfWvUKbvpko6bc58TroyKNFFGBKv1aspEcHraKRV2W,9325.171948529462,1133823,$1000-$10K
25sUG8n4LpuLfSJXRjjPWiXpPRvZmufzsY9kZAqDFj6C,9325.146764666544,1133824,$1000-$10K
7FFcYYAGky9W2SG51zmtABTB75AmZhWrreGTMwV1V1Cb,9325.136481347903,1133825,$1000-$10K
AEVajRJipecyUR7ModdCRP5rG2DjafRYuqgehTaJi9ns,9325.118960392234,1133826,$1000-$10K
4C5W6g257kE9SoWq4BqC6SPtAeCSg5HwNiNzTdW9aBYf,9325.106670854128,1133827,$1000-$10K
8gmKrCR8hfUUV62PQ7HsPnuULmAPkRGGaDDkQgz8UzGz,9325.104722012195,1133828,$1000-$10K
DBk7DXP3xrwAA2Dq8vVKgHDMJeJfWfB1cmyg48BcDaLe,9325.08716720076,1133829,$1000-$10K
3fBEUC437GUDGz2FJN6ZQFz7d4Hn5oVc85nENCa9w7Fj,9325.07559205441,1133830,$1000-$10K
5i5yzChEfXrnUgRJcSCuwUj1cTcNQYW1WJM7TeHMaQ2j,9325.075351771278,1133831,$1000-$10K
EHjzbjtseEzyzXzdGWqkLDA49DkU4rUcnd6cHikvg6yt,9325.04711060459,1133832,$1000-$10K
2s71R6UHcCpD5FLgh1k2nvLcLnD8JgXMR2ZQtwn6nTUh,9325.04592756218,1133833,$1000-$10K
7WUoqWBmoirTaPrMaYvqgbxZZuid2uTmRbNLA7cbanEW,9325.008619725848,1133834,$1000-$10K
GVxkdE5bcDKaMrNQzmcG5vajLkuCaiBaWbDuD4FXYeXN,9324.999713810192,1133835,$1000-$10K
5kVxL8QkXkzo5512KzwtUcVzrnTz6Br1eNBubPcPbiCy,9324.994296951774,1133836,$1000-$10K
9TLqfsRgWH2KSHpBwKhkNQQfex9bRcXrVrhEM9kX6Ukd,9324.991238708757,1133837,$1000-$10K
2HUAvpmgKEg9hu9URH8yygSLQ2A8sTWWPYtMPd5AetFe,9324.963892758582,1133838,$1000-$10K
8tX13U3JmPgg66ZFzTieakvfVuqSxemNshzfJszbWG1w,9324.958075164177,1133839,$1000-$10K
8kLdFLJyUDULe5mkPnq3D24EnD3QFUTQGfn7cTS3bXrv,9324.945676467582,1133840,$1000-$10K
HcXUvASSXW2CcZ9kiczidtHftWo42AmcqtCmk9ou9be5,9324.944823792199,1133841,$1000-$10K
2CRELDmWQFzLDmtgc5Kvw1bCQE5q5gEFKcf8xYk3neWS,9324.943982895595,1133842,$1000-$10K
4ekNtySbew9evcfCKZ3H9NHCieDCj8BM39FdDKVs4twr,9324.9330294425,1133843,$1000-$10K
FyXV6qGqsZhEXBebChAHmdLs1kUF2uQYGg2JBB4Tn1UT,9324.920596152615,1133844,$1000-$10K
5mYxoYNzVESJrR4yBADKCTWKcqzv3C4W7jSn3YL7qWMF,9324.866047354324,1133845,$1000-$10K
HbjUGrzmFAiPbUooz2FUVZaFphUBjmvFnhKdU1MeoRpA,9324.858123013759,1133846,$1000-$10K
3iX6AUzxFt2RFXMewZHDDckCGrLqoydHBCNod7vFqM4W,9324.835946561852,1133847,$1000-$10K
G6B95Byqkrdgu4qhfbYT1WsTPDyu4X2ioGrtiyYy6hrU,9324.825957945903,1133848,$1000-$10K
3nGcUk7Q1p1hLmPbiEa3RFQU6txN1e2URGgeTRJagcLU,9324.824913042228,1133849,$1000-$10K
5R7YKd5Veh7hd3BjYPCWNj3cpBeM2iBe72VZR1Gz8CEA,9324.812876402202,1133850,$1000-$10K
HRCWBPgAB1d8d6NLYeJxC9mJL25BLutBHXeXHh6hsyon,9324.799310397542,1133851,$1000-$10K
R9wmHyJV2EMpeWrgcoJcfjKc4UfDKyzCYbLfn85AztD,9324.794430421198,1133852,$1000-$10K
3CkJHBfoByD1srXkbVTyerQpH2KA8UJhPoPq3izyat1b,9324.779381758855,1133853,$1000-$10K
5td33WF9rmKtBSBcfTpUF74gHS1cEx6K3C3nheekBpmi,9324.74427691365,1133854,$1000-$10K
4aCCFt7tsBvWsm6KMhjnYFgx5jPYCRjpCeU1KckCXsbk,9324.699881001437,1133855,$1000-$10K
HLQreyNnjvZHoUiDRQg5br51XhWxNWwyzy2Ra2MMTgWU,9324.676163740169,1133856,$1000-$10K
TtQDbCGo9kt36SkYPmxggKaPbwy5AbqP6hwggnuFPN4,9324.663739310256,1133857,$1000-$10K
Cw1qyzpkY8xskBr5H4eTADU7kcekvwuWFEqT8XdkSkdC,9324.60798630138,1133858,$1000-$10K
8KhN38uju6rhhoPxctRdpiCpRrRBocLC29Xw2RhN89Lr,9324.593665351758,1133859,$1000-$10K
FX8ettSmwHiexzPTNHv19RZU9rC7heCuTHam7DmyxoQy,9324.580860590688,1133860,$1000-$10K
CLJfTQZU2X1hdGAvzDS3KJchQP3DTUwbVveAUaw1bxig,9324.574575080029,1133861,$1000-$10K
8bGm1UXU5Ps9BRB6PBMBQy1Uhq4pGhoznCyANoib3jBG,9324.573644995418,1133862,$1000-$10K
4FBX3MnHNFCQcC1ngs8KgfP2BU3Y3EUQ24j5j7pVMq5g,9324.551306770154,1133863,$1000-$10K
46XKL3zAZMGXZpTBsTe4PxYBKgMMVk7N3Rtpj21Lqu48,9324.542322907371,1133864,$1000-$10K
Ab87aSfzj9BJGtJ253bGcDAyA9Z4DLq5dzS73VgMUmSC,9324.541336505545,1133865,$1000-$10K
AsZx73hvPqkDa5ZVbSEbc9USXWmEhKKzLcki5hPcTvBC,9324.54062279969,1133866,$1000-$10K
299BUwnSdjVZFhDCczTiBxvFuebeMvHXGKyKqhbszu3c,9324.530060909881,1133867,$1000-$10K
CsnAiT1mXTGPHkVKHgJUhoDgCBfdDNog7s7AwBGcmsYM,9324.52390660521,1133868,$1000-$10K
5ruKsN8Avmxd6xFw9cdMDJc1FnTQ2VXadpvTvfVQ3EtK,9324.49772003541,1133869,$1000-$10K
DQTHATtZK2kLGvwSkmML1UncsXJbqVXYo1ZrnU5u3NF9,9324.494425186758,1133870,$1000-$10K
9d1tmoANdFGttKcPWhq8B7JEbbTq9APSciuNZ4aT4xCW,9324.493295516239,1133871,$1000-$10K
1kDJg1vJ2a9N3LG8rwV9EfEMJujhkfy8oDcyKXeu9E6,9324.484017919282,1133872,$1000-$10K
ARTQQLkGeSv1io5JEGkxEmwdw7deAoKLzEWzqqRtsD7H,9324.482385037734,1133873,$1000-$10K
z4YnL7LbUDVgAXcvCmB537wPWTdKuvdu3eJag9s3Nqs,9324.470904467385,1133874,$1000-$10K
8T8SbMaHN2LteBdaE3k8gqzpbKgRD3B9YKCtLSuZbsV7,9324.457806331973,1133875,$1000-$10K
HzXSPDzGmavjZDs7hDDQf5e8JgEdp3sesc2UqsuhEm6d,9324.43091222726,1133876,$1000-$10K
CSnSvG8mQHWuXznBjQJAphnggtrtoxvijo7xpVqGSuMA,9324.414180298836,1133877,$1000-$10K
EoCCgXyq7FnzZjUBo4VTh2cuLs4QuUCRLYLxGeeoDgcB,9324.409340562652,1133878,$1000-$10K
6aTgBKvsjU9UbUEU9TYf4XDVCEYLY2NycyMw6zyuyiKH,9324.402522681168,1133879,$1000-$10K
C8tsCK7KXrAUzbVPbQPMUEfbb5LEfMqZAHAifbECLxfg,9324.37754840592,1133880,$1000-$10K
Vg8oXo1F6FgoNFfpJxRpJG1EEvnSXpE9Uv1Ttq3FHfr,9324.363835578126,1133881,$1000-$10K
5Qhs7YazLL4GQtH4HvzFHxczWWp4XQgzTMFzfdmc5i8y,9324.353137958287,1133882,$1000-$10K
DKAU5k3f1XFx4T7Y88T9D54bDxdtc8TSCojcokcwAbqd,9324.332043803228,1133883,$1000-$10K
EUzXyMist1oBQVhKci1Q1G6vdjqB3BMqvuzTiF7nR1hh,9324.331448021332,1133884,$1000-$10K
F5Rs4Xcn2tSrojY8sCZ5htoEAa3pTwwF9moMdej5CyuZ,9324.313108730339,1133885,$1000-$10K
KUmih966GcXEBwy9FFTT7299mk8pMwQFNHgde7smCGg,9324.299309441645,1133886,$1000-$10K
EfpApDviJb47jKauYtXuNdnbrEd32mDjJwQtVYVndg6J,9324.278925883611,1133887,$1000-$10K
ETrwEaaWHHNeLJKRPq2RpvNYRA5bPgFADRt3LD541mpH,9324.244462117427,1133888,$1000-$10K
38DpVhw8etg1iv7gQDUZHuXwZoCM4FNgmnKMxvC4K9Wu,9324.217839133384,1133889,$1000-$10K
DsgYDRXVmU59PkoUZWWgesikBEWyscPAPnC67C7y3fPK,9324.215548079319,1133890,$1000-$10K
7uA2QMNjBsc28TCToEPDPSbihwNZ45oDpUip6MADKHYx,9324.205318197653,1133891,$1000-$10K
6bkKWwaVrynYMkJfLByePcvGuPK3aW4sotgLoVRjanDH,9324.179334985707,1133892,$1000-$10K
6R8DxXReBHdKT1UqV1M5YMi2dDjkiw18pJwC5UdA1ANr,9324.150045589911,1133893,$1000-$10K
5FoVv5nB3v78bdtmquhgvryFsZCGPrqrkGJcE6ovCRnk,9324.13051145284,1133894,$1000-$10K
7MQBmNKrgdm374EUdELa9moiZ5MiCyhceAWHKbf77HD7,9324.102135293972,1133895,$1000-$10K
4jscsMEu6MZi28LYyyGJt6UpGfDgtJe3PsoNWPqwwfzh,9324.099267467851,1133896,$1000-$10K
3bQ1QSkLFKoxvFi5XeehmEVVmidNfGw2SU1pWBZFAUhi,9324.084264129118,1133897,$1000-$10K
2HBuzkVaiiqE1BHN8yASetGLq1xptHohVV1GMSZtwcvb,9324.083912857424,1133898,$1000-$10K
Abq2hUpvsKJa6ueAoY2uU5EHKHNyJWn5SiYTRafpFugt,9324.075993615812,1133899,$1000-$10K
ASC9KZRmCtirZXXb9UUnuM73JvDdqYM3PLR9yb9RL6p6,9324.056820127817,1133900,$1000-$10K
FaKuPjsAmRpVrd9FM6yGGxLT3TvmpCuA71VEADcU1vs1,9324.050085232531,1133901,$1000-$10K
2ePVu8GKUngiTtNnQsmW3v1CYa7En1Ln9p2sR7qkRcu4,9324.030178482466,1133902,$1000-$10K
BYUouKi9JnD1y7cc7Lrj31YpXLJ8drAL1NMTmmp1wp3R,9324.006479508478,1133903,$1000-$10K
HgVh4cS8zsuRm1Jjb5CaVVPCP7ziuctdikeWZnmewBqC,9323.998870893041,1133904,$1000-$10K
A8arioWdA4KhSneCE26RgeSxwqeTJhMNbj2fhFEdcCka,9323.983344400925,1133905,$1000-$10K
ENS2sE7vit7sgq37vmrxRSAo6Brg5WCuBx8MSuZtEZpS,9323.971306503883,1133906,$1000-$10K
9hqbDnTb6f3othRsnvvFnK6Ur1vv61tuxD3K21NefBHy,9323.956074933301,1133907,$1000-$10K
FqNzqmzK3VrkFSnVBEmR1Y6Hp6ypmDpWzj4GwHNax9jn,9323.938240605708,1133908,$1000-$10K
Go7mKZ2Af5MEg1wcF3ufMVnDXUinPzFrsC84euoMeSGc,9323.936278466388,1133909,$1000-$10K
8SrZYsT8rSbpUVgm3KgHDPmGBH3WwdhT9ABkXZDMWJrD,9323.92225504871,1133910,$1000-$10K
8HMNnboYZHzg4Z8RCBokE1Q1cyePMpGDRM3kqcxUPTCs,9323.90707874684,1133911,$1000-$10K
Gm5Wokx1XwrH4ZMDZhfQViBozvkjdH5Vx2qBRSCgF7E4,9323.885825487056,1133912,$1000-$10K
Df9gTxgwKXYuyxkAGukqLjporPytf1nME2bSBxE5NdoH,9323.853839786176,1133913,$1000-$10K
A6hbhDg9qav8tMro7hVQFVSo8jik1GEUACdyCDZKutsV,9323.853694780737,1133914,$1000-$10K
3homHaVLUnRHx4FWNr6V6ExBi57WRHpUdaQXec97M4CA,9323.851716120625,1133915,$1000-$10K
J2JCdjTEh8udhurqmWEnwDLGbxcjhiV86uSi7X6hiQSs,9323.844843071998,1133916,$1000-$10K
owaBeo6bvwasYQHDa3VcUnnamfMBhhtRtoWQdJbLoPL,9323.838779712398,1133917,$1000-$10K
3dyysRu5V9UrJEzqT1XABKm4x4Rfxic4kR3kZhHuGS26,9323.79866675615,1133918,$1000-$10K
8cEpwpt6cf6VMSyiL8TcNSNH6C1nmqhSV72pcfh52y9V,9323.791047280482,1133919,$1000-$10K
BsvjdCMBkKS1nymnUjHJX95zWZyx6yo3CyJZEpWH9uxb,9323.715455502424,1133920,$1000-$10K
F8VzFrU1qyY92QcfGKCHxRyLHrb39C29ddJACxdds4Hi,9323.706984700379,1133921,$1000-$10K
6hFc5poXkMp3ANQLDJM8BZ5LBTVcMjLY2HPZVoQqwv5R,9323.671446940518,1133922,$1000-$10K
6Dqo8VraDzyw9FEx9cRZWPUg7oeFWfWwWbH6Q29K8B72,9323.66398737659,1133923,$1000-$10K
3VGcvEPXUtygDP7ihGfN22eWirCdc5fmxj6QN6M6UHKz,9323.639019402697,1133924,$1000-$10K
GvzMSmyEr6j4FLHVhKdMJabwmTruEEUmLhJo3WpYqMFT,9323.625877843644,1133925,$1000-$10K
rU121buuKVwc6bdGAELJL6t4ccnu3qnSzgs48i7S1Xg,9323.582503949237,1133926,$1000-$10K
2SeNgDo46Sf8G2U5hGW4iWP5hKoq35rD51UQtRFKRSZH,9323.568324051419,1133927,$1000-$10K
CPFpWBQwUn3yu9bAV764KFUXS6hH3CbT86X4X5Vs2DaS,9323.56400084259,1133928,$1000-$10K
9DYHWkbzk2SDgXgsxPmoetvhF2ggDGsPjLGjLkPHj6c6,9323.553717933622,1133929,$1000-$10K
GuJyrWAcc7JMzXhLgaNEa7kA2vcyTZaVDnYRroZQ8Jk2,9323.543127822177,1133930,$1000-$10K
4xWa55vJcoyxzeQrkcge7Qeng82EnW11iJ4V4J12FFDh,9323.534834466082,1133931,$1000-$10K
ASJEwiEErzm4x6sUSzM5r3pcqg8ghWiAyZ4vU3b9d7Zz,9323.524877350965,1133932,$1000-$10K
Byu7wL35P69o8xmaM77TmZ7pHqJh5mPC9C7WhYkgFDGs,9323.462044545202,1133933,$1000-$10K
2836W3SM9EyNEnobUdsGsR6xejr3nbjK9xK7vHhCTUmw,9323.45841523284,1133934,$1000-$10K
6XWzuoz3evnoMJXgpy8NtyoFicz8yTd23swaYobvXqUE,9323.41266991661,1133935,$1000-$10K
CTKFqJdU7WCH1jR9usUseQjtWL4AQxgHmTZ2ErYc9fen,9323.409311017767,1133936,$1000-$10K
38W7ctQBiWwVoA7DW4npW6k1t8L1fBZNF1coYFmbk2wc,9323.408960207156,1133937,$1000-$10K
HvFUE5rTw2Pmekz7dmo1SG2PWYrZFkHAtCbqBJhJX411,9323.40230406039,1133938,$1000-$10K
BMCkGGukU2Xt7k6kx8yiXAaZ6YcLSq1aVsTeWDD1ez57,9323.394970934723,1133939,$1000-$10K
82AbSUVHE5gsnPy1uuUs7iJ7ofQct1Ut17cqhVAXWB62,9323.366654615582,1133940,$1000-$10K
Er7DgYmNBdHK1JzA8L78cGRJX64PQ2cNAnYfUgAWkuEe,9323.346655674797,1133941,$1000-$10K
3sTY2E9NVosvGUEUdANQZ78mYZtrU8e7gukqudKrVfYZ,9323.321023216,1133942,$1000-$10K
4QRES3cqxoNRkLHJZfbF5m6uxHum29fNwhd19npMcyno,9323.293469279213,1133943,$1000-$10K
B4mA3tYZDFYnGSTxHUo1hF8LeASYtHnWX8hkSuTywvQt,9323.289343216715,1133944,$1000-$10K
Fm1cpuR8wcxAsha7egpdWTdG58xrvqsffi7W3o912AwH,9323.273340856042,1133945,$1000-$10K
53jtsYgzSZRGR94sudbJX1Qob6mCsVTt3gmR4uGkUKVT,9323.26947919689,1133946,$1000-$10K
3F9QUwM2jB1dpYPjY6qMpvq4JA1rLTzDwMPBJAprUQ4H,9323.255407426977,1133947,$1000-$10K
2ww72Zz687MJ5F3ZBXJS3sV2gmmXaLaWju3KAF2XP9zD,9323.225377787368,1133948,$1000-$10K
13SL6GULz6SnjAjzRdaArGrcHX4TWd4v66EKtWbYZi7r,9323.220046692502,1133949,$1000-$10K
G9y9KwGFHQztQtxBeqPqXqtHAqnBAViK3TMR51Z2fe5d,9323.21957716382,1133950,$1000-$10K
ENK7aBggL7PRWAm13h1zAphBztbAUdj8MbW5HEqoW1WP,9323.196557437645,1133951,$1000-$10K
cc5vNEeadXAdYTw5yDaUvXndg278QjG4WCzf3t2iGSx,9323.173702755903,1133952,$1000-$10K
ArSU37sytMS2mFpj8eccvENjNA5ACbgLdAn4LUkRwLN5,9323.128031974122,1133953,$1000-$10K
3dhG3KKq1NM23giWmBt6y8VAQDXNWoGrKsd8djtP3JLF,9323.127922622769,1133954,$1000-$10K
7KdzNJqze9ffa6z1ccx8GGuEPJ5gLkK8fLcuwiKRCtEb,9323.119967899567,1133955,$1000-$10K
2G8wVBE1wEE5wjMmtSBSeKCsGbLN1TScaxuqng9iypwT,9323.110664004376,1133956,$1000-$10K
3ENjCHZTziQ5X6KgsFRr8ETVK6JSimHfzZzpytM1jpEs,9323.097984338043,1133957,$1000-$10K
Dby1Hv4RmkDDVGgrmVfSpxrAyuYE2fRVedtR9jBcthVN,9323.085608648882,1133958,$1000-$10K
9ztX34GHksQWp4CaHsijTWyqRdnHGv66MPUYTyUM5JM,9323.061012087206,1133959,$1000-$10K
G9pYsk1kApi5ZnVhBgbdtQJe7DdGCsnMvZQm3Y9Ei7Jn,9323.05554542156,1133960,$1000-$10K
BqtL5kBWn2j5htYW4PDWn6DMKm4vFsutzpLbtovD5mRm,9323.043075053909,1133961,$1000-$10K
4JJGhC48X8472TbmEnHbezX1BGsFt7po2nWzPbcM5WpD,9323.040584672224,1133962,$1000-$10K
HU5T6sw9F9Xg4B4MmARZqZyFS7Tns6cu6WrdEEum6nFz,9323.015832265708,1133963,$1000-$10K
4v2XULNgqQnBPN5TeFUyFfavFs8wVKZPPBSWm55sD6NY,9322.988187809584,1133964,$1000-$10K
ALMVquZh22LE1z1Z49sYngMinxLTc48MiB4H4UbKYnQv,9322.987192313998,1133965,$1000-$10K
GLbX3THTjZVsb6gA4iCLGzftpc5c1D9ztQW8YQ8Jm6zX,9322.970348807554,1133966,$1000-$10K
AFwAg5XNTGQ7a79eUcAGTCmC4ARd32sSBx53QB4fCiVh,9322.959494583272,1133967,$1000-$10K
BmxzifWK14jSRgR5tvA8ujT5mBFdBJCQrpKsTV2NpC3f,9322.958199984023,1133968,$1000-$10K
8CVukB5sQhwNhKVAVFziLfriAST3mK5NYxCWV2oFDB7n,9322.923252663271,1133969,$1000-$10K
2Qns1ukphpsf7nkGuJ8RvsFCNdaX3X9er7CDzXJxairG,9322.91379973135,1133970,$1000-$10K
2FDsvJwM9dXXePoGCW63MhPeZ3qFH9CVCR9AXZ2Fc2HH,9322.910260425591,1133971,$1000-$10K
ezAVtyTm7cRrfwGiMtkBrdmZueTHTYBAGN7XfPcfkrf,9322.90429650648,1133972,$1000-$10K
DBd58a2B6kKYgEsqBqEFPwTgvQNN6EriZhPVLu8HqVZR,9322.890296280872,1133973,$1000-$10K
EmTBM23d6hQTsrRwpn1yD4RM7fdj33CQ8MEKLZsbJ7Hf,9322.88885975609,1133974,$1000-$10K
AvXJfuWUp9FNzWQichWvtai5KDnazjTGk4nDHT1pJuz9,9322.866663176817,1133975,$1000-$10K
3kojiEondTV8QAHzW8ARURD54krEmYewvYVum1JV39yf,9322.855286027478,1133976,$1000-$10K
AVKmvvskxqJcVBwXDxj3fFBtDCopXFY7PvMutPndXyuZ,9322.847466288518,1133977,$1000-$10K
6FpVZDyPRXxsAkKMvvyrUnknfac5Y34fLUubyargaH3k,9322.83930930205,1133978,$1000-$10K
3ApiCu4jQrith1X874hNc6CNAon3DFAPJ1GfDz6N4LCR,9322.834559101197,1133979,$1000-$10K
7pXKaKvDyFzF9L6pzAiTSjFkBtWh7BiArdJJxVSY6DQx,9322.833194462546,1133980,$1000-$10K
GtaXb86bep7nrD8amoMuhYXhrXpcJ3G9yDfqN5ntsB7G,9322.801977248184,1133981,$1000-$10K
2eGCR8UwfZffDhjYjvVxZW1KauiX4Hb6EgzR68Wha3MS,9322.795218034475,1133982,$1000-$10K
FpqXa8otibiDeHiSSv7yKKyJxrXGWQQ3rMzBavC2EdBC,9322.793351909762,1133983,$1000-$10K
EVFc3YE2f5RKbxD5YpscgYRZnfMRw1NgaeYG2369VNDC,9322.788779050976,1133984,$1000-$10K
HzrYF1BPGy9wyv8ZkHgMWim9hTyeACVDBmUUfv8Tunmp,9322.777944341135,1133985,$1000-$10K
AmFMKuJQ3BvoxF4aVJxqdnJGPHb7Zv6fQy9aDVqV1qvV,9322.758722534703,1133986,$1000-$10K
4ocQ4HdJMR9is36EMY4NFoaYZjcYYntvoDnvVWaXYTS4,9322.75696045883,1133987,$1000-$10K
4dv1KyqGRtGxFX3euqtgJtDbnCiEzMy95M61jRU5MZTm,9322.745379920383,1133988,$1000-$10K
8uaVQVBCyos7TrREvjSMnwsr39m12HpHwfZLr7LLrzNL,9322.736769499956,1133989,$1000-$10K
7fTMwbCY1fgMxysyjTdzaBCTwCKMQrzyEmhjgTLnvsgn,9322.730864074672,1133990,$1000-$10K
7zgyc69mZrdDM2EazZ4ieKFtHgmK1pMsdWa8wnKTUSC7,9322.728793618906,1133991,$1000-$10K
GqoeW46CdXmdNk4BwHfXx7z82MZjSLtdXTETSqopHX4o,9322.719329834494,1133992,$1000-$10K
HxL6Z23WqV3SLDd4fDhbaYL6sXGq2UDtkK2jiTSKbyEw,9322.635718510339,1133993,$1000-$10K
Co7iUgGJ5RRhrYGuZSxbzR5HSH1KBgHDtx5PWibSeEQR,9322.630936225163,1133994,$1000-$10K
FidthZP8gzVoKWU7eKdKiP6ZUMrMrL8NUyHiR11qfGN6,9322.57983624254,1133995,$1000-$10K
26XzESfAymLe5uMWSH2Mq2TRTAs9N3W32BmsQ18k3zNU,9322.579076699454,1133996,$1000-$10K
ARFxtecW6AT7zFrMcYF1yo6Y2S57jLFDiKa72nTdRS9m,9322.54984340286,1133997,$1000-$10K
kmRLbjTefXvCNG54vpZiw4Yn7fNP3B1fbmV4xBjycqj,9322.547141327032,1133998,$1000-$10K
9o6jadCbZGZjvTSnZxmmesfQdHxsW13jpNxeSA4RCoba,9322.547010282064,1133999,$1000-$10K
AFNsRRg5WtziaBrFh9tjC4baxDM799u24heUfAedfkLW,9322.52978818207,1134000,$1000-$10K
GAmhVzMf5CZMjgAWcuATLAtHmxPK8yQwQH9sRTaJnzG6,9322.514376591245,1134001,$1000-$10K
FrXdyimjaYjdc3w1nmW5Aa6deFRGvQRHS7LQsCLWx6pg,9322.40378691176,1134002,$1000-$10K
3iWE8QnrkBkscvxCKvcnJmyo5xSPVKbi5QTyZjoGP4Ln,9322.399265959153,1134003,$1000-$10K
H5Df4BpxhPM6o3bYqPftG6a1WJUiq2v4WtrkCXi5QhRe,9322.39063512437,1134004,$1000-$10K
7zzKVrCzWwLByi1Wnjz3RrhBh91KTYeyySKe3KHxwM62,9322.37770646384,1134005,$1000-$10K
ByauaTi3XefrMd5ogcXbvDeNpc9LMo5Nx4ezRTUFiqRn,9322.365754536997,1134006,$1000-$10K
C3XXo8reL1Rr9R3nXzrUmkUa9k2DovG2KsvFmGH7NMyr,9322.364082211216,1134007,$1000-$10K
H8AkeTaUyH8aHxjVsRnbJLYqJBuRCW8nxUGc81AdkibC,9322.356963931003,1134008,$1000-$10K
7X38QKTSiVYQKYdaX2uik6GN4ZZE3CdEdeada2SThBKg,9322.330124106335,1134009,$1000-$10K
6vgCZF261Pf25H9svWcGWtekT5qaV2xqzwVvCPxSAtey,9322.242017342773,1134010,$1000-$10K
9CCKbp2PPnbvqCFK8cydf5aHGvatD2nCivumAL5Sg6jb,9322.210658373622,1134011,$1000-$10K
6Ehn7Li8NyLHVpatoNxRpRZKt1Vxofnm7R3fUmzV8hu7,9322.17190461482,1134012,$1000-$10K
4BE9zbVmSySrbqGrFaHsXLr6Vtyzg6oaYdh6KANoAn43,9322.132765281718,1134013,$1000-$10K
5rizgTQLN7gvybpCKhyxL52DJXzrNy13QCJNA15kXnmQ,9322.116034932913,1134014,$1000-$10K
5dbuE3zrhcutzf9vJQKZ6ntZBV4QCh19kFnqrrQK2mWt,9322.101710148869,1134015,$1000-$10K
Es6rLMMUCP2Zgi6HfaLH4AuQ9FhbzXWxVmWUnnTCDVa7,9322.09490629053,1134016,$1000-$10K
E2cLHDqMfw5mC75RPfwRSdcvgv9NLus56viVXG6g2tGB,9322.054921446961,1134017,$1000-$10K
C9aEYRmjTqu1cb4fJnR5zdnzgJMJ7PhYziaRhNyaNBeZ,9322.029530752803,1134018,$1000-$10K
E4waKyiaTaX6kjGKVDjDE8HTaHw8W3CU2RLDixJxiFnc,9322.023195356678,1134019,$1000-$10K
GcqkwbiTdBsjcHhNw8YpJUqPuUMfDdkYET5nTxtV8jgc,9322.01751983716,1134020,$1000-$10K
HbgN8tBonkZ9Xi2SG2bp6LbqLocQ2Ah9tLGrEqZn7Cge,9322.01154386038,1134021,$1000-$10K
AWZKB5NiBgZ8aVkE3W6ApdYFfZXoFLnzi96UznJM2tJ2,9322.00546837959,1134022,$1000-$10K
Dc5Lz7EJUFztzyqAyxJSPF5keyVxcNSmqGBmoSgZTwi1,9321.965494574753,1134023,$1000-$10K
6sRUuzC5em8qsVnhe4hJZRbFJAqBU1BxB5auYRjjEioW,9321.964193397,1134024,$1000-$10K
6QJJfJi3vgT76Nem3HHRZtfP63TbY4Q4z7TCg8Dz1cnt,9321.963778842839,1134025,$1000-$10K
Djp5V2SixJQi7LwhEej2ZxE8oTuPGBhkGaznGx4WKtDj,9321.948905673109,1134026,$1000-$10K
DPADdnB22YZYNYAU7txuLLrCfg9BBpRyeQ894ivfeyjM,9321.93221724239,1134027,$1000-$10K
BPtK2QkKXZUPesi2qDC2crtxeqfrxuud4Mpuokb7rpdF,9321.927312904674,1134028,$1000-$10K
F1rAroJo749Zff7vf22wrSGr3ugZTjQCYK3jhoWcPzgZ,9321.913574851224,1134029,$1000-$10K
68UFiZRqpesMmxRHAXUVp87K96bAKGTMUTY9mykT39NR,9321.910777947389,1134030,$1000-$10K
8RMDmU3ZdPAZ7b18WLxkTE1Kdv2bk7CPR5Yp8gwpHv9u,9321.870990594758,1134031,$1000-$10K
3FRdRuHu5464eTyvCkbNn6ocM6QXQmp3rbXESXRGYEt7,9321.844188721125,1134032,$1000-$10K
9iBhu8hp9LSxXysVN9FGCSFbTnxmRu8Wt9SpFEFFkuqU,9321.803745969984,1134033,$1000-$10K
GVs1LJqX8u5LMabu1Yqkys5vSZJBBcENJGxhuEqZ33YA,9321.787161474344,1134034,$1000-$10K
Dmjdq5RG8bDPc71p9RiJ3j6Tnb7qGQyZSEdMAi3cpYpF,9321.76584835724,1134035,$1000-$10K
DfLzrCkGQinYCr5w5RMnTS6KSLPEH7LtGw6nDABAqZmn,9321.751970893964,1134036,$1000-$10K
DEqtQ2rPaEjL57JD9Whq9umVL3bUH2YhB8C16L66fqo1,9321.747564900727,1134037,$1000-$10K
48eKHTWLNNb5jupAYoo5xT6z1VY4LCzuJA8XKU1mdfr5,9321.745157366571,1134038,$1000-$10K
CDyTgifm7uHVrZWM13w6o4ZKiUQbwUDngrsrrWPShd4W,9321.739775627746,1134039,$1000-$10K
CXcWMK3YCW7cYrkQoDYg2wza1B44UcqJN4yXsaAqWHc5,9321.734467749924,1134040,$1000-$10K
AGcKL3YY2xGbK36LZmZQdxCe5pWuAL8NpF57Km3krg7J,9321.727489703713,1134041,$1000-$10K
6KpioKPDPm4gfcsBqUbkyHewpjYhdFPzMpgRfmzzAJnt,9321.726227876776,1134042,$1000-$10K
JDFGeszHaZQQnZKz4UWmGKWnbmRotBXCCMKbD43mAdWf,9321.726203687707,1134043,$1000-$10K
GWtqXAJTmjiHieVeELywFZ9ZdSVQLyAVPJR4E8qwyrKV,9321.72173843755,1134044,$1000-$10K
BogdxvmP98w6QUvnwESXXbB6oS3PahcyWdqbCyajrdfY,9321.662890806967,1134045,$1000-$10K
5ozoW3vs3dz1h2qUKM2iuuz64Hy6qGmjVGsr9hPRGyFd,9321.662195390762,1134046,$1000-$10K
2kDHEytnKMsnuTwKSLkVni9rsZUc7qG4E7pBSRHUwk3Q,9321.636665261762,1134047,$1000-$10K
AWoZhASpk4chrXHnkfN7UEAPVtoRFNzmUsAnTJvSDnuZ,9321.609493765201,1134048,$1000-$10K
EcWxGZXq8ZSDodVpPffjL7GYxfeJC3pwPYySQqFEeyUa,9321.60666514968,1134049,$1000-$10K
DPzEAbR6s32g9mdy7uFyNq2qg2EDnKB7e7rp5AbBGM9X,9321.605542929927,1134050,$1000-$10K
7qNQzgQCJv6utp4yZbjrvtUTFWgKewTj8HNrVsKcU1vh,9321.602213230233,1134051,$1000-$10K
CdHUC2zDBiUVgC8tuoUjaCFPBxm86dUEod6y4gzjnDxo,9321.601161711911,1134052,$1000-$10K
ZarhCf6z5812Z4hESD7zt7ZLYP6Cxz6U4hvrf5fhsM7,9321.59542122796,1134053,$1000-$10K
4HB5E7Za1WD83gb4mktytWJVoTddeb9EJfXB8AeXhVKH,9321.589950239068,1134054,$1000-$10K
5mVqFj4qcZH524vikVZjRfLwqq5yHgqWFbxvLscUkT1e,9321.541683112782,1134055,$1000-$10K
CyUbrdoA1vgZktTC8sKaG3oZJeRjRaz6w7wuqC96s6Up,9321.541102449128,1134056,$1000-$10K
HvuL97yTYjVhhLMYXr7Gy1UPZSK9eXqwb2onhN5hTgLM,9321.5273511798,1134057,$1000-$10K
Aw3qEWSgHNeeyneEUKtrAMq3S27BTSg9gBXxfWEQnPyj,9321.513876944213,1134058,$1000-$10K
FLtXgiKKRkV9t92Y6C27HFJGemknSmbvgg6VfGvbD1Fa,9321.507379245199,1134059,$1000-$10K
gEYEDrww8JGZtSCcjRsaT1UHzbao8ag8TKdCfNnHEVa,9321.499972841313,1134060,$1000-$10K
4dEhV3LTiDBPzJe8gMD99iXMxdy5XfpHKbhF2KGCZsx1,9321.49939188889,1134061,$1000-$10K
3U1nW88dH2oRHFh2d641qAGQ6Qf5RqvFKPMVihZdn1aB,9321.498537791667,1134062,$1000-$10K
8yypCgfsbX99jWdJtKbFiWNyWyhzjVzKuAqRxtjYiZvC,9321.492187921416,1134063,$1000-$10K
BNiLabZzoGsrUpu4j8VDniqW5q4VdQPcrcKERZyzkYbW,9321.454881010537,1134064,$1000-$10K
4RiTRZ5vVMUmkoRZnU6zseJRkHUwQBCZSUz6T2Apv9nT,9321.453459317896,1134065,$1000-$10K
8WcrvcTbxCM9gDq554fzgLFB5GRCLKSvcjN2bLRQXBUe,9321.426054030602,1134066,$1000-$10K
HyrhdfhScHj7Up5Yq1gYjapFco5twBvT5fvcAaV5cwdn,9321.409394548584,1134067,$1000-$10K
4BTfuuzLUimJPaj3TLGsmGwrx8Z4CaM9EzSawnrZF5Pa,9321.395993116977,1134068,$1000-$10K
AsHWZTRaqzTCzh54HUCSR2577tuEUJwtvCJcm2xCukN,9321.361802855505,1134069,$1000-$10K
H2D46vwRzRLBU6VYXFqBrVwEPQQzNVGvQoYYnNbDJmzL,9321.346677693808,1134070,$1000-$10K
9hHYeRdU2uHMBGcqsbiViktz32DtbcfdCZDuZvN3Xy2K,9321.329569433019,1134071,$1000-$10K
6eh8yDrMzCLYiGESFkUnygeuVwaZpNTd2AD3CK8mYQjp,9321.299409156662,1134072,$1000-$10K
6zXBugiTWU11wNWLUo19ToRLwbqdPVfi4rAeBBrMVDF4,9321.293411122131,1134073,$1000-$10K
CVrz4uB9owKn8Vjcfgqnw2nRLgNeHGM814Tj7zi76F62,9321.29247437646,1134074,$1000-$10K
DdvdV9w7a6c1UuADfmsB129MJ51BmqTd8cCjAxBKGEo4,9321.290118876555,1134075,$1000-$10K
EFzGmKhFyhqUwvCvvEgsdhnn8JeQ6ZCby9w1dpJJ7YZL,9321.288081156074,1134076,$1000-$10K
FCsGaDMHQYQDEMjBHNLf3ZxkJjrBDK8H6jgkiX4nb9Mi,9321.280570453722,1134077,$1000-$10K
3fF3DnksYkXMBMwgQfoMMaZVZSVeh2DRkuKBv98Bs5cB,9321.277212625115,1134078,$1000-$10K
3LnxrsGePAQwLyqUEUSdRHYxvnNYaB6u1ivMHJzLAB4n,9321.264280474994,1134079,$1000-$10K
F5pkQ8YubC1LRorDx5BPkQq5RFHhSE9bQKY8jKbyLRHU,9321.256225230261,1134080,$1000-$10K
8AxYLtZm2BQ7NWtEwDs39nzGVGAcHP6or3u7eNXcgBF7,9321.251341580304,1134081,$1000-$10K
4DMjp6yh1W6J1AkrhhP1LY7jck7u1wMpRh8fkdHThsKE,9321.195152001505,1134082,$1000-$10K
EebWGhCJLv6Xm8rQuuWCm4MPGKqX6EwQYMFAZASAswkp,9321.152411296971,1134083,$1000-$10K
9AfcJJgexDSTxqyWxYd7Rw4haZkafuVYJyZBqTtbpav8,9321.146479789111,1134084,$1000-$10K
E6MCtf1GcJbYcqRq9vXwAQWPmnTbKCFebLz75YRkMHRK,9321.12929753952,1134085,$1000-$10K
HRechpNnTWwbtk5Wo7vQbmQjvE4FjjtBWY4pfixPWVPy,9321.116982008927,1134086,$1000-$10K
AoZokE4MrRypcxEeTd3wmnbTa5c5JCD9AMeHWHH4W6C,9321.113607926198,1134087,$1000-$10K
7DQBvqPhtUt5HaeKgzMgZnJm1gTp3KKyoAu15yt553D6,9321.11204848472,1134088,$1000-$10K
HwU9RRXwwP5Ldd51cYpd9KdpCnS8mWFSuTNjE6mQkdUU,9321.097472601243,1134089,$1000-$10K
5qyt1vmyTdbNuv53GzbARaFzBdj2M3eGj2reJRXi627z,9321.080078328476,1134090,$1000-$10K
B8QeJLDqP9qmcKTuqAY8qzzBGKyz9k1EnsZeF1htZrEq,9321.075499496086,1134091,$1000-$10K
FMCc2v2MV7AzdLkRW3knSCjKUJCdq3F5DKe3r79eDNUU,9321.068473735639,1134092,$1000-$10K
GeBnZ8gse1k94Y7BP98fHQJTcRbU3gCapwH93SQ3rrAF,9321.057677912739,1134093,$1000-$10K
HuAeQxzYKZpkoAmEoPz4ADjasxSJ9bXL5uM2RZEedxz2,9321.051149552271,1134094,$1000-$10K
95upnumaG5LMCuEaftMGefDsjvvmwWoxjnYok8V6Hwjd,9321.025381253634,1134095,$1000-$10K
9YWeYPWZDksMD6gEPLsCVDPQuA7fjRdS7cxUZqHc2WSE,9321.022481402913,1134096,$1000-$10K
3JPWSxZzJwPs7s3x8PBbej2UdqXVSs727iVrZFtJtaD6,9321.01724479823,1134097,$1000-$10K
HhdmsD49Xyg8xtVdAMQHM8AFdwgWNf1rmwWVmQq9fyiE,9320.99981902056,1134098,$1000-$10K
9LL2PGuaL5FdQyVDbkTDjpKRQyxCo2gDP1ix41ThZQQ2,9320.989872393813,1134099,$1000-$10K
31U9T3d9vvUGSjug786H1bx9FbeKvGkdW58gUywGgzVm,9320.983688435963,1134100,$1000-$10K
DYH8NHeRkZMZA5Qa5poiVvbTqH69LrrkJJe7EKoWLRJw,9320.979770785443,1134101,$1000-$10K
Ara6zWwyXyWwXtTzcu4PYTqK65dZVL45QynyxCHMiztK,9320.961966376146,1134102,$1000-$10K
69igXv9X9XBtoJanY8BY4JqsHpbFmVMxDUjxFanvetzE,9320.961535150933,1134103,$1000-$10K
33kZC6hSHbR78DKECEUp6V4RcTTFA7VLVf2x4Py9q3Wc,9320.958065084491,1134104,$1000-$10K
CPPhGRbSFTZVk3DunDcbFgEGzWQaHSVBEvzWa9Kq8VQY,9320.905033033692,1134105,$1000-$10K
5et38CGwNPCd6Z8rH6gBwdKYUbWPux5mwjMCScnfQxCz,9320.894051920528,1134106,$1000-$10K
DZpb6kj31w6rLofBrxTz7qT38W54ScrtW2PhRV2cdp1P,9320.89111095088,1134107,$1000-$10K
4FTzmM5QHP7RGHSh8Qecq8jvF35B1ANP23H5jt5wcoif,9320.849837791005,1134108,$1000-$10K
Ht4h3hZzXNPtqVfRw11HShixEcgnAnS8mrdTdpKcMBU,9320.84403721284,1134109,$1000-$10K
6h7h8CYt8n3kw1r97dHzVjZmL9MXUsx58FUqwW8YFanR,9320.822700783043,1134110,$1000-$10K
7iV2kXtdejtDdpuSmuk1FCw2kk571af2ucXZzCCc2t7C,9320.759509675237,1134111,$1000-$10K
CiWhhYxkTMjeyvvj28SdGoSFbubD9cMySj4qo5QUjaw6,9320.746631166845,1134112,$1000-$10K
6xqCXjBMKwQ7RubUPDLJGjxEE97i7nNqBYGWGjg697EX,9320.744170027374,1134113,$1000-$10K
5NWVmA8kxgGFv4Xa9nk2E5AK2r8iA49dLQcuQNEneEsZ,9320.73988419183,1134114,$1000-$10K
9F4xMyTAP1ZGUSHbYae11ns3F2o9kDFbJLfQmfA4xUht,9320.709831970977,1134115,$1000-$10K
4ukVUnMNNWEwWUzGp4FHvz3BkYBRY7mY2vKTqFkhCHua,9320.707928728501,1134116,$1000-$10K
DhU2Bz3VUEb4aPq7Bhcuqdz8cbGzG2AxZdEG1nzJhxXS,9320.70593013283,1134117,$1000-$10K
7gzKYrRPV12L5S9hzEbPtfgDfFZWRDkhrSm163fhTg9u,9320.66659892349,1134118,$1000-$10K
9bxYrmPENY6n1FBCjAY92QWVSF45FqaZ6nb5sn6PtAKr,9320.643308163342,1134119,$1000-$10K
J9sDmXoFEGNTD1FpWpXteEtEm3CPm6FS9r3d8y6eB7b3,9320.623935482585,1134120,$1000-$10K
CBKorZif9P6Sd7t4WykcapCSGBS63k7sDnmwns6JWXJv,9320.61980944703,1134121,$1000-$10K
TsfJDsnd94KAHZeeFzVGMjenq6Nx8ScCEHDEtvPGBYU,9320.585881387186,1134122,$1000-$10K
FJbk8yZ5YzEMwvPTxY9daxJ6V5h4JyiV8ZyaHP96W9vs,9320.546140674736,1134123,$1000-$10K
9cBRnzi9Vc82NZ2DGQPg7pobnw1rbssaWP4H8F1yuGyY,9320.539028429908,1134124,$1000-$10K
DbwhUPUjcYJZ1uxbAg6ufRJwawBwyqYsQ9o82pKkrGST,9320.538144985812,1134125,$1000-$10K
GgJvfMVHxiVeEeKjeaR9PCuyVv9tpLQzbmKnUbGPvE9v,9320.52453979547,1134126,$1000-$10K
3yX89rEGacNXME9qoJRvJpSbmiuuFTy9njLALuHi1fRo,9320.467883782636,1134127,$1000-$10K
DJqYyBRYRbaWH7D13gvLDeDZSGYWK8ciXkcNLkow4VPg,9320.454612764152,1134128,$1000-$10K
HnVptquA4rppL2jUw4eexsjAHG2XTygjP3BbePbmZEG4,9320.431933438937,1134129,$1000-$10K
GMDZtFXSjEMCCGRnzgnPaACyzcNuyLgw2etkUMt8hGxv,9320.424990678419,1134130,$1000-$10K
7AJWtMqfcS276A5zFQR1W4KmwrjCVFQdutcQUGVyimLo,9320.388487821248,1134131,$1000-$10K
6ixiUzTHwiscaM5cuCCca92dCWWnDtid8oVr7yXpAuXV,9320.380830627551,1134132,$1000-$10K
F9BAvCM8aoiYGTryaJGBQeyFkxZm6nhDpX6g9UtBjcsH,9320.371246910128,1134133,$1000-$10K
CG4WAq1n4T4umrcbvdL6QQV2p9XJa3mJm6kd18kW8nsX,9320.363208524832,1134134,$1000-$10K
XXjG3mGnPWmYRvpPNuDoJMCXMjjasgohussZsGYo2GK,9320.338887945782,1134135,$1000-$10K
5YoWXKv3ik3kiLHxcaGGra7AiTApY68F1FZyarK4juwf,9320.326976832956,1134136,$1000-$10K
FtQreb7whGTDyTYMaiPGUbJHDHHEkZ7QzCbdExgmXMyT,9320.299067405422,1134137,$1000-$10K
Hwy6RoiqCgNvsgWuqLE6LqYUR1LQPN1uQ78b4Piv7E5p,9320.239085010418,1134138,$1000-$10K
Fc6HUY9znM7uWhCFk3Mkb2FgciEhdeiRU9Rdebb6Jeg1,9320.23420057522,1134139,$1000-$10K
CcXwBipMyfzpPECta5VcsS852KFNdUYe7TwUST7aACCy,9320.180982029628,1134140,$1000-$10K
FdMoQobJi9cPgwVrrbcH2cn1vYpPqvX2xUxRAUC2WXeq,9320.170812620117,1134141,$1000-$10K
E6gWqTdB5D3gFFrND7V7uMmrRMPBccVELhPxSNUub3Rm,9320.166797752929,1134142,$1000-$10K
BSCwJznxggd7MqAzGyXtJziDpLBZTGyYkFpt3UUJ9yMf,9320.150086480413,1134143,$1000-$10K
HNBzk9cuwpRra65hNtC1p3Nh3wRAVhewqATECqBbRv2o,9320.143674874505,1134144,$1000-$10K
2b6DqosExxRbSxuqZZqjBnQori5gKUxnQyWFyWHxa3Ek,9320.12916598948,1134145,$1000-$10K
FNJAsYxmTWGAtZptRwUVS5Xj1eWVgY4sCSJfW4xJGMnU,9320.114420109,1134146,$1000-$10K
6q2FJp7npu9g1g3ieumtZZf4KBnRJXcyRY35Viv5vRP6,9320.10172982991,1134147,$1000-$10K
GVWkXQqWuNpuFP67jrjukFEPWW6drMed4Sp4A3jzbWdb,9320.101232482439,1134148,$1000-$10K
CnNyb9hbVTYZqbyJwGLunHTjzDWaeB5FXGu6oRqGjh6A,9320.09976514528,1134149,$1000-$10K
4UyKefa3xXKei14yF6zynAWD1rKndsp76TEhWDD1dPbp,9320.060554862454,1134150,$1000-$10K
HRzhR1zfS3ApZAg3TFgKV3bU2qJ8ZopcJAHBm6N4AWwc,9320.035332539926,1134151,$1000-$10K
H1MnYP8Y2Z1jHP9ew51cVv9zE1Ue6Ed2DUYoxYDGbCaC,9320.026368529541,1134152,$1000-$10K
EHJpc5W3voA5hMpHYgDURCFMT3ymVQSzXeebQfdNw4M6,9320.021373891956,1134153,$1000-$10K
Dtb6vrBDC6rYvA7B2GkAF98sNzDqg8BQhMY4zXQYXUw3,9320.013685879308,1134154,$1000-$10K
FnpztfHK1S4CcLZh751t3gKGW984S6r74RhZn6xgU5A5,9320.002795037448,1134155,$1000-$10K
2H6MZmCUFuFNRZ2mtREmaYhFKRwTL3HcMMpK23t84NFW,9319.996233153222,1134156,$1000-$10K
5HybzfD87sDty2BubUrZCg1ew96j4PAtNBUM9EuppMNg,9319.985564920045,1134157,$1000-$10K
aZBgZ2zMhrwDQeMtrXLAEmdTkRbPK6qsrUMsu3tLUwd,9319.94415970963,1134158,$1000-$10K
HR3aEhQUScHi6gzWzntfax7ZqoqNzLa7CPcQgnyAR5vr,9319.934169601753,1134159,$1000-$10K
3dmGSfawXwaHnNyGL3JAEFBu7upb95CY8Bq6DUxvQDaM,9319.91717516543,1134160,$1000-$10K
9ivN3AbdkjaXaLT6BVETvsupd4SiggRdM7qmNs3QbMbs,9319.914145458133,1134161,$1000-$10K
J5jwwURDQoJYAoNYxeTKxmxqbYix8V8qTqd6evEvgfGd,9319.893433682138,1134162,$1000-$10K
8yLfsMK5dC2Uwez4Pgvnhbk4dugLg747Q83yY7FpfQ1G,9319.890510098885,1134163,$1000-$10K
DTSnAGhgmt5CkjGxB3hPySBQGsNduk7sffkNv56NMFRc,9319.867963741803,1134164,$1000-$10K
3cbt2JJ9P8GBAk8LsGwDkqJjyGAy5B29o6ofSJC2YPDH,9319.864400695738,1134165,$1000-$10K
6dVjXKLycFobrB1PXykYBRmGhGydVsJqdkPThUf9DWec,9319.832566365512,1134166,$1000-$10K
9qpHURJ7gu2vKXskMVCFUdW39VQXBHkFBykeBUoo3vxr,9319.827553238589,1134167,$1000-$10K
Cp8yQbjb8qpf35MAJibZEY8132vGLTJtXM61an9tUhxZ,9319.804303003639,1134168,$1000-$10K
Cp9QnBikEdkwvj9HmhkAk34qaDb1rUC8B6HiS2X1v4w4,9319.803081681035,1134169,$1000-$10K
AdppQSp8D4JxQWtgyjpjW2q4Gp8uyQLbzLeb6MRiBjXN,9319.774969505404,1134170,$1000-$10K
2sqQ9ipqs8hvFgm9ez34RGHBaadmay6H7p87H65bGpnJ,9319.766771430423,1134171,$1000-$10K
728DAXg4Gm5Q8vXWbUCU3ju6wvhWqSXefzZmpsPDj2io,9319.766172655778,1134172,$1000-$10K
7pxANRCL7quJo2ZqE7hHDXoMCnAetbNVCM4BguxE9Pv2,9319.720044996571,1134173,$1000-$10K
9HDTnNgeFnd8tZhf3wh5Hfz3Sjmky8kht6eTEEZ2nbY1,9319.675704145538,1134174,$1000-$10K
6yZPEvG9nyVsSuqrASUdMuFQzie7LaDDcitYBG72z4ke,9319.643888281287,1134175,$1000-$10K
FjzLGTQpC3JcfnyZLEPg2Yg9NMmP93egzyCXd9TowWCB,9319.63641769523,1134176,$1000-$10K
GyHuwY2VGjZ7Y4SbXQ3MPBLyT2EYLidBHpyaG3RWEb97,9319.629114361902,1134177,$1000-$10K
H153mnWvxTZKRiax8WEZZUm3SaEsYQn4arHWNmo6WXhL,9319.61671238827,1134178,$1000-$10K
79rXd7yj13UZczy57dg3FXH9pSGCxrnBsFYTjYGqVoS3,9319.612918343617,1134179,$1000-$10K
EnXE7h5ei6FgmRS9bg5J9nrRdP4ay2bDuvge7RFBm72U,9319.611586830273,1134180,$1000-$10K
E3yuaaKbWsVWQUZWVoMMWz9gqrQtDZW7vt1AL9SNRb1B,9319.53561908581,1134181,$1000-$10K
ACjsP4MzoXoyvr88k6xQiBXHveHy74GQS8TgVN5hDckt,9319.53207710176,1134182,$1000-$10K
E7L3FY28ujudayarMxaYCFsXT8m4LaquAusDuBYaPdhP,9319.524631339691,1134183,$1000-$10K
Ejvka2z9YGtjbUKN38kRs9F7Hb3x1MFHYviX1kw9YnHg,9319.507595268227,1134184,$1000-$10K
923t49w4uPGwzSJULdpH5hQtXNyF1beJRHDzznLVj7iy,9319.468543304245,1134185,$1000-$10K
vcVKBR97xAjdVRyvEwWKadDhaZQXGfAbuqmsmpYsWde,9319.46771386599,1134186,$1000-$10K
GdYKSbDdZbjsQwTbsAr9ETa6Q3sqrRfmQirj2aqRcWL7,9319.423110482594,1134187,$1000-$10K
5czbVjiCpbjNkBkLe1YSu7fPzMk2ZM3DpTRh5PUxMFqL,9319.412101231823,1134188,$1000-$10K
Cp6BFNZZq9xcssBGuZ8BpXjhcYU5qHhEYXCfrs8JfrjZ,9319.356509016368,1134189,$1000-$10K
Eupob8tij9EYpF35MVtb6rZ1L6FXcNS9F1mJ447DXMAP,9319.348089592198,1134190,$1000-$10K
9ED5gCQKDQUuJpQfnahT49XFf1VmtAQG5La1oxRAosVp,9319.342167052198,1134191,$1000-$10K
45Tn3bgiuTNpow2nKxfnVzsA537hnHhJw89FWkyx3jEN,9319.324763985487,1134192,$1000-$10K
DrPfSC811TTAt94bdvPhhHFqH4aNJfqbGz6GxYef64p9,9319.317777464883,1134193,$1000-$10K
97DuVhrD7U9p485yzVVZc5xx896yRpsR8EzXyi45TMeQ,9319.310744231841,1134194,$1000-$10K
EuExEnV7q2NsEeqxqMo2rWNUZYZ6iQqTCPZ5iUwuHJU6,9319.30940939986,1134195,$1000-$10K
HF3FSZTfbGXZ1TxhwUxv7iVdRYsU2iFi3bXQ6eqAMTeY,9319.30103821036,1134196,$1000-$10K
3Uc2EFdkkrAVNCmUUVQW4JmXSRokVe9uRi8YtW4FYmML,9319.279128763013,1134197,$1000-$10K
4984Wv9iK9ci7WqgRAK9YAtW9gg8YUD4HLVL4iAEPWJc,9319.274415117256,1134198,$1000-$10K
GzQvg6HHZzEjLFG5G941s4YsDtjiQYhKZzsowwphpAyh,9319.269753351828,1134199,$1000-$10K
3i1LgiRSeSVByoYnY9npeXfYPeedZKjyxLTzybJaBBaV,9319.252643807095,1134200,$1000-$10K
CUEH7c85DVRKqE8RMYcegNVkRJzL8FHWJdptojPwjv1E,9319.219089813563,1134201,$1000-$10K
D6jKZsxamyZn43nKiiPMaRmxSEZRByHQgcSR6DoLrV3P,9319.160906573663,1134202,$1000-$10K
7xyDTkTeYFi54Uk253nWc5uLZgnnj7t7kmHcPrMcfTr8,9319.153387289174,1134203,$1000-$10K
Bdgpf4wMUaGU26uzY64SCAb1vizjwq5T8BHMFT7xggzQ,9319.148605373579,1134204,$1000-$10K
Hmb3nHDPZiYUnV5KqGa5Vsn4X9y3uovUCU7VDDVarUc9,9319.13717133907,1134205,$1000-$10K
2tNWuzC1NB9LN4JVkAQLq9Y5CQtznDco7XuxDiTp1RQF,9319.10468419459,1134206,$1000-$10K
3Ss8hqZix2n7Qe75UtrjF2hXRSob1nQcES9jc8ixTuuJ,9319.10294521119,1134207,$1000-$10K
5a9poN4tvCCtectyLENPvCUTCv2pjubKBVAYnyjMNvSa,9319.092134612916,1134208,$1000-$10K
8RkVF2MCSWKCzKZHcUZ6fMNtBNJuXsjyLtMY9T4zZFQ2,9319.054222574765,1134209,$1000-$10K
7MUxQUts9V47x9FZrRPkpcoYNqMcFoiJwq8eMRR33P8e,9319.046822134731,1134210,$1000-$10K
5yGN2pWVzgR4fwtadndF36cPvmpp4mrDTgGKyydVkwdW,9319.015092179536,1134211,$1000-$10K
EeVPRgc8ovjowFd5QQgAp12dWVvuxN29Sj4u5gNn1LUs,9318.990380096684,1134212,$1000-$10K
699RuHjGDkwRqeJTmb9xTZVvs5U828Ds49jXkR9C8SKD,9318.97811783603,1134213,$1000-$10K
9hAoggrWvJYUnmPzVVDJ8PxsyTDKYUATTtKqhcm32Urq,9318.968992716615,1134214,$1000-$10K
4T5EsH4DX5FA6pzr9FAdsCF3CyCrabZRSySn4cLU28aC,9318.94289881,1134215,$1000-$10K
U7KjfkakF4PTc7DjWit3qUoeNRrkvv7WwE5KFwmJyjU,9318.936695700988,1134216,$1000-$10K
6k4K2W8zA24arqPMcUTH1sCMkMyAhF5iotg71RG6UD6K,9318.911277018695,1134217,$1000-$10K
6ZsPwKaQfB59JoEQQnkRLqSS656DtZsV7aUjS8Qkh1Kd,9318.89785014125,1134218,$1000-$10K
AkJWAN2jQu6XHcL6xKxiqfA2dTZtfNBvBQCtRBc8ZppJ,9318.89143972816,1134219,$1000-$10K
81r9wnXrStLDda9fRN97b8gbYvRGAf6Ea5w5r1xCbMLk,9318.88106618543,1134220,$1000-$10K
bkJK4FJKrenfSvDsJ2xGYSci5QETm4yyu3vV2bYHRqT,9318.880268844143,1134221,$1000-$10K
CyR6k8kHXa3wNb1E2MiUcWwA7mDSuukxXh3vDATfAx9E,9318.879929139828,1134222,$1000-$10K
BF55vzi6WrYucmeHUiDoHNMEUQTJSGVxCVYd2iHbatsQ,9318.841670904378,1134223,$1000-$10K
4Y3AJLxUeyPPwVd2WqiPxAVhD7uu5zhpSBg3YbNvfkcW,9318.838688233589,1134224,$1000-$10K
CJXUcnDWUNKrHZaSgFmv1gEBSNNyCdXZJGtvgj3F2iku,9318.837339574578,1134225,$1000-$10K
BnPS9m5RFo3eUJxGs8QJi9NYs4PtQUmAVqKUm43T7cXu,9318.830012253356,1134226,$1000-$10K
zZoGFj54FHmHE6V2m6oTqLMbZq68ApbzCqtxxx9oDQn,9318.797276490597,1134227,$1000-$10K
3Y8Lz2u3v4HqQU4puJJVUKN3J1QB7kkBWfYKvsBFuDJo,9318.782803111282,1134228,$1000-$10K
6PoFvSKPLPeTuCc4MdtKTErdyT9DwvDQqTbpSRooSLLM,9318.76940469141,1134229,$1000-$10K
AdNqi7bvz451uDYSwPfw5wVWGJAX2jLNZKPFZ5NxgAdD,9318.762499811255,1134230,$1000-$10K
5FnyBoW96QLdA7q1Q7js7dwDESnv26g6SVUccAXQZAfK,9318.717185693085,1134231,$1000-$10K
9JiHhfeEPQ7s7FSJFecLAJT53X2aQCeNH9NMjCbrCy4z,9318.687093671962,1134232,$1000-$10K
6MxrE4P2jCVp7adXGdcs8z9U2QAo5dckorEGrAaPvcmu,9318.667749599512,1134233,$1000-$10K
8kXeEEetEVuqvY8eFjjkH8XHgySgdWjNnxoyF3rc4qQi,9318.622144512748,1134234,$1000-$10K
3AwqxEAxRg8zbefj65jqDPzA2wQAzyHThA2577YV2hji,9318.563397127396,1134235,$1000-$10K
3xVkAJfw38cXsAUXKXemw76NL1PYQjyhzQwinzHBfnFu,9318.55020630167,1134236,$1000-$10K
EFRubq828eNbTHyQ4UfJDUuVxYcoompjoHSGaZhpVoaX,9318.547992171147,1134237,$1000-$10K
FDdzqpWZjm5Y8S6pXd5GWTBk3RVA4KDfJCdSTziYDqYk,9318.545177147751,1134238,$1000-$10K
Br1sEhiDWQ2GHLQ7ZTkJvoJnitWxdVWS3nAD1G7wu3Xf,9318.521144017199,1134239,$1000-$10K
DQgPj4V8LYYk9F8Z71GqEbGE4rmGRpDtZXFjfUB5AdH3,9318.508704300448,1134240,$1000-$10K
ABWPVfryCjVYwmw6DFUSh8HLnAKw8NHayntL9YepK1z1,9318.49828346364,1134241,$1000-$10K
GMXv36p4fBJz3gbUcwzK4F1Pu1hb1PGKbyarr3enVHfu,9318.458808051595,1134242,$1000-$10K
9LZrsfCypAbtc1Pfuif2mHp5gp3qMtYkVMkvbRDrc5PR,9318.449391209238,1134243,$1000-$10K
HgtPUd3JKPwHKY4S9Fpye6EzqT3rgAbJHzJEozB516q6,9318.447516792057,1134244,$1000-$10K
CgpVRHzMSvMpNAEjG1w7P2x3TS2rQReX21hCtq29G5mN,9318.44541635869,1134245,$1000-$10K
J6ZCk1K4u5TDcfXQJYPxMx293e1ZzKebyntog71ruA7r,9318.440771576863,1134246,$1000-$10K
53QrLjq9po3mL2hS7cMJAA977GoWdPdh4JBZYJ1TneEY,9318.433738213134,1134247,$1000-$10K
9XxNyYtiBhhrVf8WLqzgNWZcUkjFcf2eF2bBFmQcpuzA,9318.388344482895,1134248,$1000-$10K
D4gTggDD5WShu3vmDdCjt27b82z9UWQAd5JpuxB8ZTuN,9318.38230227507,1134249,$1000-$10K
4pyeLaNsCTGVbnEXcAhjipZEWU7ffRuTZN2GfhhrAWws,9318.379760094738,1134250,$1000-$10K
DPNvej4eXBY7XEXsAfDUBz5PCaKQ9a24DKXqySSd8Pdy,9318.37614587511,1134251,$1000-$10K
7o2voNZC2mDnqgguiZhe3GTqnJH2MgNsctvG2iUgwoUz,9318.369060371662,1134252,$1000-$10K
DUYqy33XsqteyNPFt9WLGFLwsvNnZHrTq2Jf1Rj8jcak,9318.347998584048,1134253,$1000-$10K
C8ZGVD5enmUwfusHEu3THA63PPxFsngnRwDCrfnzNiMJ,9318.329924470487,1134254,$1000-$10K
BiCmMAs2Vh4CrRg2DLET37Y8aPfA2x6cgiZGmGay7kfB,9318.327190733686,1134255,$1000-$10K
3bm2T8jaN3HuXh4ywDhpQoznxS6jKXMvALWxmyFGRaPp,9318.279258340124,1134256,$1000-$10K
C497bUvs2SxSUrj9pSPG48qC36Mzcy2ZuikV4PKYD2ns,9318.23424625025,1134257,$1000-$10K
6j4tZA3c37VcdtbBah94moekjRHegWuD9yWiGHy89ENG,9318.212272827523,1134258,$1000-$10K
6Bu59SVuXMgJcfbzBAA44hcUXaYP9GnGtP8pZzC1RNKx,9318.203270152953,1134259,$1000-$10K
GN46UPaXaWno1jHK2k78bpH5eaxMXNXR9bp2RXpDaJKf,9318.187371331634,1134260,$1000-$10K
9bZu7CJwm7yZVAYSqs866JA8oC9GA1gTjSKvu1z48bkz,9318.178671367597,1134261,$1000-$10K
Cp1UswfbtnCaL5xg1GaMyqhj9dxyybfZZz2v36daCj8U,9318.173747595549,1134262,$1000-$10K
38EyUicuJNdDHtX6gqWNf3XB3KiAB3RVL3hSUmksR7YY,9318.103114568179,1134263,$1000-$10K
3z1gkWuDcyyiqCZs2NVVN9Z32ibtRosKPme4jVRfs3RZ,9318.07759339554,1134264,$1000-$10K
41X4prY72UH4mgZo6TxEea1jbMMenXNEdg5q4TPhRPLW,9318.07547462842,1134265,$1000-$10K
4YbupfKBLjdP9XPwc61my4WmFDJ13yBMzYkuHAX9Zcv7,9318.073248426364,1134266,$1000-$10K
3GfVQfMC2xDaA8qqxeN1kQoqKC4ehtJe91Hu8DrPxzeP,9318.067159229393,1134267,$1000-$10K
AQpp68GHdasijSuFBDxfLL7yxjTQrYWmv9Wt7SwAz4tk,9318.06591359744,1134268,$1000-$10K
DRudAkxemgydmFkXzbRB3gJz8NAn9RnWuJ1jK5R9fs7j,9318.040045800037,1134269,$1000-$10K
3CtFWFnzntiPHaPfqZeq5QMe7nuz6LMQseUyVyH6rPP7,9318.03079627506,1134270,$1000-$10K
5iNG3Yng3VyWNs1LXxuopiNpYjShcHE6dzfBiC6wCwjy,9318.017157216644,1134271,$1000-$10K
5vxZH6CddbRWekK3QejQzwfLfjr3LPJvTQDScHssMsBn,9318.001410706105,1134272,$1000-$10K
3jQGyM5HwjwFcKxh4aBqC9arawQQ7wFBq3q6aSj4L4ez,9317.984761649139,1134273,$1000-$10K
AMwvJRCs3RacBgCaUu4XbYxGkCVN4NEF1G9A8Qdf1bFm,9317.96530615175,1134274,$1000-$10K
DF115MwR7V82odoi9Z4BcnphDXm5VFj8eap5drzCtuen,9317.955532165204,1134275,$1000-$10K
73Sg1kYBM3MyzRsLQFYFiPdKqBvoGJyT5dGoBT2iFUar,9317.954549400654,1134276,$1000-$10K
HnKQ3UcLYqpx9AqjQtxaK8swGR3ckx5om8Go7k74azaE,9317.927689961884,1134277,$1000-$10K
2fXXu2QpaJ3WKQb4CJn2JzvoAhMCeTpSfGKWBJpsmGPx,9317.90630412195,1134278,$1000-$10K
DRjdTmkv32zJWNQQUtJ2gLRKs6bQL6N7npJkfg2BTfKr,9317.896860525061,1134279,$1000-$10K
FHQiqqyUgvYac5XGkivNoWAsnobzwhUr32ZbJGGc2RA5,9317.893891598946,1134280,$1000-$10K
6gvNU74yHRsLP8CnvrsxkNSS9D3Vh1KTEcw2RWgWPYB3,9317.882738054806,1134281,$1000-$10K
DU1KScq2mk8Q4Fm6rThVV8EpAj5VdcmcvCnXa1AVxtJR,9317.84768355544,1134282,$1000-$10K
47qfWyST4hcproQDyt5qw9gC27wHmqeisE8jLS6SGWyC,9317.845666557761,1134283,$1000-$10K
FJSSaqyc59uYotBngnpXMqGD9Ev5iXcLwgBVTsRob7Y4,9317.84322407538,1134284,$1000-$10K
uMquZvFhbpUj2e1cs5FpFDk6pzPXFjD3GwpRrTDkVdk,9317.82969037693,1134285,$1000-$10K
FQ1ZihCQh8wJNwonotQUtttASQGc46aTA4J729bQ5kcB,9317.800787210295,1134286,$1000-$10K
FuDYPWQZTqxEfjUCyifGUQ2nfvmE1KZgTkTFMWjbf4ed,9317.788299363625,1134287,$1000-$10K
umd7pvEYxrrLUuDHQrmVJUNQd2CVueQjyYkjTibqHiH,9317.771176661101,1134288,$1000-$10K
D7ywpdpzLGxammXJS3TUqJh7qPwyXq3iBiWY6YYwqFvQ,9317.767204055348,1134289,$1000-$10K
7ZwvzSWZgj3W7EFFnvuaxzz3FXU8Av9so7iv5ARQRXcQ,9317.76528955966,1134290,$1000-$10K
7H4TwC4MTTnBDQTAFADxtkqczG3FjXMtXu9pehTMqwWe,9317.762405149762,1134291,$1000-$10K
4HnCUCZLgB4dqu7hsWmKAmAkTcFS4y4bjSpuPQ3jfqUV,9317.750203242784,1134292,$1000-$10K
6GzrX6Z9vq6FEZREhCaAXq6z78RsLSFQEH2QxqMYT2Cs,9317.749387182781,1134293,$1000-$10K
3bu4p1kLusbE7hADmjaTAsmnwo1FDe8Z4pSfiqoWmxQr,9317.73267867952,1134294,$1000-$10K
GGibJN3ddU4zLJuGtJ98MV8NtxaAqrSR5gwCysweVQt4,9317.725453639492,1134295,$1000-$10K
AT9iLgp9YKP13F2R2NrrxhPJn7cdpKFwamkpZzfXTBRq,9317.716322665965,1134296,$1000-$10K
AR7QHhvyGRXA6gdRozrg22Y2Pvog2gLy4vg4Eqxjw1Fj,9317.693137804317,1134297,$1000-$10K
3LjxQkhdTotMNSBmLmSdzYTse8gd3WU22bewN5H9QGcb,9317.691040820955,1134298,$1000-$10K
JCaF2vsko1y6Au9cvKRL1JunFU7VhttzcXj577BkvQ6T,9317.68952002402,1134299,$1000-$10K
9Y1E25rKi3N6stD3nfokFMKBUWrMQsuECic3YRURhkNs,9317.647829421416,1134300,$1000-$10K
GyGYu4MD9Fj9dEmPuznyS9ZjjcbWvfjby11ygSHY64ei,9317.645915974668,1134301,$1000-$10K
4e4TrLqSAk6FKz2MVRL84ZTqUVNc15Lyugj1CqDYWzxv,9317.642921918194,1134302,$1000-$10K
EnZ3w1H8nipwTTvE1bFv7AEsLab3DSLSetZD2HjhyBqe,9317.636323352293,1134303,$1000-$10K
FsQVsMHd7wbytKD5YSEEgrtM2mtMzgDAzardbieD33MU,9317.634936684448,1134304,$1000-$10K
CbHkGAWYNqAQWXWADCb6HfavGMpM6NPBWG6vordTVYdC,9317.61535486055,1134305,$1000-$10K
7PKLWYPiniaZS9k66nQdeZa1xXBWy2sYHTv49MjwsJwa,9317.592946843364,1134306,$1000-$10K
H6q3dhiAz9ptxpm7ocvdhTtd3V2P7aQ14YEHuGtRKS6d,9317.574127003896,1134307,$1000-$10K
JBMXixFFiVTbsbveHS7TwYCCyiE3c3QWueRQ3hG6zvFg,9317.549234419801,1134308,$1000-$10K
7WfwRysZoPAjP6zDSfoTmJNjj3GDGZk8j4a117CnfA7W,9317.54890225908,1134309,$1000-$10K
FaUpBKSBcKyPGGNZtziyEpp7wdsuiW9j3DVT2aLjbo2W,9317.547086885223,1134310,$1000-$10K
J4foeP6WwfJkbbsu7y4JXNycUB9ySnCMyViZtVeads4m,9317.516943745422,1134311,$1000-$10K
Coj3JWfhEzTrKsgbameS9evSJ51mmaKhAEhyeiGG83aT,9317.513292222646,1134312,$1000-$10K
5dZrUHbqezRW6KvFJkxqGap334L68H5jKvvV33D6pL6P,9317.50841497815,1134313,$1000-$10K
2Pr6Zkh4xheZg9mo1vDXLRjaVH7frRsW48WwuHvYEXRq,9317.502579450978,1134314,$1000-$10K
F9Eq7xUhuruEz1u2Nbq1djtVBbGHH3VeDM27MLX9Q6hx,9317.495290690771,1134315,$1000-$10K
EyEnrZGQq1DyuXxkzduQGMBZyJP9GuxH2ZcFfBvoJFCB,9317.49497293278,1134316,$1000-$10K
A3rCxSyco8RDKmWMHerhQpTJb8vvmkLeumexKrz3GxZD,9317.48364829337,1134317,$1000-$10K
AugVPtT4diZ49jNmMoAc37262Q3QN96L4PGJ8r3kvd5z,9317.436264143018,1134318,$1000-$10K
8xm9LBBVqa4C5PCPYSyogYFFVvVfgqf1XusZfue6ie9B,9317.42561203243,1134319,$1000-$10K
54921xMX2ndFgUL25sLR6tVpKQ8NuKbCyShsrDwNNKK1,9317.389906200653,1134320,$1000-$10K
BngJMiLLFkR3Q3N667enKvoEgwB9EYB6b7AGP7BvtY2E,9317.374802510745,1134321,$1000-$10K
DsYTXYBvawY8km4dcjdzRxaQesFmQ9xa4cPxjNkDwHLt,9317.364062505208,1134322,$1000-$10K
7TJJrqzk33kme2CYqLui8Gp7jbBxaWsSPruLyZMC45bw,9317.352325044314,1134323,$1000-$10K
5BKQmQrrty9oj9XfzTyERsVh8HYkCc1AXh5HmeAuD4vX,9317.337900392558,1134324,$1000-$10K
Fxo1ZLu7h3kQTXtuaXZoituJs5ZL77FW5Gyi9PQazhSr,9317.331685956959,1134325,$1000-$10K
8C9o2ag1ZcpKV2833yKfVWpDYkm9NLK332xcgdC1Tkfb,9317.328581424865,1134326,$1000-$10K
F5JQPMYLZnR8Y5dPzabTuagA7Cj4gDUQwewsTAPu6WKq,9317.326411135673,1134327,$1000-$10K
HkHxmUC17Kw1GttYnZQZ6ZdG8haVYxEaQmJ1jyznQP45,9317.317861005846,1134328,$1000-$10K
EBK8UAKJWhdHdFEEjEcYZXQgMnKMCi9zcqZSDsyPmZLj,9317.26406131811,1134329,$1000-$10K
51M4nUGtNb5jzXarjtYFbHjCY6JeWX2XQfoCe15HRZyy,9317.21913264576,1134330,$1000-$10K
tRmPSoLCVk1dFQ2w4CyRQmMu4iKw1amUPZHgBVPVBW7,9317.186497092642,1134331,$1000-$10K
G3Sd8R9UAzU8b2QDjv9zecuTcuaeEW6VmN5yng7SZ3Re,9317.17215047247,1134332,$1000-$10K
3z7HtSw29EYJDEM34WmZpHUtXajpeAeErEKQX8amsMtN,9317.16949797127,1134333,$1000-$10K
FXHUvbsEGKdzh6QkzKTNQJWup1CQiMuwsQpzMs9RwAbf,9317.160807614093,1134334,$1000-$10K
43j9RB8uWYMbPhLbgmovofKPwfdkx61jvHKgmJAsdY6p,9317.15433754237,1134335,$1000-$10K
3mDvmk7jFtrNknV85TpVmNv6DqeMSRR5rkovVZBpvcbF,9317.14256528895,1134336,$1000-$10K
AodanmWtwKKdThJtaG9o8PfffCMqh2homkKFdSFD9h8U,9317.134787557723,1134337,$1000-$10K
4ztF8B6LYyrkqwrJjhLjtZpjevwjxq7P6jT77BKQpBa9,9317.13198120024,1134338,$1000-$10K
8uq2gr9GNZWXHhg5g1af6iwLueqXA5kNB6BgDZypZWMg,9317.124816280899,1134339,$1000-$10K
4UUKBD5zUqe1qh9LusyFQNNG51LAi7EopbTCDG39cSxu,9317.09567442164,1134340,$1000-$10K
3FChk1K5BSv7X9piQFzS6yACFCwF1EKsmWm3d38Vr6cq,9317.089617736312,1134341,$1000-$10K
HjgotzRR5wLJHptV4nQktyGnm26itS7fSTLSEYaFonqk,9317.08223678232,1134342,$1000-$10K
D7rGPNWTjFtwaeXw1U8UWUVfSXAhTiMpTyRejTPvF4cr,9317.059381292636,1134343,$1000-$10K
G195JSmaRmpE75zo55Hr8qduqGwXEvY8CQJABNQeqgEQ,9317.043027500817,1134344,$1000-$10K
J3zZSHiPWrZPUY7n3Hrd8PVX6ExW4CgYyecWQpH3oGKH,9317.0238802898,1134345,$1000-$10K
3J3vsnJws2wgD4GW7ASYJ6FhHAdF1avKFdKAbV8tbJuG,9317.021668603273,1134346,$1000-$10K
GtYh3ZvbqhnZLQ6BZQNUVnduB3tW5fs7FnwaPS7gv2T2,9317.016187317764,1134347,$1000-$10K
LvRnAWDnMVCqwkiZg6mg3h631LVhJDo1QcQmZb1cCnH,9317.002764219269,1134348,$1000-$10K
FZkxTw2LXEHRBxmf94aP99SCVY1Ze6FxaFSFF2pysJhF,9316.997769470796,1134349,$1000-$10K
Fidbf5Dve5w5XWLq2kUEiAWS27EBVuxPM2z37MswsK4H,9316.995533266501,1134350,$1000-$10K
BLfAjVNESV8dkkMSENayKUMHvovCDnHiw8fT91qYifkr,9316.97938757262,1134351,$1000-$10K
CNBsscCzD6TwyieSwG5fSc6UDcDiPTpt5CvxGgXQzgwT,9316.956411224563,1134352,$1000-$10K
6EEaFeRtjbhFPs8p8ciQ6NgZ4foAeW1hL5LM49LEpGs8,9316.933954889138,1134353,$1000-$10K
Hr7rszMG5ea2VE1z2MbMSstYgzbzC1cfhTELJVCqrZ8c,9316.93366300304,1134354,$1000-$10K
B8BcLLC4paut6Rn953R8pZCL2kj3ULGnia8dEzvSySDX,9316.932093365647,1134355,$1000-$10K
CaEfz3JsgsRAu4RV4yB7FRnvD5mqZya3V5EX2FKFmwwo,9316.900433564106,1134356,$1000-$10K
F398XTMAUUrMt4a1Qm9aEoiFh3WgmvfLmSu2i2z4kC9Y,9316.899333869396,1134357,$1000-$10K
DqJqxRvn8T1pNZCJRToyH5jPGGxrqmodwsXKnQd21ovd,9316.89540392563,1134358,$1000-$10K
ArTnE3VfwnPDXoR2azDkoHMsbLKYa3QYxsxkuciQDagh,9316.859762356622,1134359,$1000-$10K
5VSbxb94U9uCyrbVeS4xC3d9fzi7DLznqbTbmotNHBjH,9316.835622626302,1134360,$1000-$10K
5KPxWZCkGVingSQTjnSzF8JqcGzYFF7aHs93ZK1Gw3vp,9316.83455597632,1134361,$1000-$10K
D5uT6CVycaEYTKpyDJRNW3x91VH1CHZZAzeu2RE4Gxa,9316.830376074678,1134362,$1000-$10K
HzJF2fKD2vh3DYPtYrcX3G16f4ec6QPKnTe2KxozFq1Y,9316.82461475622,1134363,$1000-$10K
3konRTDUbX6rCQfVehQTp9UJq9TWvBmpDvGgrCn7XNgx,9316.780114550469,1134364,$1000-$10K
ACu16NvNNjLjJNYj5v6pfcyUKycTfHfWRa2kcesk49Vm,9316.778168478479,1134365,$1000-$10K
GUhSJrWLD43BfKQ2p1ZgeXDSxDRuNiwjyi1fYeSHnrEK,9316.754212958715,1134366,$1000-$10K
3Fkhcjm3mcQ6JQRY2fkqSu1CbgpHc7aHvggiDvgtS3zp,9316.734465786169,1134367,$1000-$10K
2cXYgG9P7E6WZbjsXFtCX7C5n62V6zT5BiE9qf7sc848,9316.716280578037,1134368,$1000-$10K
EGojZRZr6DUkPgM9yYQj1oeGgDLv6guQRwiB6bNJVU5a,9316.644574202108,1134369,$1000-$10K
Gc6ZadxFUPuLTc5XkEX3rn1FJbAFFC8SqYwGBFeD31bk,9316.612177092245,1134370,$1000-$10K
aNFuBZqSn6YtgiHVUZzWC2ZKU7ox8AfyjMJaUuzyw5H,9316.58045629188,1134371,$1000-$10K
9iMYFrHaGSZ25x7yvgG2UsbJi9xyfp5kqSFtdiW9zSWm,9316.578625739818,1134372,$1000-$10K
92HDExLZ1N6P3mC5AS24XusPsKwGnxHVG3qLXrQyDgdo,9316.532097079044,1134373,$1000-$10K
3wbjaXXQhgjUKwA7QDihe71iF2cPuzh51KAD6VYXze6v,9316.514630938605,1134374,$1000-$10K
HHSgwYfZ5jpNe7ouop8T2xC44j3fbT3Upne4pbKCT3dg,9316.496710880137,1134375,$1000-$10K
9EJHfjsjugHkMogysmV6ehC8ievjW8cMifLPeptc4a2S,9316.488720976693,1134376,$1000-$10K
52zgkyVXiKnqyNcCT3H8tA5vmJ5heoYdT5bDqEa2F5Yy,9316.486759592377,1134377,$1000-$10K
6tuTJ8SwFHN1Gag9dCEgPG8Lh3NeMUj1FqmZx1DApPxS,9316.46805983162,1134378,$1000-$10K
9udTJLfmaFMwBa7HQqB7bCradM7LkWXKs6BYnR4MB26q,9316.441264503326,1134379,$1000-$10K
44ieq5TVuv9Tg7o7jpyxcmjBpp1NAiuh47jdAoQHFCNQ,9316.43098134375,1134380,$1000-$10K
41P7vVj3NcWvzeBgGPTefFTkUS8SKWvB2J2VaLZTWMap,9316.391249588798,1134381,$1000-$10K
3EnqMggBh7Aw6Toc6yrB2dv2hGDsV2MZsMP4zSJRdbRM,9316.381119719028,1134382,$1000-$10K
Bfptr5fowqwqkca3zxcRmUHFDh5vgjCw5XmS3KF8qJo6,9316.37788795529,1134383,$1000-$10K
7ZurSJffZMX84UFHWiipvTWjfCEMagKjTjufKYZ6MBWq,9316.366373495512,1134384,$1000-$10K
27FVcATVPGevh6f4XJAy9PNu9YHeemT1Yxqxb21W5i7M,9316.361780166275,1134385,$1000-$10K
Ba6xDPbdGxDvw9FB5gm2KxsXveR7CMMmXMjf3AGWnzy8,9316.356745196135,1134386,$1000-$10K
8ZvYCX6aGDBjfgb9eLnrKRJhycXk8iHAb9FC4cnxdUuL,9316.332222583611,1134387,$1000-$10K
6mHmD4GbCBQSbQq7QWKZ59hd1Wx7HU9YBJRzMT7zbSsG,9316.32978362436,1134388,$1000-$10K
57i6xfAv3rUSUjke2zFu9sqesfftEWoLoznYRs88pWmw,9316.323657243374,1134389,$1000-$10K
3bbUDmY6e2P69gNoXvpyehoeFAEoRL2qNX3GMn9KLpgB,9316.304354306112,1134390,$1000-$10K
GWQiYZJ6cRfQarEKZCPEwcEFgtAbgsmFZwfcyDQN3GGe,9316.287680990337,1134391,$1000-$10K
2GrB3rmLAeHJDLbY4DcUzep7G8eHDVt3x2Szbhr5q2yU,9316.285987668365,1134392,$1000-$10K
4WncPMkX9X3EVz5G2U5nkzPmnfAkpZuvCsBNdvZ9w8AD,9316.281708388995,1134393,$1000-$10K
9YivFFM1s9KGzzh3tfikULKpdMvgDFH5Qg8RANhXducM,9316.275199292513,1134394,$1000-$10K
CKT49Jcmsjk8ieqA6F22MxdgVA3o2NW6f5PNPuKq84JT,9316.265578949124,1134395,$1000-$10K
EMAVUroXLHYMi19c83P2bAUHxRJ2vHbRBHyuQWwv59rQ,9316.247829500317,1134396,$1000-$10K
4Fh9iH4iWC8QtbezjA2xUCKzohJhak3BiL8wREtU5o2g,9316.24675901613,1134397,$1000-$10K
Ah7VA9Jq6BTKd5qh1JLVWu9aWUxUituPjGdcQyaqS3q9,9316.206338621287,1134398,$1000-$10K
8saKtoDnD6QDTPeMJiS7EereJcS1HxtXK3exwXpYu1Nt,9316.173527964083,1134399,$1000-$10K
7XdCXysaywYeVoUjEe2wKAjZ9fmUGpa8fnCXxtqMV8ww,9316.158700486205,1134400,$1000-$10K
5cV5LLGcbN5NHFjsNxYbQdiWc3GKKb73antj76uQEy19,9316.154109640216,1134401,$1000-$10K
9aKz6JUhkimDKRtBPFpZQsvHghwBEazzzkv2V5zpCQu5,9316.127502086214,1134402,$1000-$10K
CNkdf8uSXpvPQifZVZa6xQsdFiGt3c9igYj9dXgpjQxu,9316.12429139267,1134403,$1000-$10K
9w7Ui2o4yr3HErHcnMmqoYnXgUBfKay4hPALr6kXTTtc,9316.080567657458,1134404,$1000-$10K
CgneunBH6K6jmgiPnfbDLprg36add1YtDHZX3ZvPEtty,9316.068432905047,1134405,$1000-$10K
7hXoAiRhNM6cx4zKxCc6iyzFF8XcawgAtFk9fiE7Lyd3,9316.040229466631,1134406,$1000-$10K
7eQ4yrQBSUhW64A5VynBD6Bt2bGQiyATrBUGu3iamUq1,9316.01842992763,1134407,$1000-$10K
3wbxfy91Am4KC8SDPaUCzN3qgzmqEWquJJ8oXSb3m1d3,9316.014471699145,1134408,$1000-$10K
EKLS2eE678LHxHDYN6RFwwsXzFP59DsLPC16ttnesrNb,9315.97781119705,1134409,$1000-$10K
2d8dnMn2oADafdjqtdYr4CaFKT83F2gaubKTWDxAzKEY,9315.957289765902,1134410,$1000-$10K
2mDg3hR9uNBibeLzgQH74FFXzQXFmis8HRNSq2xjpvFb,9315.95720239559,1134411,$1000-$10K
79nWTwHTdvL8yUg2swQy9xzB9RmyqkMsctbDhTK5bnxv,9315.954272305278,1134412,$1000-$10K
6Y8NWNDJbwWM5t65BasgJ2VZc9NeDwz3hokhSU7GkfbW,9315.929261983092,1134413,$1000-$10K
PXFDqZgfsEMiBzqQEwsBjew6y6TvrUXtXhztFQ3goDg,9315.922940744571,1134414,$1000-$10K
35DxVCyx4Twr1HyVYXJ1pfddp7XNZeHMsvyCHPimMyx3,9315.909260387785,1134415,$1000-$10K
6cNEwofzCfNCS1sMwEuURU1tGsd5bZdXgcaj2VYuvBdY,9315.89777087052,1134416,$1000-$10K
2M1x5qyehgvD5AM2ad97GGVCj5nRn85Fi2pAM5oajmJy,9315.8889926786,1134417,$1000-$10K
3bkuMJLqKTVBPacrXXwL8MZrJExRFixu4JyS3DVrnroi,9315.886797970188,1134418,$1000-$10K
3rx1vJApjtc8HYdpzfB3FbLR4Cr3Fsbe3yqzooJwgKAt,9315.881249098371,1134419,$1000-$10K
BmQrsEmhBccBdLFhXJtVqVm9Vh4p4m1CeppD455NB116,9315.880759443771,1134420,$1000-$10K
E3CSEQ8ppUcv5GVLYNgKwwfLEj9RVjCxsGun2BkBdi4h,9315.867268190008,1134421,$1000-$10K
mtFPgpPN7PDDs9QsURWdUNSjX9fub3PdjvWKgCHcLKy,9315.84886544498,1134422,$1000-$10K
A5ytd6T6NGnYq3WENNLmUZ5ddLFog3mXZdUFcNC2vSQp,9315.83853469649,1134423,$1000-$10K
GBXtPFzjqCUZQhKC4EQNzX14x5Huo5ptppjpBasP9tWj,9315.810005441423,1134424,$1000-$10K
Ap2aXH2eiRmJKQMLafKrdKfFq3Nw6y3JkEiuf14oDHEk,9315.78978479,1134425,$1000-$10K
2EwyEXMvQdm95ZMmeeDtbMiySdejUyvRU56kam627UXy,9315.769917689453,1134426,$1000-$10K
6EXR82Af4GQuJYhhHEpLLgVhJzXVQ6PLA9ZwXCCBeRvw,9315.75399189449,1134427,$1000-$10K
H1YsiPCLUhhqYJjaqDYVCoqHvzBQRsTorjbLDWJxEkFF,9315.715631041588,1134428,$1000-$10K
DqHwBXVg2rFYpFEtyvPP5kjSjBz3Phk6kSJxV5B3cpQf,9315.708736691651,1134429,$1000-$10K
DFssFv2wAe1aHBSmYf4WdvkafvdgZVVawfBkrD7BzNNr,9315.6938701093,1134430,$1000-$10K
FCr41CNCqUbFVqUf7Tky56UpFFb3wyLfxSrdGu33bmUs,9315.683849926741,1134431,$1000-$10K
6TDJNfhWQMou9aACPSno2jGdXBm98ENwW8hrB42sRDSC,9315.659858535755,1134432,$1000-$10K
4HPhrv8ZGuAPHJM2v6MVG93wY6XSVhoMuJQjNpbGs7JP,9315.650068692832,1134433,$1000-$10K
4Sjq8mRRamNhMpwzb2yrDaqxi7nkDqnpsppxsJ7Fc28Y,9315.646151621813,1134434,$1000-$10K
3Tku6KeViDXh9jaYenn7UzZEAs2rutrsHPAkTjagESH8,9315.64142783404,1134435,$1000-$10K
3qCvA5xf5MTdybdkPBpry2kXap4fqaqrUKdv6xBtF9ax,9315.63966695598,1134436,$1000-$10K
md1ePCvpho5fP584MpJbmLgBXhTN2UUJVsKBofj38pc,9315.631907507559,1134437,$1000-$10K
BMVUYTqFdB25vdzgp3A4ENxyYrgW9TyUj7D1FRhj5i9A,9315.621140540965,1134438,$1000-$10K
9CkEvBkkyt8RvV7dTMAcMHZpnaTTGv8rJ9QxswyKi6bA,9315.617096131697,1134439,$1000-$10K
A9tcJVDZiAdwNNDes9eGyi711sQUnxYUtzei9imNpx2W,9315.60952257427,1134440,$1000-$10K
B1hz3yZ6jQ63FfBaPMHdR586W24xw3fzn8NM6adhhkPy,9315.608324715422,1134441,$1000-$10K
7c7xJWFsb5y1qhKubxkeNUuYDF6YpHZ88H7jrE4KcuhS,9315.58962126457,1134442,$1000-$10K
7fmZynGs2tC61CYujjWoNpquc75UZqB4Qh2YvL7hs1eH,9315.568736046242,1134443,$1000-$10K
BuqEL923Tk3HpXbsQEqL92xUJEqw2eDP3VwMTXTv6pVa,9315.52530923687,1134444,$1000-$10K
FM36yWWkfvy12VWgMAutKLau6WC4BmH9q8hAsqD7mom8,9315.512730942106,1134445,$1000-$10K
E7E4bHg4wgY8Cu3tVAQeGzNZGfzAC6vR2k8i8gnQrvva,9315.50007761266,1134446,$1000-$10K
9vxAAVySjCENJJHbpUM7ztxNaEsryzeH9xTUJMsiViEs,9315.469114790212,1134447,$1000-$10K
5H4ud8Q4i66Suv5MkdzKNjLuvp14FscpWqxhQAX4yw4o,9315.46207318491,1134448,$1000-$10K
2Vx6ah6eLZ1MjnJBZ2n8L7dPWCy7rU7d5nqsdy3z7QnR,9315.460741965599,1134449,$1000-$10K
42nEN4Z1N2myD22WqMC8obRbTacU91jLigdNFLdv7NPq,9315.458181917531,1134450,$1000-$10K
3QFRmeKuAwmrV9L1mh3F7vuYEWS2NEXyzyRiNtP8m8Dg,9315.44258310441,1134451,$1000-$10K
FAnH4sRKxwVX3b6oXBQ5HEtBgUNJjKxePkRVuvF1B865,9315.433224695591,1134452,$1000-$10K
GYNdyUFgn7LPwFzYhhM7afdyuysBjgQmr8NKwfLCTcWs,9315.43020527599,1134453,$1000-$10K
3SRvB739UK1X3dCAWMm2mFtwFYQ7mshwfTTqkUs8GrSs,9315.41911972653,1134454,$1000-$10K
AupB7HLW7Q6rpaoLCJTdd2KCwU5WsuWvr2bmQyCwaCNV,9315.3845181993,1134455,$1000-$10K
HimswNL4txR1AsusbaG6CsCMmQe8Fr9p3rTFqPTyGeYY,9315.351184974683,1134456,$1000-$10K
8Rue8tDTKM7J6cENg3tSeb3RoaFDwMChVGq6nXzMdwNt,9315.323498339372,1134457,$1000-$10K
CN5tyCogxGNnPjh3B6MtzRMgsZBYU29WoLkVdV4NLSyd,9315.31537300456,1134458,$1000-$10K
DQJz1Akii6hxMkUzExHQvrFgqkFztAsR8Xy1K8dtzAoY,9315.311997613628,1134459,$1000-$10K
8DMC3fhSYmHQHghKfvBuNc8H4a3KioH9vmPbKfaEuz8K,9315.30630743706,1134460,$1000-$10K
4M5Mj45DpbF7a85t93AygXXZ7SAGzsEJ7ik5gSsavaKA,9315.242271205605,1134461,$1000-$10K
DRRV18nJYeUWFxG7xXQoxhYVanbdxsdAHSgQtQJKjzyS,9315.237993728151,1134462,$1000-$10K
HzLkoTAufnAPf15o5eHwEEYVFQfyr2ypnwAoZKSxJfqX,9315.22463966228,1134463,$1000-$10K
V9EEHqs6DMMm7N3MF4yJpNbu5XezjtDT4DY4tQYakJ6,9315.218615305073,1134464,$1000-$10K
9zNpjsiUFMhCVoAP9uBxRKUWjMBhsEjnrSNKQ7H6garX,9315.216794854914,1134465,$1000-$10K
8d3GwAB87YsyoipE5utZzf31y4uykyuHdAvzZFgBHh3d,9315.212089771021,1134466,$1000-$10K
DEd2C8gZxtQ4sP2vuHBbQNRivdnNriZRLi4EJQj4ZZkF,9315.19718631276,1134467,$1000-$10K
CAzxJXWQxF37vfLxNDXKH5QrPYong9Wq71Q6eZY68UZS,9315.190539556772,1134468,$1000-$10K
ASAxAZiprCAV5pmy1Xzgwwv6qxEfPSi86m6hahMuLasc,9315.149097923511,1134469,$1000-$10K
31jvWB2d4trMBeAZtmQNaK1zhAQvSf7oGekT6ektEyDm,9315.131084655894,1134470,$1000-$10K
DZFRyxFLTA9M7ecw4kY25LVh3A4xgpgXGK6CYC5VJRDg,9315.111842281634,1134471,$1000-$10K
AbEZV8A1PkARUbVSsMTYrdtHZpDMMBVFvhazrbzcygv9,9315.097552192387,1134472,$1000-$10K
GkgPJXMnJpZXkfAEVKx44XtbMdvvVFcjXmZi3LjjMudp,9315.042421273523,1134473,$1000-$10K
AaDTuNb3oAGW9NMddnuJuGJxSNpghGv6DfVtB65wKB8J,9314.988514742578,1134474,$1000-$10K
2tgKFA38A4mixXTEAZrqmrgR5zXCff8WeeqwYifNeAga,9314.97221474173,1134475,$1000-$10K
CAmQyRWkfqE7ZM2FwPrw1zkUhuGJyNv35MNjGF45Wk8f,9314.969521806168,1134476,$1000-$10K
mPPj9mktWZzFh6sYW2FNUqFQgkqbxbNiFRLLjprouRt,9314.950639631155,1134477,$1000-$10K
DGKLX73zWmNKh42NeVxuJRK6YkMLVf4R71CNQHqkecuc,9314.949461415365,1134478,$1000-$10K
sLCA1QiyCKHzPEGoiUCJV6R3ju4ofeyYm1GTJPTXaSZ,9314.936114460941,1134479,$1000-$10K
3qLCyUSTtYx1G993DyUhyNMxwDBNtmfxAafxbGKQvBJX,9314.933060840614,1134480,$1000-$10K
8YoowNa8962fyp65mhWsHUN6xdVg1DWLZRNLTqccqmwq,9314.92601523176,1134481,$1000-$10K
GfVQGfFav7BLDGU6qSqkXwMeEF7gmXq3HXhmYGzfAD5N,9314.919283527,1134482,$1000-$10K
ESwJcqXGrtZEYd9TMm6aT6CBWLVCXC6S1PyBFbR5FAda,9314.909437956961,1134483,$1000-$10K
94gqXpW3po61it5CMyNc2xJDqonBes9eShYwFYx2Fr7e,9314.901963557619,1134484,$1000-$10K
FfPHG66PuQsd137BNCwQWB43Z23eg5b8EweUkwvSvpyP,9314.87961471493,1134485,$1000-$10K
8L2ubn7u9XV1e9f4G5Keh3kkkcGgtAC78RxK2cXJL1Cc,9314.843196619619,1134486,$1000-$10K
5t3syv6QVct2stiVz1kN9oGoaKjjVnJkQwd3FtD2Gxi7,9314.838761964449,1134487,$1000-$10K
64rLL3HT9i8h4xZWTcWLVLo5X5hnmHcsCF4tKPiRtUVd,9314.836603730331,1134488,$1000-$10K
AUd3DUjXN2uVvaBbFPSkFW8BdnnZqwtrDTjcYz873nND,9314.822208216412,1134489,$1000-$10K
BcnyFfz7rru7tqPcLZ3KZqoemDQraRVJwVj8KNUpskvq,9314.812593073124,1134490,$1000-$10K
36tSHtPBiDZJwD6WLjYnAdyMbUE9U4rbpQicKJ2Vx7Ds,9314.805022039298,1134491,$1000-$10K
FoACGK7JJ3QraiyDBCm5yvQwkhFJGaGqMwoGRjHF9RYf,9314.783377013773,1134492,$1000-$10K
22M8k2Y9Bj6H2AZW35ikJHxfcXgXAtUhVv9aL1iLtm1v,9314.74505992568,1134493,$1000-$10K
BkbfqpD1zbvXQsEgF6k8Co5XCqPqFxiP7wXxJxGm3wvM,9314.72122752839,1134494,$1000-$10K
EHChS75nF4W3SaogJhGxfSnpshcfdzAvh6MWuQL4irGQ,9314.647295555704,1134495,$1000-$10K
3BNy5bNipSC4HTegp56drGPwEAMaD1NVPAt6FBe71apX,9314.632702200226,1134496,$1000-$10K
GAg3KkCNaMo9VSZegbcgdCz9AzrwQaiXJB7Snd2qzdeH,9314.593025137581,1134497,$1000-$10K
JE1qs83b8HLznuAZ4TCG48L4x4ppMazJJ8f1Yx5T6tex,9314.576150512512,1134498,$1000-$10K
8N3McJhzpyCm3sydWeXpBuVCkoyWTCrXoNf9dFZ3nQHA,9314.570972276637,1134499,$1000-$10K
ERFHYnX2uRVQ497PJSR9J8WZ5uhciuVvYSMEsXBK9KZJ,9314.564617332271,1134500,$1000-$10K
HJxxrTCdr7CG6YfaWdF3d1vpsan3utqWfvc6oTisp2jS,9314.556445886594,1134501,$1000-$10K
3tYuMuFdzZtSfJNPnme56AD43AEHyeXqp9Ah9ZPqayLK,9314.549176281731,1134502,$1000-$10K
BmR3owR9svvViVjY6JFn6ZNeuXjfM9tpH2Tqpbu1nxfe,9314.542870459574,1134503,$1000-$10K
AsWr7Dgn3uSQLwBV7661yjoBXVYtmSBMVKZeEtVGJyYD,9314.50384303684,1134504,$1000-$10K
LV89LaqCvzkuyx6dEHcGwutZvN41fVvgth57CjC1Zg2,9314.49965192783,1134505,$1000-$10K
WJbC4NH9YKsj8BsHmZAeVvHz5dueqsKnkuB4KsJ8fLn,9314.491304418578,1134506,$1000-$10K
EWTtVk122apPFcv9z6U9QdrjpbX6NXTSgeJqdu3hQDKS,9314.483820757141,1134507,$1000-$10K
A3Zat4UPQRRRTJqhfppKAsft4WSU6x3hEx8FcAMg6cSw,9314.469054642857,1134508,$1000-$10K
hpWLGn5R7VdR6yAnftS15YGsVKnwjk1xhoZx2NYmC64,9314.44880606422,1134509,$1000-$10K
2CNawfzGZoj8W26MmDVahGk4rYkPGGoXE95TKGccxgnz,9314.435930578133,1134510,$1000-$10K
C2g7Xt15YYVEeD6EARh8b6P4DwqRKWCMqMxg6kUFSHAe,9314.414709767243,1134511,$1000-$10K
BaopYnZFyYziRaaXFNjJrYcDvS4W8U5xF8BHccFGr4z5,9314.382505149268,1134512,$1000-$10K
Bd6gbq8AmHAPKnfLeCQm3b6ZMKZZ2N2g9d8DukJz4T7x,9314.343251256221,1134513,$1000-$10K
4FcM8791W7Ty9oGk3XccNEgot9GW2EjhgWqFMQ7wQRAU,9314.325164257829,1134514,$1000-$10K
G2bmx4HQfAzTCMzvH72P4nN32nEagSgAzMwQ17nSm8Ci,9314.3125934705,1134515,$1000-$10K
4ZFoeCbo5BPyXZYrG81TfZdTnjg2hzcJyPDWwh3vkjXp,9314.296454323327,1134516,$1000-$10K
6DznkjzeuXEi6vMw6B66sdpv8KjCGg3645kM9DPk5nNd,9314.2822647799,1134517,$1000-$10K
C42HgUnW7BDVxgv4aRjxpgtTBRRNysqDMNfJj2ixUaSm,9314.2818527373,1134518,$1000-$10K
3RiH8pmur46bU32Jo87D7YudgDuJEpmAN4Wx265DPYFf,9314.213063387777,1134519,$1000-$10K
C5MqLDxZTFUqzti1sv9rAyJ3UiivEukNza1Gt4PtaKmk,9314.196532674554,1134520,$1000-$10K
B85LJceikeGG6DKCHtdU7JJbxX1eFqsuTQihmEWqS2jC,9314.193686065264,1134521,$1000-$10K
d5NXYXyz5NQ2xzaezj4Y1kbxUanE1i2ShRydxvJqa7Y,9314.168532721429,1134522,$1000-$10K
BcKNuT5f5jWHHsYaZjk9SYq8Zg3f6ZxSjkxdVh9wHXLA,9314.158817953525,1134523,$1000-$10K
3iMSLe9kPDF5z99ZBkTD11YqgMWMhgmCWftMb88m92A8,9314.155512003339,1134524,$1000-$10K
5CswkfoEkBtUkiCg2J3V4zKZhALXuNqLUAiGF2SFJEYw,9314.131459938844,1134525,$1000-$10K
94pTkXZuxHAMoimjuJdRvxDiLvZH6nuVSXEPToLhEwAm,9314.120867240677,1134526,$1000-$10K
CKAnYpfZdV52KMsVAqjvpvzNygbKvs4mjoytMoWnwW34,9314.113480680404,1134527,$1000-$10K
GadTyUPNYxmGqxtoc6WcqHMWfDv848StgkRPEodz4ebw,9314.109803408486,1134528,$1000-$10K
qVHEEZ8DmWR8WmXqtVtPUwGBKfGP894AGr6QVG86qXM,9314.10122619196,1134529,$1000-$10K
8FtMkYTPKTisDK7cS4FAci2pVwAZ58vCMdfuqB6fqZ8g,9314.094607399897,1134530,$1000-$10K
EghWzHTr6mZ9AbgWz6HDKHND1zDoxqejdjDYkbjL4FdV,9314.093767359485,1134531,$1000-$10K
CJqfCGX532HhrMAxBSjfVddNVFJD2oMBbwqiywUqbyPa,9314.0902849696,1134532,$1000-$10K
DpEhr8Yz8sgJ123RmRApCC62CwYwYKyT6GdiR9cz4koY,9314.082635150124,1134533,$1000-$10K
4fgGNuTmzmszq42geA6JN22P9b4KrmA1dbLFL7LChU5u,9314.049083781958,1134534,$1000-$10K
G6CLZu7cRB5264NaGGEF1HZYoXjmACWn5KyZoA5KikYR,9314.038567711732,1134535,$1000-$10K
BMcvD1hEVfTpcVih47rabgFwwTM7CAgryFmm9e7bdEGr,9314.037912272326,1134536,$1000-$10K
BJ7brjrbGrVwR1CjYKEAHBkCdpc9GCvccViS8nEomcgG,9314.028769663715,1134537,$1000-$10K
ArVuYqBwMUgKwEjvFXyyrBaa5p722Vjo924z978RHV1J,9314.023326200422,1134538,$1000-$10K
BLE8WiGyKKQiAyEUfjeVP2XgExu8GPMgbCijhLerWiZV,9314.011300567223,1134539,$1000-$10K
Ct92yatGyTqTZXCYQzpAcYjzKhbNg38MJNqJCf2pQ5FW,9314.006372411432,1134540,$1000-$10K
4knFzT8LaSFn4me78EHYXFn8ewHQ7NWfzrEMtspEgM5i,9314.005671862653,1134541,$1000-$10K
C7nNrtbArFa7HrgtbrorVfaUDSoM4S8ui3ZBq7SPRQEs,9313.99403787415,1134542,$1000-$10K
HkT6D5yNez6BGAqWaf8Qa3wuafCQbFzaVLoMPLVeMDe,9313.94192505008,1134543,$1000-$10K
CDQXNL2gWK4jWXusoyiGdcpwrMjyFX8F2iv6uRcvUrB8,9313.93056109748,1134544,$1000-$10K
Xz16bNvKJv816iTrKsTw7RixxW1W8PADg7JP5MXJwPz,9313.925085258381,1134545,$1000-$10K
GibpRT3MaurbbJJFiV362s1bpuoiiroMQTdBZLHErMDh,9313.921684711018,1134546,$1000-$10K
65DYg8KApwHpFjPxBcAt8WEs2T7Eri9T7py9zBC6NfCS,9313.908179085862,1134547,$1000-$10K
CsspN9hWM5EUtYPQHC6hxyYMkeuCuvK6EDJPjK7xzMjC,9313.873698561467,1134548,$1000-$10K
7S76N3XM7hmu5zX1gMyjxE7oDDYMjBig4KuK5Tz51SbV,9313.869313233326,1134549,$1000-$10K
FtWEU9fCab32YH2P3pa3zgnFNbmbAzekr6oRFh4CoQFY,9313.845672087877,1134550,$1000-$10K
Bd3SyuYSTjHdJK6EJFBKVtVEBfQZRYYkcWpbsuZQBAAj,9313.837735262254,1134551,$1000-$10K
CvHm6GNjbyVkWV8rpV6szkChFT1HhmHapCC2fpdFmVbp,9313.815029266154,1134552,$1000-$10K
A2zKt4juSTPjZPm13hcfhMTudnWRdKHBRYa9eUqGrQJj,9313.792805539008,1134553,$1000-$10K
EXxA9pgPpBZgGH1QcVVR5s1Lmy8Vm3EwtuvpEcpMi5yj,9313.791557415687,1134554,$1000-$10K
8cNAB9xCoFAMCZcWhJiLAYerYQ9Kq49SoRZvXWYeUStd,9313.783083194729,1134555,$1000-$10K
EZtT9XLLnkeHC8hMA9VFYxmBMs9WZutCAG6JE8w6Pw4p,9313.745149046337,1134556,$1000-$10K
9GRXwRsTJYVxSpfjxoBMb7ZxjqLB9N9DiT468D42pueu,9313.743567679134,1134557,$1000-$10K
HuH67TbS5jRDJxfBxtUznV4NjqE5wD6Z8QYRdNqYSegW,9313.734523464514,1134558,$1000-$10K
52tq11ejMZesxrK5k3kmJoBwTpGz9pawdNGQ9PnnLASu,9313.723988172766,1134559,$1000-$10K
FnxHj61YRwVqToVH6iAmffopaFGKAJJupSi1PhpE3cjY,9313.715396164174,1134560,$1000-$10K
9jv2idWsL343VM2sXvTMrMFfgvq28PMxCgeQZQixcWxv,9313.687583946143,1134561,$1000-$10K
GGMJRrPsgTyxyy34CtDVcoFsi9duNPETBc8JzVpzjWcc,9313.687141447515,1134562,$1000-$10K
3rmq64iP5BtkBGvRjxxquZiVAvmhV1nHRH6MNEh3edfW,9313.660152178414,1134563,$1000-$10K
48H6cm5GA1cAkiK3vqp43URc8gwfeFAxTj9TLCgSDZBW,9313.601645225472,1134564,$1000-$10K
APSvJTHXKeKJDyeJXXfoeQ55yQCkcWw2KawntEehaoX2,9313.594258374595,1134565,$1000-$10K
6AMZfbwK2wwrRbMWb9cq4NcDYHH6CbEA5fV23HWfjqg9,9313.586157595964,1134566,$1000-$10K
BKrKSvmYUXgEb4144KgyXo53yWzhWcPzXrYjQjE3wHwz,9313.559361858803,1134567,$1000-$10K
ETmNS4nqEzJTnCiZAc2SZXkhiEFrmnjdjDwdgca4pVVs,9313.558968161971,1134568,$1000-$10K
JBrfe9dKsSUfb6tqgBnUDPeMHrmk1SZ7WBRybvJPv5M7,9313.556381217762,1134569,$1000-$10K
BeGLDuGweyR8SfRYFs9P2A8JBV5gksxLR5jZ9iQ4wkwm,9313.548207375588,1134570,$1000-$10K
Hod8CheUHzQuXwZuM3GX9FeS95FMzrP1q818iqNiK1SD,9313.49362502737,1134571,$1000-$10K
3NyLU31d6EhHRuh42AEfE1NT56k9u6LFhHRNnGXqa1uA,9313.472075416557,1134572,$1000-$10K
ocfLP4hG98fBaYmxQkyyVT8F7bDMkS95spgWuC2Z5bJ,9313.45663369347,1134573,$1000-$10K
3553wHUV7S1VTAeUrk4t6gczSuPnaEid9eJSYJhaToaJ,9313.441536950022,1134574,$1000-$10K
FtNKVhC3ej3qkX9N6m7erPZ1wTBJtBPMShqpwKqTiUrU,9313.436049346945,1134575,$1000-$10K
DniuX2mSs64659nRujE9DdVvhuVD2AqrFVqL9rnpAUJk,9313.43225719943,1134576,$1000-$10K
6Qpr6yycsYyy9AaQ2dMvX7Va2Aiz8keNbKUDywNMuTgD,9313.425768395686,1134577,$1000-$10K
GsBpjcMT3omecsTL1brVJ16bpWAZVwrLztTwbSPcigNY,9313.422406472111,1134578,$1000-$10K
3hkwj17g6JppMjyLCWsDkMypEcqu4G9v5DDLybCCKG8A,9313.40729501984,1134579,$1000-$10K
FxHjNZ7KtjiUJrNV2FTUTMyXD82rk1fqC9YG49dw2ce5,9313.396445068147,1134580,$1000-$10K
ANavuVUnoMvSCcFxVzdBbaMwTVbBXRLG7nzrV77TaqjC,9313.359908561048,1134581,$1000-$10K
8L7rShk5qzPm8wrEFBxdWagTqzDvS5MSBb4WCAZgRqYM,9313.340176182515,1134582,$1000-$10K
4CwSsoG6YNQAi1zUjTJyD1dAntufSff7G2B3z2Kfz5mV,9313.333938884758,1134583,$1000-$10K
8uYNxG3W4kYwSm5HCLQS5b55HcDwCmuz8RALMPm859Sc,9313.32814400641,1134584,$1000-$10K
D2dwc72akUNn459LMbGj5uDd4jc4uL6BGj65x3GNLo57,9313.30898947813,1134585,$1000-$10K
DoomvGrZk9bjL2bewEhcTfZHqCK6HEGEx78XYhQQPY7V,9313.30667834156,1134586,$1000-$10K
8oihUjbAMiWRkd7vZqQ82uHa6DcSG5fxjs3ERX2LsPpw,9313.30495285466,1134587,$1000-$10K
8YjmpUMNHYcnpkN4aEcPuo8bSSnshVpA9rXgshEva9r,9313.300118875046,1134588,$1000-$10K
FB628QouuDkBEUi1bmPZkEAaD98T3uCfc5nYzJ6iBuyX,9313.28935781358,1134589,$1000-$10K
BzYGrJ6GfdjJ6brviJDXtG72o42ZWE7yPQ4WsH19ViWZ,9313.276337481799,1134590,$1000-$10K
D2JdJwQ4k1tRoynFyagjdP2a5S7YVpo9cNYAUFAkxfCW,9313.268055655797,1134591,$1000-$10K
FcCcc2j1nvjDNpDGNehmwKsX8CK9SCdxJNu8MrX66bPq,9313.260029278132,1134592,$1000-$10K
2A6YQVdWjoMN5DdkG3SddUqVpyQXaugjcUcKFD6Y9yru,9313.215165737383,1134593,$1000-$10K
7q3SdPEsJq1NrrVpf8v1HKbrftvCtFqna4X2AXCH4brz,9313.211535647786,1134594,$1000-$10K
7ynuD4Z7tZh94DXC2mCNEs4PnG2dzBYdQvBmsXnY5Jct,9313.167376143456,1134595,$1000-$10K
BfEqmWa6a56kUGLMHaLYxHrj6zkUzN5zq8NRvGTrtndP,9313.14242603905,1134596,$1000-$10K
F5EN3ktT2Xpx6RgiaVguoQya4o1Foxfrg6VtuwTqoBtq,9313.123172146707,1134597,$1000-$10K
H5KbimskJZAAAFMhCYELYJgAS3tLWgyKTSnk2LF6iStA,9313.121984273192,1134598,$1000-$10K
C2EJgAF5W8Mvhc2TT4biub7bfE7HP7JcWFE3CChYJGDC,9313.050524497214,1134599,$1000-$10K
GX9jTPqj884FBFYSgLAf7jQrGb1uczRmgkGvsYcpB9uc,9313.044567176476,1134600,$1000-$10K
91JCkXpJEfhLighET5bJ2fGY9RMgbXAHupZsTY55Voxo,9313.013654381532,1134601,$1000-$10K
EVCoVUDeXRnFwu33ZDDbAbWKVpygNteG8uE9bXhmMR9x,9312.985130006798,1134602,$1000-$10K
63BDQDmFvg32PqRJeceM6ickj97ziizM52jqB4SAaSdy,9312.978923732395,1134603,$1000-$10K
ADvxATnaG89drpRr2XQiYu9yaBUavE8RNjwhCoNrauvB,9312.95963976992,1134604,$1000-$10K
4zDTJwpxXb2oFjZATzUWVUiRCrt6ZSuRSMvZ18zM4pMu,9312.932938522052,1134605,$1000-$10K
HyF8wh68AB6uGHpjRpKTo5QP1TvPhmX8KGKMaoC4L7Tz,9312.921352004372,1134606,$1000-$10K
9zzR6i3reYAAkT732tmTH5qfYWnwPhTifYqpfyaUNkaK,9312.891927197425,1134607,$1000-$10K
57JA9gK6jZuPeWrBacY2gFH2UveAWQ8uPkEnHWh7j5pG,9312.890084916682,1134608,$1000-$10K
9DaToZXRzUBaipCoqGvPo7FkWmaKQqXHFQRzhRGEjUM3,9312.888523951862,1134609,$1000-$10K
vsRfVfpYbJEaAEZt1AY2ZvYu88JySNLGRnNGuJqHkJF,9312.88834666136,1134610,$1000-$10K
BELoQJzot8ticaNwxKMHXHHuDdU9jmwRbb4BGZBzFen3,9312.8829894267,1134611,$1000-$10K
FTYdfiVSCgK93yCjibR5BBHPHxW99WSXbdkzkX283DdE,9312.86500589518,1134612,$1000-$10K
26TwMY7ujhxocJqQQKBYJBUKPRnbveaM5gqM4UUdCVXx,9312.842141492749,1134613,$1000-$10K
6ADSQx91nRYTE7HMz74b3AFsTNd3nZzkUcHrn44DCj5V,9312.822546471538,1134614,$1000-$10K
EWVL6ko7o5Lu43EkEDXqX5HkV8BaaMRzgADXroWQpERx,9312.791533568336,1134615,$1000-$10K
D14yJvWCiyjE9wH3FCafDcjPAS2tVK5zvPN1XSdct1t3,9312.760381023854,1134616,$1000-$10K
9LvY5P6QPCXJic6aP3UjHePx5K1nHSDDGpdLi2LyZicL,9312.75796297449,1134617,$1000-$10K
qVN8zdbHsphCkQS8rXaZbWCcSb8B7LuZRTnmrPzsiea,9312.754713864222,1134618,$1000-$10K
3Nj7UQqLErA4J8oY2d6NMX2Kex8VYv7K33Zyq2n7WXsp,9312.737047624225,1134619,$1000-$10K
E4JSXAMp52JFEJC51QYEjyd2VN8vmzyp2sYN1Pq3rwnZ,9312.724404261498,1134620,$1000-$10K
7UR5SLi6hQhLm8keLd24zgs7EFBumCMHt6hihCPDygyH,9312.71351403112,1134621,$1000-$10K
BCuvNM3wrTZHPrqHRs9UTFHKnGsG44SX8qAsbYYEcMm5,9312.711920528665,1134622,$1000-$10K
BcXtV4kMam7vfDWyhmD73bbVn8LFAQnDnRWMFhaxM4Ts,9312.705979922457,1134623,$1000-$10K
5q1vxRoGzyHwEXkBdGy67FrZUmpWSkemjGWwpYgdh3Qk,9312.704954966157,1134624,$1000-$10K
5oS7NUsxnW2j9qsSoKz7iHPjbyV6PqWWGjh9HoCNTHvK,9312.691748210807,1134625,$1000-$10K
Aixs7sdGxMQvn72UgMj99ic2XX5YEZSoJxmKfarSqukZ,9312.662539621342,1134626,$1000-$10K
8qxC9V8A4XdAccamch1AbqjEV3r1FAgMe4ymLdkepsLW,9312.65655739756,1134627,$1000-$10K
8Sa52TiivPvBENRRCbHardmBKKVHHywg32fGrAY6jGeJ,9312.646612546449,1134628,$1000-$10K
2CLjhrDe23fNnLNPLJmn8SuPYXhF5QkeRwZVqRfJRhTg,9312.644421488067,1134629,$1000-$10K
wxzm2CmvPg8v3JgaKHWoXbuPADfm25Wts3L9MJShtUb,9312.6390117286,1134630,$1000-$10K
8bWaJfSpceq4Jq3LEh16LxcSCezD4eWPFG9o9EWZ9KN9,9312.616452745962,1134631,$1000-$10K
8MX9T5Ao1MTxmNMKRfAdDtyuEVnocPcfX3jAas2dkjcd,9312.61396024728,1134632,$1000-$10K
6Fr4g1bVCYEZZUSFrZ3j8cy7RiGQU3ySswAiEcRZrTTU,9312.607565616372,1134633,$1000-$10K
6iQbToRUs9Hs5heoymwbcrzv3Z3UHHUGZu67p1TKCe1z,9312.59239099566,1134634,$1000-$10K
8MSzevZQ142wisQRdx5i5MhNGf2uPv5bSBT1HPBHAueG,9312.53442942988,1134635,$1000-$10K
9gtadY4LEa3muEzaTfzwiibhMbWkgsn4W7aF7rroCDoa,9312.5313239261,1134636,$1000-$10K
F1PWLtdWuvRVnE81uTBxg1yFWECJhVUKBR9b9bqNfhqW,9312.49474555984,1134637,$1000-$10K
C9PJuQ2hWcci1h8RqotJFckKAzvge59Rv3WRNEh6Mv3X,9312.457168653977,1134638,$1000-$10K
E3Xhv8WV7tXymSs3gk64HEsn2bJDNHijn8nJT1zpeEMy,9312.433839814345,1134639,$1000-$10K
3EHwtpErq5uYbxsgYtbuN8JGWnKJmQXi97S2Tky6jJ4g,9312.418317522348,1134640,$1000-$10K
8BnXPDHq9QRcgXmyXhg29dm6NE9hKXcnWHUqoFQcF1xA,9312.389768482757,1134641,$1000-$10K
3bfCjTJtvimdi83Hhp5BHPtzw59ca2NYoCJDTNawbj86,9312.37725916682,1134642,$1000-$10K
5xFWJvjNsdZjQqAinm9QW4gmNdTNpfrDdpjVXCjkz4Fi,9312.372422519871,1134643,$1000-$10K
7Up2uzz4fyzeCWc7vwrNZ5gt4ygw7b2JDRM72KXF5ykR,9312.36244284443,1134644,$1000-$10K
JDg3iFuZPPSziEVjXeytJJqXqp5u5KeXL5pLrdxZCf6s,9312.359205960032,1134645,$1000-$10K
DTETAoJSYtQRZFLvG3kj2z3w3ha5uQvFM3zMmnYuciDx,9312.355163294027,1134646,$1000-$10K
7v3tPWM5LywLfKT8iPRRrYqgsFmVqbrrvRHQWeVXWrRi,9312.301150211997,1134647,$1000-$10K
Hkg7sLVwgg6DrU8xWMNtQwqPciHHMTLoNwdAGbHEpPMV,9312.277312958418,1134648,$1000-$10K
FBAC3gmzgsyFv2Xmj8GE3XCZqCgikQVStGim7UaiB1nP,9312.272781299222,1134649,$1000-$10K
fB23qWt6NZQhMQoxjdkQf55NMJgfBxcKt7isVw8WP1r,9312.250181660893,1134650,$1000-$10K
3s8tbmNfRdJqd3VL9reqhMieJz8ZeTyUnNnho986eLEi,9312.24753624702,1134651,$1000-$10K
HGxPK3xmJMohSuwS49sgwzapP3N4QYYriYs84mNtp9R1,9312.195207160692,1134652,$1000-$10K
CQtgjwdUfCmLdBnrHEsyFrHXTtNuXVYnxNbmjVmev5Bq,9312.171230418677,1134653,$1000-$10K
8jECTYGtcRGut7z6jzu1uk9hffV9h8n1KsWhjGPcbUYV,9312.165288521479,1134654,$1000-$10K
HbYnT9B6PR9Sdo7XUyiTYUxXm4a6REaHe8YxQAFCGFTb,9312.160728039993,1134655,$1000-$10K
67uxH9UQnUoW1N1pdAhHo5wB9p56ruyu5pH6DGWLKWXt,9312.134667576025,1134656,$1000-$10K
9QmZxxzrHpYSzPVGQ6HbSJs61Xr2HhLqNCvgmeJGuDkB,9312.109110545654,1134657,$1000-$10K
9CB1co2YoKwRTv4EKadq2cVFmC7QoT5U5LsBe8LxRjcE,9312.091219273574,1134658,$1000-$10K
7odHyeT9RHPN6dgRuuBf1MJisV54MJTxpduZ94TM3QKU,9312.088381738478,1134659,$1000-$10K
GmtJ2EmPa6eRMe7wZcFkQi7qBc7y4StaG5PpusoyWS2L,9312.074247101387,1134660,$1000-$10K
BGzZU7ZNpcp58c7QThGbpsiezZeDp1GiioarSt9BiLLi,9312.062651262251,1134661,$1000-$10K
EwcanEAUnLfzfuWGdsqpTdfNhwCU39v4uZLCDaHVDGiY,9312.05842181818,1134662,$1000-$10K
521s14eYMduodHD3sQResLxKpPm5gcht44DJrsnTjVA3,9312.055614359893,1134663,$1000-$10K
3ts2GfH1j1XEu2jcSSasdRMamHSvwZCYbvCqYFpsQCL8,9312.039742486271,1134664,$1000-$10K
Gy6msqpWk1CY788fP8tn964qME6bivRCS2rDCxVW4jb1,9312.0288556292,1134665,$1000-$10K
5GkjFdqKaGFPSc77GpvtXWAs8RXYCSnPV68DPo8bqWFL,9312.019421313471,1134666,$1000-$10K
UiMx6tpGGQA27ryin3is2fLurGm4GonJ1iTF8WV7aTL,9312.014754385109,1134667,$1000-$10K
DAuz5QXm7ZNytqU58abZeTwpGRPBGG1ZMKgPh9kqNeqY,9312.013506780691,1134668,$1000-$10K
CptzFaJYR7Sm6YgqVaUrwyHrXTzE83n17EQh7RcYdGeB,9311.924360424639,1134669,$1000-$10K
B9eiFQLg8Yj7Zi1UgrQXSyHMyb67G53s4isszcN4gKSH,9311.916845106407,1134670,$1000-$10K
GNj3cL6qnCubn9RU3gVnLuFujvDwM4w666tbrNB8TKPb,9311.893436031065,1134671,$1000-$10K
2fnLhrffodVUENmYuMxh8dA3BHkptDQtnLNSKFY2j1p4,9311.879568097036,1134672,$1000-$10K
7n3hqEF6ZkJKzn3ucp9CqyeoUgo6dymw6eqmhSA12FfV,9311.857935152246,1134673,$1000-$10K
DFqmjGbpofX6cJS4LNgGQb2VCex63miCwMr5utxrD9YV,9311.837873945542,1134674,$1000-$10K
3HFoFMqhGT9Ti5RzhkPA3d8Bd2BTJUccsfk6nydLB4hE,9311.824762571796,1134675,$1000-$10K
12TUaoN1qf7Sq6HNM2epQHojb59hhsr8bffsvpY8mxNZ,9311.81794187329,1134676,$1000-$10K
EeDnE8Ld2kNyxLPGC5XzC9ScLT7Yo74krkQ4pDSR2WET,9311.801898456115,1134677,$1000-$10K
H5eepwXzPzoda7fu55ZHjiEBX2NysR6GwdV27VQHanzk,9311.795478155127,1134678,$1000-$10K
E1YJgdQCZ9JhakZMYuVwXTLKxzKHcfHNgW2JKD81LZA6,9311.775081081818,1134679,$1000-$10K
EfyQQzx1c4rNPCmtqS47mwC6jxngN1qDJ5oFjLLJZB1B,9311.770705411602,1134680,$1000-$10K
5opMBjwjJBXoAQ67EuuPVBx327Uy2mR4AnDZbitA7Fca,9311.76191994179,1134681,$1000-$10K
6uD3Nh5SUiEv8Jmmi4t2jxcx51hSasNcgCsCF8xjQTtR,9311.761598408628,1134682,$1000-$10K
9TwsSHJkHCs1rZWfpFzppRtqaM8DM4zrqVDQXr1nJqm9,9311.730568044844,1134683,$1000-$10K
FQbmKzCHe5RLdsAH8NWWwxnHqAeKwq86dy3kGfT7aATu,9311.712134532512,1134684,$1000-$10K
DZgQK4bUcVBj1uoAHkDvPGdYBFNXayN9EYfog9EnrHSJ,9311.685943896337,1134685,$1000-$10K
8d8mckehu8KkoU4c7Tj1Lx1LSmow3vfyTFA46Uyu3hkm,9311.669678768525,1134686,$1000-$10K
FG6Xbxu9xQJfKeMPVPhNoXfWirngGMsRvd7ZChYjmbKJ,9311.64475590358,1134687,$1000-$10K
2bHP879LebmQbddNdNuiX8NxCS7jqG2y6ctc1bDZcQt2,9311.62619705274,1134688,$1000-$10K
29kbVsyoqx8eMZLpn2uDXwhtL11UPzdugcqeLf3N1B37,9311.617192990981,1134689,$1000-$10K
ZzZJfnmfR2RmPemM4asxUn96jcJqfwmP9pmcBjTLqhZ,9311.61599122119,1134690,$1000-$10K
HyC9rHUXD7Yf735SEb6Gt2ymT6y9vK3XdMNdhuJF1Bjz,9311.592990811943,1134691,$1000-$10K
2ViYLe35k9KR3D2XkWfFXWKJFN52k3Zv8KtMyJqiN63R,9311.591346182231,1134692,$1000-$10K
7xBU1AZuSfLnSXAL5DUTVeTs4YdxQERVqJFydA7Je69g,9311.572705175126,1134693,$1000-$10K
9A5e3E62HyH7SzNmB4QfR5t3Unq4rbs1S4etNiffLHEP,9311.547700864225,1134694,$1000-$10K
3gafrfLDSBA4BSLRFgh6NCMqeggS3zxhtN1SBAgCQjS4,9311.54080587721,1134695,$1000-$10K
HWbfNqaWFX7u4sw35GV8VVY3KD4kiA4c41HJja7z7kAz,9311.52729817896,1134696,$1000-$10K
B31M4MPZ1yr2QMuomomBDc9tQoiuSarE3DAJMBUWTEUx,9311.51000130277,1134697,$1000-$10K
ALKR6eUAzBDMEbNE4PHRXFQ8zZuiwMnDKQHSU8SQpvU7,9311.477553082566,1134698,$1000-$10K
22dvrHTGLJXReHJgWBnEh4rvYt1MWLied7goJ3SvXDGz,9311.455757625119,1134699,$1000-$10K
BeEPnifCfm2PLbMzMaSYHhT9Y9Waq6cvcZMPrks3ppVu,9311.449173863699,1134700,$1000-$10K
6q9rTbuA9toKChzhH5VsUcDYahqcCs3SzKCQS5yYExHB,9311.447661003298,1134701,$1000-$10K
7jBFyKogTdn19ZJ5Q4Y4PvJ2jBjwaW6zmhPwTd9Zy9x7,9311.445798520837,1134702,$1000-$10K
7yxCuFTUr25DSaF6WPYZzUzgfMq5V4zyLTAY7LHxYHXR,9311.42390917859,1134703,$1000-$10K
6rrDgsfLPRetvur5rkqcM6huQMHTL5UEx4TpUq9So8ct,9311.421880968192,1134704,$1000-$10K
F3xUxVqZCyGxPDukydCfUoD562LbxKyqLCRAAhQhJBPK,9311.367464516325,1134705,$1000-$10K
C2627fSL1RrwH9FAHaL7iV8xWwNGVoKzTvYSdtuqQF5R,9311.364094612309,1134706,$1000-$10K
9GSQc9BDrkHnCm9R2pvGG3fJRFNbpZevBummPw3rKTtS,9311.356955093072,1134707,$1000-$10K
BWPKvRRc2oPLd6J4UAj1b8wVhKC7trtmESdXaHSzFhbA,9311.352410205767,1134708,$1000-$10K
CRpttR9GJrLSrt3VRwzwYk8nVkPdZxbCaJEG7FpHRKtY,9311.335649747967,1134709,$1000-$10K
3gBe8wY98h23HfAHbhrGsxw3vjUuEuvQaKMn9cEw3sUG,9311.328112156494,1134710,$1000-$10K
7XDNPmZbaHpwiVMLfS5e1bga24RerRXePVj5WrL8puey,9311.309328205043,1134711,$1000-$10K
7sxASKrUyJ8ez4aD6EPAEGS3EBxqTvdD4jUrJdQPgnie,9311.2866469138,1134712,$1000-$10K
FR7MGLsNbvxWfVZr4b63PiL5ftfLX3U75m9uWqdwQ1s6,9311.28438595056,1134713,$1000-$10K
FZEAFzhM8XD8voEqbgnTCj5jr6xpYskRavHW3Dkf51Jz,9311.270744261317,1134714,$1000-$10K
761jcYWn4cdQrNqFnTQVTah9Kfc6Q9bPaYkR2BgXgCiz,9311.268236337957,1134715,$1000-$10K
ABTF1nRDRBWtcEJf9chrZZzxvn2PjV5eDDpEULEiYgVP,9311.267581733664,1134716,$1000-$10K
8N1ef39waaKTKpwk8C2PbLeQJyp7qJuVF6z4rBEM1toH,9311.252667777084,1134717,$1000-$10K
GGn2WYwHYwxat7mxAPyf9V3SKHBeE24VZnqrkn9Wh4HJ,9311.23367497079,1134718,$1000-$10K
3YH6p1CUvepYyXJ9zaB6woK4x6jEnsuMgmrBs2BQLA5n,9311.213899885246,1134719,$1000-$10K
5DJnB1uUJgRqpMZeXAe7N64u28FzectJAP5ctXuC3Hzf,9311.21304881459,1134720,$1000-$10K
6eyWTLeJTUa9o6xPxpHvAniA62TimNd1Wk5FNd9cHWoT,9311.211829718368,1134721,$1000-$10K
4AEBXz7KsGCqEtVBE7ro3wc5X78TJYXz27nqfMM6h5CW,9311.175738927746,1134722,$1000-$10K
8moJfnuLpz5x1kJYV4YTV76j3cVF74KwZaxsGYihEPmq,9311.148223595304,1134723,$1000-$10K
GkrZRgTUFGzTsd1AQBdRGo37kokrakfpFmD9JTkfzoyg,9311.143412644427,1134724,$1000-$10K
GNDeVRYeFJ6eWwi8N3pWCN6YbT6mDVqicwPJz2n2pMin,9311.130164577895,1134725,$1000-$10K
CAmmikiXJxjnKDmhBdtoG9X7o2pbntA2Kdd7yzDgTzvJ,9311.128065818719,1134726,$1000-$10K
4D8tLS63X76zKvf6ZqWXDCBxDGwzWNbHg5YbBdP8dnQA,9311.122304852972,1134727,$1000-$10K
FHV4FMP8hnVp6JZAvsWGyGN6pRPS6Dp2z9uoNRefSVzH,9311.119128002605,1134728,$1000-$10K
GbEpMQouLRboMvpzWNSgvDaSBzMp5oxSUGJzqtDMzo4Y,9311.111287461928,1134729,$1000-$10K
2xZuNhdwin5SkWgMdDnfejW1NMKPZQrs2ZE47x4cppui,9311.086549272834,1134730,$1000-$10K
Bx7QoWus7wUs6FiaYB5Kf1HXSjVwuKx7Dri2boPCf8TK,9311.078415648428,1134731,$1000-$10K
FhTeKRqTkYfpbNj6tjJCXvQuc1M8MtgWcMma2k3Nzzch,9311.04588300891,1134732,$1000-$10K
CzSYwUqfd9fe7dQbd3PLdfpN2pYFJWF88zKZ7sGgGNKh,9311.042940284324,1134733,$1000-$10K
5Aj5ZUtrNUE1wyGZMMpjdTvuqP1gborvUgFp1Yxvrvhh,9311.030883522184,1134734,$1000-$10K
FDmruyrtGmRBBvdcveWyaa3o7EXy4x973pmUDDgSsXBX,9311.028631327854,1134735,$1000-$10K
ZDUC3Vg3qasGxwqhJv8hgX4tBaZkj7c3a6f4XLRDgBE,9311.025321276771,1134736,$1000-$10K
E2y7BPnFioATznERmHCDf56qsKUneCHfjYRKHwpBBZKM,9311.00363605589,1134737,$1000-$10K
9AboSUSm1eVQTvrxqvQwenk74JydzZmuerrhx9MbKmts,9310.976869665647,1134738,$1000-$10K
G5CTGrZzR72etz2ALSBULzLP7XHp8QxVQse3LoBTeFPF,9310.945146978542,1134739,$1000-$10K
7br1wA1vTjZfgkiuqLg88ymNc6f3cpdB5vgUG85iukXj,9310.93953078119,1134740,$1000-$10K
AbsBWKcMbwCD8Pz1oczY3z8Eb8prgAQHTVRRjAZHEnBk,9310.915929879398,1134741,$1000-$10K
8osQJ3kw52sGHR4AtktY21vbr6aYFHwaXEYiqqNLLPPv,9310.90976060203,1134742,$1000-$10K
GMvdMPK8qbtuYwugqriwePD4bD5j5zGcVeo2dqsGjKSo,9310.875028921648,1134743,$1000-$10K
HTDKzbvym4At1kTMDnxoLoaxiUmiaJEVLEdge6fA7qei,9310.831024631569,1134744,$1000-$10K
D2ZjMkJ1xy1TugqjuNYJpFgYvhuf6KsBVLxgVrfk1u3a,9310.824678716996,1134745,$1000-$10K
J8VCfhgJ638hKnbzuTKz8UCtNZAHRJyx9vYwWf7wjG5P,9310.808253001043,1134746,$1000-$10K
2LCnFTJTRSANZMekFVdf2rysjYK6PQDapu743StvuLu5,9310.805625701372,1134747,$1000-$10K
kAkd2HmouYWYUX5wf969MBYh6acD5VSDFhvWwpMdWDn,9310.797467981227,1134748,$1000-$10K
Ds1KYHr9WkyWjov3hZ9Em59t6eYSqG6RqbMURZ4dnC4H,9310.777434259911,1134749,$1000-$10K
Er1Kn59Ub1M3zwKC2bRBPcswgPQJ19uSBN52TCRZq249,9310.763110579437,1134750,$1000-$10K
K27s4SYhJfyyosEmzvW4xowcsxT6ed2PtbtPajLbx5E,9310.761606241937,1134751,$1000-$10K
56ro1Dr5mEbEFDakowKHzuHy9R5br7j6G8utX8fSNNT,9310.750756196858,1134752,$1000-$10K
H3vPXjz7h8MYKtMkt5eLUtbmoCy64bZ4o8Gy7kFS1w14,9310.733326899834,1134753,$1000-$10K
8kxUUPkhUe5MeYMnBWmkvFWFh5hfSohNqJh1rNxwLXhe,9310.728650854875,1134754,$1000-$10K
65JLxKE2eBZfn5Sgt5m8nXV9WJNZw2W1rUL5fiFoDKhi,9310.71398853123,1134755,$1000-$10K
2pGu3FVNwU2noxy2PtxviSFX6AqNH7oamgibTYSxvZqp,9310.706209807799,1134756,$1000-$10K
2fJv1KZmjQKPwV3TjsZ62tHH8gg88thVVc7ibr3hzTjs,9310.700159524527,1134757,$1000-$10K
4pHHDbxRDMkoqZgp6NE5niHDKyzCgb6hvRh8qsq1HyDc,9310.68459335889,1134758,$1000-$10K
HbSCdr9Ryi9vyWwxTVj3qQsUmkFosggRMUuRq4LUNPW6,9310.680805781176,1134759,$1000-$10K
3MsxNHMrWhxNvSRnUS8X5gu6zJCSetxReAQzHDhqGdw4,9310.662119388051,1134760,$1000-$10K
ApvmcL4esPPsSB6BpYh9TTLgmwn68B3FwFUTKGmdyNAs,9310.6435339364,1134761,$1000-$10K
HNJ1jM9AtTMwauNsyHViCcDDaGzie51sPHK1sAdvUtWH,9310.640078490502,1134762,$1000-$10K
2vzJa5jARV7o8mMKM64wAFkN5EwAaZ5W91ZtYgejGSNx,9310.635647973737,1134763,$1000-$10K
2J1PhzsyyxnNPnRhKtCFTtQsonvbGd8AwemQeSjsHw2s,9310.634895552386,1134764,$1000-$10K
CAKWugccpkCBFMCB7Refpm8UVEWpxAjKTMXSaZkQ7iHi,9310.597208260475,1134765,$1000-$10K
AW7gE798fbtG6u1yFhj3GY9YCosKnpWN49LpbEtoSPyE,9310.57566704534,1134766,$1000-$10K
qQZGJ2qwQRqX6qBrXjMoALszEHCxNaGpZ6ZwCPmiBcK,9310.56088865186,1134767,$1000-$10K
3KMhmuQtQpzS7cAyvEqoVoPvYxHkhk4ihxUcKhtP4LgF,9310.552763233838,1134768,$1000-$10K
7wHJYJiat1E8BxgFiUy2TZb69CCcJZob9V35ea97k2kH,9310.544424025631,1134769,$1000-$10K
Cz3NvgLMzaHhshjYTG756cdYE7hbxBxNXTsehU8D66qH,9310.543279333951,1134770,$1000-$10K
58FQV8JkCquJ6ftze9eL2bnWMBAfDA5rxfcNMMrJmaJe,9310.51216207251,1134771,$1000-$10K
7PGu7ZuEVAFLY4HAYus4fBGgkn8mKpcVbWvbqd5eUM1J,9310.474805318558,1134772,$1000-$10K
8R9kA5dj7DQTZS8xMSr3DR3n7PJNAGPRUeCpUhhbuZdg,9310.460252564488,1134773,$1000-$10K
GEYUkECXcT9nyB2mAiLec17nkFyngs2XRSy4s9tkhwD6,9310.438827836124,1134774,$1000-$10K
fVdNxGvxqFMbj68HD4x6mmaKBTBAvUSJ3rjzRGBNfFf,9310.433891030165,1134775,$1000-$10K
29xQVkCwJPArz3kr1yfB3VZmojncRrSgnxy5Zq4mpc4E,9310.42643344329,1134776,$1000-$10K
2DKzkGdUzRaNxwh3cRinFx5Ki6fvbfjNsEtYNUVgjMrU,9310.419499402342,1134777,$1000-$10K
CTyprdD55W5EShjsSUF5tbKmsfGatZRKEtPNVCPu61qs,9310.41381107746,1134778,$1000-$10K
3Zmq2ehMMb76wzvPL2rJ6DMcnUnwBy9wSG3NZPMEs2kP,9310.375363855883,1134779,$1000-$10K
EEFpKJ8fZPED3LTLshjGBtPEWi3NjXErmGnc4ngEcs8a,9310.36800794201,1134780,$1000-$10K
7cwg665VYiuHdpJdySy1JhNVTEkjyGAinJ1GNRruYcYh,9310.356941451828,1134781,$1000-$10K
5hrw3PmRaNq4dYMMvVoCMym7JuRtR34YfBZvkfJq5Kbj,9310.352517789934,1134782,$1000-$10K
BiqWDzRCrDZe3jgGB4LJp4THkJzEuJG25pYRsvgcWZdX,9310.343442049218,1134783,$1000-$10K
F878a5oKtJ86LAqR5qokd4FsT6rP9A2mNygrcUnpFhnf,9310.333516595989,1134784,$1000-$10K
Gv2vEc12XZ81F9Utvx5L8Pe7APUhjw3WZHgn289VaB3u,9310.322173586255,1134785,$1000-$10K
GQNfo1ovSHfF43ujt2djXJ7AMxqgD2h4CdR5p8kYzAx1,9310.310360393802,1134786,$1000-$10K
12UR2vDQkhVrmAyQDUocwVFtc7XLvTGnBGYWdv8o37uU,9310.292924645431,1134787,$1000-$10K
BFu1BVgahqzbJRKJEcBDZNbEoXzTQHd7R8jTfMXCyQNB,9310.257567017792,1134788,$1000-$10K
F6492hj6QtRGErVpSCwPB3y9H1g6fkAVQC15qGboGM4F,9310.23995646705,1134789,$1000-$10K
5w4E3CrVeHZC26eacYefan18hKovYcy5LgcF6umgmExR,9310.237108496322,1134790,$1000-$10K
Cr6kMwdHC1mqHe73pnBYaytg11xxjdnybyAoEwPmxWZ4,9310.235728521146,1134791,$1000-$10K
JDAh46jyMZFQy6qKfjVUhPWZmooSEBLk1wd54CL1FpU3,9310.232581170665,1134792,$1000-$10K
2HVGH2PneH7B1zqL9uqxoREsfWJQ4tBy4R4nfQyH3uHZ,9310.22654803153,1134793,$1000-$10K
CYcAR6tmMAiV27BjeErkJwYbEPen7qoKLSwViDPLXdr8,9310.1698597811,1134794,$1000-$10K
ESCcp7wBuRsjXcUxBpdgAo5bNSwfW4aqDxBozTzJ9DVY,9310.164497197642,1134795,$1000-$10K
2pe9zR91Ccmb8CNeFEXeD2t6azWwDKkbUh1ZmsvRpJK3,9310.15117589499,1134796,$1000-$10K
2YX7u68KX74KiFAdo1mknS44R5iexTTHoi9keyhmvSJZ,9310.148394533193,1134797,$1000-$10K
43TouAcWmyGwgLVqfU6FZMk5j9BXo4fkWwzh4cPVtMGr,9310.140144868406,1134798,$1000-$10K
6DVbAEq8WYcBZNXjs2cWEqoktzbCdyaaEMfuQSKA33N9,9310.134479371583,1134799,$1000-$10K
2wXgBiecniK7pbwH45oEkgWwCC8B8ivQEQJs2DqYFdo9,9310.13398822811,1134800,$1000-$10K
W8GRtjDD9F3tMXSgWofrFVXgkrnb3p2ULJ3k1ENRR3v,9310.12831176131,1134801,$1000-$10K
3TUAsPtQAdwEb9SQuXxt2Mdv2FQ4n2gdTnP1TqbBua4A,9310.108588229683,1134802,$1000-$10K
FWT23onbt83fWGs36cCHys4YA2WHrUhBdrB7BVvYk2Rk,9310.101263475752,1134803,$1000-$10K
ENPuWm6Gndgjs9VigB6f2n9hSqvjE7KzT4BKRdWjkh7w,9310.08745618674,1134804,$1000-$10K
5Z1UC1bKuBdEhtxzis7xX7dSbpbHQAoq2wvt6qxqt5zR,9310.079625322618,1134805,$1000-$10K
HbWXzVHY5GxcUEp2BkceGdLkTb4txygwmovtVc5hxU5N,9310.070872752818,1134806,$1000-$10K
HHWddwtHyxCXaoWUcmYvL7UZf2VhECYeRsjqFXVZbzAc,9310.067531299517,1134807,$1000-$10K
D5FCEYMLpBh6gcinxA47gM7LoySKqXkGTgnLFLej97JB,9310.066756574448,1134808,$1000-$10K
6HTgbjqiwgWNXC2dW8UxYCwdRtqd7cvZ9wXupDcHK1Mf,9310.056260957792,1134809,$1000-$10K
4kk2XZw8wErJhAAWfiSEfsZEUcrb9CBCtGcnqaxqT2bz,9310.053615129611,1134810,$1000-$10K
6962bPNqwAapgzZk7ZkQpyvkDrBvETQ89wgVzRPMtHWF,9310.031781009679,1134811,$1000-$10K
31U1deQd595mBHSF8a8CHawKuxdNPkqVZZGaDazhLSLp,9310.028921977042,1134812,$1000-$10K
5aNcMwUw5C25kJwq9hQKzxJMR7K24Jg9qbKLYJfHWKSG,9310.026256107229,1134813,$1000-$10K
8mxtdp6zZ6AqnaixtWbAsg5LkocFEaW1zJ9aMKYDdT4Y,9310.02369589944,1134814,$1000-$10K
6qtwN9NBEj4rmZgdeGmYsrDJZVTXFZSH42wWNLQArXah,9310.019369157775,1134815,$1000-$10K
B6JG9uraPQh9ks8iPFHZNMxQoaUDh1JxGLJQfgAjAcCk,9309.996174745052,1134816,$1000-$10K
2QzU82pr64CGim7oGFVdkabTG3MgpYpD7fR8MxhT3bf4,9309.945799310583,1134817,$1000-$10K
36UZ9DeY4SzpXi6wLudEHnPefjMwA571X19cCASbBZdv,9309.92706635422,1134818,$1000-$10K
DMpRHg2vLpC6wisTGom3wVp1rLx2t3khbToLHhkLmtWg,9309.922173291361,1134819,$1000-$10K
EmtERXL9A5qTzmsbrFeiwHwEg7MY33RB8QuGzfX7b3B6,9309.901314405606,1134820,$1000-$10K
AYm1VVYvj7RD5tBnvAm7ky1YCLS1cCrWY5Q8vrYBG9pU,9309.887729622913,1134821,$1000-$10K
4jq2aYA5mV8hT8wUEXaoKpUZFtQH3mD32F5NhArzs9HJ,9309.885475027226,1134822,$1000-$10K
AF3QgbgDZALXcreA5sXdiBCHoE2NinJbzDwahcc52Km7,9309.868903516279,1134823,$1000-$10K
4GzjVXRbNF4BzmVtpaZ9WoazYPNCavsYf3j1cBn5HyZN,9309.866554840191,1134824,$1000-$10K
B8fkjLcu2pKqk3QptmpUptURxRXuH2TW2ioij4JmG8my,9309.839643430061,1134825,$1000-$10K
Bj9Z14vjLutUGDnp1V8PXvmTY3KravrSi7RLTHhAvnXc,9309.82750094099,1134826,$1000-$10K
9U13S91vv6jWJB1vKqAfn91XMwGK1Sg2eaRaHSS5YLj1,9309.802298687257,1134827,$1000-$10K
JCDZ68kKLYkibqgJpVHqk9gr5MCckPucyqm4kVCPH7Jt,9309.780852335598,1134828,$1000-$10K
sWqeXp5RgEEax9pDtMwziysDo6ZHyoRGB2JhtsNNDYY,9309.757833099262,1134829,$1000-$10K
7V9rDUM1ffJAiTiZJ3drNpjZaQHgJZfu3DuAbusSD6NP,9309.75230110059,1134830,$1000-$10K
7iiPKjqWsqWsMXA2bgtBbKGvTVDmJao8WnDX9GULSxud,9309.73886171047,1134831,$1000-$10K
FE5cDYzZNFbiHrsfTHyMQbtm6BpYieegQLVpqkNYoAoS,9309.706060534807,1134832,$1000-$10K
AN77xW4T4zbkK7CyahMhwYBAUBFCSWFd4ujJkCWeULXv,9309.705781440372,1134833,$1000-$10K
ESBgZY9i6KvkA8QspcV9f2CytqXWyoUuL4dcgTkm242e,9309.68238762458,1134834,$1000-$10K
GPPjM1Ab895yVrFjHbgf2AkZudDC7p1myuZrZ7nNFDPu,9309.678968946599,1134835,$1000-$10K
FhemRVaEagVW5Sd3hRvN66kLL9Dbk3Bns9gRwwXR2xj,9309.678489057342,1134836,$1000-$10K
ACBicjMrWy5DcdmJ1MAFLXgKD5ndZAuRGHAhi6FdNtHi,9309.676851061071,1134837,$1000-$10K
BU41EGfNqUiYg4RrsszrXVjDg5mAGHmEUtGLahzs87PB,9309.668235894276,1134838,$1000-$10K
G5YD7ZdTu1kBFB3Ukd796FfyAAN5ALPeucH3hVA6KQ8B,9309.662523836741,1134839,$1000-$10K
61hMscm51ZkNUM7dtGciW3d34uSLqMsWk6AfMCSLLvQE,9309.66170659865,1134840,$1000-$10K
9paZiViDLyCsSy9m18HhX1xqSFMoM13ULqT4h3xpKXHA,9309.65576194771,1134841,$1000-$10K
7YxDUF6ZL5Nw85Lk44XBudgbADQdcoCYsBzYkSUpa94W,9309.655169931666,1134842,$1000-$10K
6BrbGSsz83okjZmFyAtypTi79wXcFuLbNUuNTExVnWRJ,9309.636513802156,1134843,$1000-$10K
HfVMDFEooePfiMKqWp1mzksj7vZK4AFiT8aMuWhT6BLx,9309.624130129487,1134844,$1000-$10K
3PWbXu8g68PUgn29W96NJjkTV3PWBPyPxxqrGmK3WhG2,9309.615402058518,1134845,$1000-$10K
FSe8aXonmcXan55LZppNVafCBoyozPFTV78x7gL7F5iS,9309.593964905911,1134846,$1000-$10K
46P4h67mbz7q63k7TTYfoTFoiWiHUuWFgdHdjdrnvjQQ,9309.555517667355,1134847,$1000-$10K
7ymo6JutZjQZp94kMySabmsx77dkyRNM6Srbnsm7eUYW,9309.548515017963,1134848,$1000-$10K
BAogXTrZm6oBQ6LBbiPPaPZCGumpLqcjAeFPwEmQCpka,9309.54707612517,1134849,$1000-$10K
3ZXyJ2bbMtPF7wS7FFsczLQxD6fbijnjeViGMqF2yxzg,9309.532362546022,1134850,$1000-$10K
G6buZoM4LyBmPSFgThnw7vgQ2S9qceq7qrsiM3vFuoGB,9309.524206730945,1134851,$1000-$10K
B2CsPF9sTnU3TschHyBq2N3RoSBJQ5hEV3T12GKPgimr,9309.523623870418,1134852,$1000-$10K
2Zh8yRYJMgZYZpnWk6WfeA8owzEnzuAqWU38JZvFcpLa,9309.520735735634,1134853,$1000-$10K
GUE8DvNwdZL1tjfWZ8o44wU2wUNBz7P5GYsJrkhC2BsE,9309.516322250616,1134854,$1000-$10K
35PzpcCKQf6wZbRpFJuTdnEQLj9D1fC2LT1hzp6JzoUu,9309.500182990078,1134855,$1000-$10K
8GBb1YboymZogGDH7idphHYjWNnejZP4f8amHFjUoWAq,9309.442593170012,1134856,$1000-$10K
BLvZKV6Stw51hujxvNeNWfRRYFaJSed4USkfnbWZkv79,9309.4027472594,1134857,$1000-$10K
Gv2xyc3kCzx7hjPMYCQFBErCARMDLUoZB7GLSjcRj38H,9309.3962814181,1134858,$1000-$10K
CT8uLBkdqX8MLWf8Eqce7dgnsUYyNaerZNWfsQxNqz1,9309.389405396623,1134859,$1000-$10K
9RT1JMGFRcZ1FF6mA3iyAuVpGbb8MBDda9XaPaYZ9DkB,9309.37763348756,1134860,$1000-$10K
CCKrGe8wM2zGGKW8YwzHAqgZzerjJsAUBtLFrMBnyVjA,9309.37561113322,1134861,$1000-$10K
8XLYzVGfMdKE7hTcWCDJE3nRcZv5aumyLohhrNb65zr,9309.358465539397,1134862,$1000-$10K
C8jDCR6qWoR6cPNkA1DufrLmyHutePdEVqcWg9AunVT,9309.35483943849,1134863,$1000-$10K
9tzejAqJ3kDL8wLJM3ZVhSbzjdrT1aYf8AAKaXbUoytB,9309.341058729553,1134864,$1000-$10K
9RnZXL3zxX5qZnSGxCDjg9nm7PsQwW1howbN6LV4QGvV,9309.322204436656,1134865,$1000-$10K
HP1SBbLYGjCX6K4867YB5ds7qweZNwZeV5ydDYarU4pu,9309.309908538416,1134866,$1000-$10K
5Qgr3xzYA6GtRrqcUp9KB5B9F5Bo3rR2kQsS1dj6FndC,9309.303691729689,1134867,$1000-$10K
GjTsJtxZL3bkYPsrjC1GHNPHQC9mF9Qx6L5zLAbzTS1w,9309.30270319644,1134868,$1000-$10K
9eoTpV41uuoUw1wtM55fmXVwwMTzuedaVbz8a6ZnuCCC,9309.302658114917,1134869,$1000-$10K
6JC7hgKBk5KjmmPr9DhBetEPV56afHqytEJGaE8PAsTn,9309.276682428803,1134870,$1000-$10K
4DFJhSBbSK8XjYPy59R4VrzqeEm2VTphyLYpoyk5ei9k,9309.26742039761,1134871,$1000-$10K
DMYy1JVi9yssHqHECAEJDCHz8wJXa71DD1wFYH5nYK3W,9309.256453288717,1134872,$1000-$10K
EZhcV9kNLzo2UZjBfDMDQFYm5dMzLMiYuCxbjr7Ayx35,9309.252977535165,1134873,$1000-$10K
J4TddgEVz8zeo6yt3v2tDov1nPjMF3YMXh45M8NVtcKM,9309.24628345135,1134874,$1000-$10K
AK382W87b7KfvkJ5Kehf8VrT1triXbVy6c5xvSQ7p8BE,9309.24363763602,1134875,$1000-$10K
Af8jAZFWVoew24PaMncFrf2WJ8WmvNvZezUtZomWRu1w,9309.241360289401,1134876,$1000-$10K
8zuF7UUn7fwn22eW8KJYE73e4eJxk67kwBPmBdzdtd1r,9309.225717792135,1134877,$1000-$10K
2TDGXVgzG5ANvQuqyfJktqKXUWon5Ced7VwzZ1WAAxUr,9309.218721715206,1134878,$1000-$10K
FdTRS82QbgqiGJAkaFC9WUdaArXCwiuFuofZ7vdooHdt,9309.20643680092,1134879,$1000-$10K
9ZfAie57mrazh3P8LaGxtNvyRbujfpvVTqKv1WL5vxAL,9309.202348737566,1134880,$1000-$10K
8VyxeQDaMYgBjZv7VKiTf8WCXQgSyc9wBC55sK6T4DaQ,9309.191951532452,1134881,$1000-$10K
83TLiotUpxA7HJip5LxPsgCjJmy2vbQH3QzBjSttLSdZ,9309.171412495549,1134882,$1000-$10K
3QmhG7VxDmUPAztvr5MTwqrLMAprXonvRgb98iTJ27hG,9309.15278512461,1134883,$1000-$10K
68EABZ9CUT8NdPQYHN4ELJDk2oUn8uBQ5X9ywcQLHXxw,9309.145919623024,1134884,$1000-$10K
Dofs9h4RdCDSKqSawjufEJMQ6rxCT762aUfYF3zRjxyv,9309.143130502001,1134885,$1000-$10K
EgVbxvsSXPJEMquBmpQJGC8uCtPXGef6WR18qqLfmYNP,9309.142676630758,1134886,$1000-$10K
QG7XGWzWyb8oxfbV2n5WWgCUWgXp2C7JBEvN3GxJJ5f,9309.141576913962,1134887,$1000-$10K
2pq4zVEJNvFTRy6RUapHFvh3dmfasaqXSbPaRzqVYhEq,9309.122774800766,1134888,$1000-$10K
GsQ2w1grmo8k5rSma7pkn6M4HTfbQTcP1fuAPwTjTDs5,9309.11449882883,1134889,$1000-$10K
DEywLNiPc62io7PmBVC1vznyvmitQScaEEEsMvDXj4UZ,9309.110317646318,1134890,$1000-$10K
HTWkqgfRmikvdJZ7GfoEbJDPx4bRr4aFwqkyjp2VjxqC,9309.08323318677,1134891,$1000-$10K
HCN3PLBph3VmLyQxMxHYwcMK5KAmZ7BSmhWFBmuX7KNy,9309.018996831084,1134892,$1000-$10K
36jPJKAtZsw5ciEvD8X5koXuqJMSwu4xgri6k91vxrnP,9309.016438937148,1134893,$1000-$10K
75bGhRngAUmWPBp89Jf432fA7wqXJJrfMAioM5GmMUQ3,9308.993590881644,1134894,$1000-$10K
CQgRtCoVw9UnEQfuHZpotD6fobKYbcCaB7KUtgDvAXp5,9308.986990937698,1134895,$1000-$10K
AYx6XJcZnf2H5qvDHk38nrGG7V6QXb9TmoZBtR5qvK3v,9308.984563247808,1134896,$1000-$10K
5Eb7XvgSbPQKkhqYnp47iA2Pp3UwidJJQmZ1TcpVZWsy,9308.962142840785,1134897,$1000-$10K
6hS9CtiFSW3RvQ9mA5UamVQzka8764FKNZmjDjicE8Q8,9308.954996382829,1134898,$1000-$10K
7MiHyNYSNTCgR35axSFXjZXRfwA3je3ViwyRHKQrQCHf,9308.935169742146,1134899,$1000-$10K
gLReB7TZwLhqxgQyHy5BJh5Spy4Dx6sutEeEP8kqmTs,9308.93483186468,1134900,$1000-$10K
BzfsD4kja1W3fbP3BENVEvkwtcjx7HeDr2aKuEggdmmP,9308.915043577159,1134901,$1000-$10K
Hegti9Cpwnxm5jLrCcCe7Jd3SxTB9Uh54TWgqZudZ3fB,9308.902235954964,1134902,$1000-$10K
2jQ7pYMXFgSJ6gps6yDAyXRs5VCqHmVjxcraxQ9cia2S,9308.868252923461,1134903,$1000-$10K
Nv1HkL22F9aBdNxaapivLyQmmbihLwo2DK2vARbinok,9308.865369399631,1134904,$1000-$10K
GKrg8cH8u4o2jz1a16pYsgEN1ygXczwsdy6T6VqoQw8d,9308.837522358344,1134905,$1000-$10K
7JWTKLRpAEuLa4JL39hZna5is8AWnKr3H2qd7AucyStk,9308.823975384199,1134906,$1000-$10K
HSjyktb2kBtiEJmo8X9j5hE3smwgG8Jsc3kEyM75sgYi,9308.814296193992,1134907,$1000-$10K
3QTQmw48wvjcZiSavkyVkwRNM1ewxm9zrnzxXS1WzV2X,9308.80600013189,1134908,$1000-$10K
DsxJZn8mBikPFkW1xWRwByg22qcPjnX17aghJxdidMqb,9308.789180378119,1134909,$1000-$10K
2QJ6b76q5PQW76JDmMisvULWjXDaDjDgbTHhbeRTViKc,9308.78206201599,1134910,$1000-$10K
B6KGGEu5ceZNLpAJZ75hJvsUnP2jZyKCrbXMeCvBxqCf,9308.779303413667,1134911,$1000-$10K
FUnXzoR7sqQE8hiR3VVKeCdnv9CuGFv9gVgwb5AfkHcv,9308.760783282134,1134912,$1000-$10K
36ZeYJ3RxizqbYDQ3UUFWM19yVGcazrvrPjvbcdWYBSk,9308.756133410807,1134913,$1000-$10K
BRCf6Kp8cFWqdrdQBbntXNiQN6AyALuRYdfAzcmbRznE,9308.751788072565,1134914,$1000-$10K
ECLDM3nFR3tKBKjxKCeZBcN8Kmj13JLQhoZBCtvfTREX,9308.749225559095,1134915,$1000-$10K
AtvLVdeMKDvrcdsBgVAKhhP6CJGsNGgJqEU1oLFFiudm,9308.743353365464,1134916,$1000-$10K
8EavK3j8gGr49VN2cJh2QUKk1GL6L5XX9mH7hedCL9bd,9308.70229727534,1134917,$1000-$10K
788xmhSZDDvw92Gr1kwi83rDQNbjdXvL2MA3W6f9RHju,9308.685429976349,1134918,$1000-$10K
ZzWcRcwm7ss7wSB36jboas1cNr4qEg8aC9ihWveBZYE,9308.685040828497,1134919,$1000-$10K
5gqLdv4rziWbgaTEytZoq3aYNCySJvUEg7HBuuZhXuPK,9308.683541534367,1134920,$1000-$10K
BnU6Cx2n7eadHuGZmue1Emxxt6DoM8Dcvbt6JTMahbE2,9308.678591367361,1134921,$1000-$10K
DrTYjDhouYRYLFASA5YTjKbMRo2LZ7xFCdMQaWfBCdw6,9308.677947329938,1134922,$1000-$10K
Bi1Aa4Nob9RxPLsXa8F4GpccHmXWegrxiFNub5kF1G9F,9308.666862728722,1134923,$1000-$10K
EeTFA1k3APvwsqAfFsCySUWV1ErdpgZWFvncGU7pywEm,9308.60524238609,1134924,$1000-$10K
9SN686nQzJEqm4vmaYj51kQdrXWZLGSm577aDKtW26Ze,9308.588177340172,1134925,$1000-$10K
5gYjEmk64ALy4jE43xx8E17oGtF8QCzjs75tSYUpXgME,9308.569351142833,1134926,$1000-$10K
G4qt9xA9ehZ7Y3pMtcfS2AnoUigKvXaAvkqsXjchWgg7,9308.541247726576,1134927,$1000-$10K
36jDGLYYPvtF547dsCgkumdU3aRyimtSCyM6rBtwnEpw,9308.52795247668,1134928,$1000-$10K
5f6txpnxcvu4MPMFvBK3VAqqJhfFBV9RCmb5crsWU9wu,9308.52173453808,1134929,$1000-$10K
3T6j3GpMuP49QtnFwGUE4E8QbBernhVYpCSnzMBj4KGG,9308.483804241492,1134930,$1000-$10K
4ot7Jssw7EYVif8nLRb5L9jpuNghJuPfyXHoErWS33GN,9308.458270465851,1134931,$1000-$10K
GwX7psTUGkxgt9mjGDXEeZCe57g3Ufm4hW3Pqp2rLLP2,9308.45747698663,1134932,$1000-$10K
CeN4uW8xdmNw7huvjwaQhNGx12627DTGz5sVoUAVZDoE,9308.450828697672,1134933,$1000-$10K
7vnQrYzwuigVDiLFmhRUdG68iCtLqN4i2t6YQhH7Bmcv,9308.443476547427,1134934,$1000-$10K
4rUerfLqqZ3rveDqq2VeKqSSek8Wmqp28R17DBaWn2b9,9308.441927897235,1134935,$1000-$10K
7QgQS5ycVvb2wc8VUAoSPU5wJejjmeaK8mca7U5ruQNj,9308.441877855117,1134936,$1000-$10K
5ezwmZySvUcQDzF7EkzCcHYAHhkUC19k9EUriYUHFDta,9308.433204345203,1134937,$1000-$10K
DseJiHah4oMRoTsEYx6yBnk3AvM9dmtpUD5bTko56YCQ,9308.4138603585,1134938,$1000-$10K
Gj7tjzJbN96rQcpqf2tb2yrFZZYfpFMVhb6DPdW6iRR2,9308.365637267949,1134939,$1000-$10K
FG34ip86iaVaWqwvSYBpeDJahNMyaeuqvgWzPrVaWx8u,9308.36038235975,1134940,$1000-$10K
aviaq6qZa4ufQp7fZdWj7C3jg9tgwwUPES6p2SH4Qqi,9308.338841469973,1134941,$1000-$10K
2TKtpVTCi2jUHDJ3gmjAAnN8umKLo1zSfEAGvY91VuAw,9308.322695680323,1134942,$1000-$10K
7Hc5KFZo4s5c7rHEykufvx1wRfTFpPgUHhidKe15XRuY,9308.31395349867,1134943,$1000-$10K
CRVvabd5RsMnFE7mNbyuSFQZ6Bzfb4VQNHnNdPuKsxys,9308.30486455902,1134944,$1000-$10K
GAyncw1BgzazuJ8hRiutRYFPYy1f8Cwk2mRQ68m1rMr2,9308.3013547249,1134945,$1000-$10K
H9gjyAR3RfwQio8cEELRxUJu896CFh2HJTRZoSzXhv4c,9308.287990180688,1134946,$1000-$10K
5XCVDWVSXwtWutoQza2HS4aBXwUnFGZj8eVYh5veY664,9308.278804697033,1134947,$1000-$10K
6C6W7fiYRqxRJTR3Sbis2x1fuSXvFj3Bxk3xMD5K4NPc,9308.256247227337,1134948,$1000-$10K
uVv443Uapc3xMBnM7tiMPgZvU5VCu2jqphV7XVoYa9H,9308.244721183271,1134949,$1000-$10K
6ECoYR8PQ7c3mfTxwCXSdUubMPxPf7Y9K2NPxCczNHhK,9308.23823896726,1134950,$1000-$10K
DYkXPEUsrySQCiXGx5PQPJxU9Py7RyPBavoSXcXvw9W6,9308.185215462547,1134951,$1000-$10K
Gbv9XH1k4YFGk2yU2W6gCL9iY698vBKdZwW533Nc7ida,9308.182040042993,1134952,$1000-$10K
AHz237kv1J2Z6DxQTYSH6PJhiwb2qwv4bUyEi3FfAjrQ,9308.164180947453,1134953,$1000-$10K
ArUxc7swEY7TqmjLjNWhW5QpLcUYRZoXfmxhYNMWBiAG,9308.164136339432,1134954,$1000-$10K
5fiqJCjgfpXDwxtNztc7EaE5dhHZyXrbuyDKxUtSk92f,9308.101953249812,1134955,$1000-$10K
4XBztpBeztX9h2z36mjafnbYuTWJzYnfpgW3YyUPL1nq,9308.101173935314,1134956,$1000-$10K
HgcVnYucAWd7SMb7NrsPf6cYkiXzAMkHEdozK3z7aPDt,9308.097207104338,1134957,$1000-$10K
EcNB8Jc3VXDZchbA4LD29UuXzdnocgRg57jJc8qckh4J,9308.082865523462,1134958,$1000-$10K
j5G7kymM7kEg46HKfrsRnhs9xk6gTh21p8mwhPucHoF,9308.081600375712,1134959,$1000-$10K
DNpVW3my2ECZuxxWbNggkzdFaz51JbQdbQg5k3tE2WBW,9308.040645395458,1134960,$1000-$10K
DzDBpks5SCsd2NTPqpjyVAj6HkxKJwNaULDgjD2PN6s3,9308.035368603054,1134961,$1000-$10K
ENDX5tVk8d2gEQHW1TATxPuRdnJk8H255W2nd4Dp9nyN,9308.020820412989,1134962,$1000-$10K
921tub8MxTgpQzophZCtcNXajmpjpiC6WZqbM3DC3wGo,9308.0150857399,1134963,$1000-$10K
ACXx2hbmco4qbvqWjDggdtHhJ7Rz1k2YhiokERdsz9vu,9308.005266566941,1134964,$1000-$10K
FqJj9rJUz9nnr2JK2orFtEVb9yGa4LiLj6AVy9uvNwUx,9307.989666103424,1134965,$1000-$10K
Aw5jh5pXpVJvNNH2aRRgZA1shp2GmsVVvMU5BFjebBL6,9307.977517877662,1134966,$1000-$10K
9qGZQA5ixQwxz6ozn4S6EaStiZW5op7RkhcCbyh6Pms7,9307.977482860322,1134967,$1000-$10K
HiUNB5oUwE2afPt6u5jjwbcDbtvWEjjTitA57ZZpVxWm,9307.97526764081,1134968,$1000-$10K
55AFsx3b7fzrjeK1CajGZVNDPdAc3X1cXnF1cJR6dBYs,9307.965179786155,1134969,$1000-$10K
2kuegTNUWR43kcnKcPfibBnbxoRnj8ExtBTt7XcpA2fa,9307.956159382255,1134970,$1000-$10K
9CnnLxLYuwnyhXrakn1unoCmoBvgKR6MMreP6xRwuc7b,9307.95566546346,1134971,$1000-$10K
TXQvE128KRZppa9reEJXVC4ZHXBKHvNbXgqMoxfzVzA,9307.949828949739,1134972,$1000-$10K
F6w8y8MCeXbwEBzda7hvu725oMf5hP9ZZyfrMVJP7r45,9307.937867416314,1134973,$1000-$10K
YPqYYNaK3xcZEgqVaDe9UB6RXftVd3MMJCdBKFNy9hn,9307.919506420432,1134974,$1000-$10K
42hKE9hYPDptdEnB6VPW8PvqNuRj3EESW3hRGs1ad8qK,9307.88669427038,1134975,$1000-$10K
2Uxu8wo1ujPtbg17fQa1RL6wwKZEkhCEoJUrr4mxFyTr,9307.86440313192,1134976,$1000-$10K
4JmJ9Fbv8yneRF2jCwgq12noFW7dcMn2Xefgr1GwhcA9,9307.850890978872,1134977,$1000-$10K
BgmxXbQAVkNNyFY9udYQKaMu9ZpN2JxjVzkwKjJQG4mt,9307.835125797565,1134978,$1000-$10K
pjzawfZQMWJcjaafuaaz2UEmL4DU75cbNAgcBf81Ccc,9307.8227818405,1134979,$1000-$10K
vuQtEf9VCwpkkTrovyj2orACWbGLpwRK2xTC9TmEnKp,9307.81590600734,1134980,$1000-$10K
EapGjNdeTp3v8wdUEBgRkpUkvqva7WDuEsmBeyaCK9nz,9307.795685136673,1134981,$1000-$10K
6FsRWQCfkdxy9WuJ7VTe8SdxapMtU2kKLwcv27uGCSkd,9307.792701433898,1134982,$1000-$10K
63oTqzwmv3J6XWpusX4PkVogUdg34Vme1J1GyVVUiYdQ,9307.784604141667,1134983,$1000-$10K
7BfgjWgmcpBmBFpKGkGB9JJ93v6pqnbqEJ8H66AdhwZM,9307.772040715152,1134984,$1000-$10K
HFZSTpEzRQ9biUTFTqvXAkVfbvQKRkxTjDvPwGobxkbr,9307.758929180638,1134985,$1000-$10K
GZwiVW86628ak68JYWLMe9WgetyK1N2xi3FPvVowN95j,9307.73480941936,1134986,$1000-$10K
2C63fQM8mV5YKbxrrV85QKchGARKPzMiR5gDcVxFwsZN,9307.731321849415,1134987,$1000-$10K
5dpXpRMKaPuMLY7K7hKABLP4Dkgua1T2FJ4CDFf2HC6m,9307.715730320315,1134988,$1000-$10K
G49GMGHJwjkWzeXA4gfjW6HvY93sFYRu4kKsUTH37X9h,9307.63232213328,1134989,$1000-$10K
EkDvKbSZsegx3Q9NYShwm9Ko17Q35DheLbUsKdj9uxoN,9307.627006445227,1134990,$1000-$10K
jj7vYGyYD6D4raKH64zo5myFLyG1AMZeKyuECbJDiWX,9307.584543148665,1134991,$1000-$10K
Cbx8X1GTKfMJVQrfYhFjdiwZF7rfqphCZeWkYrFihXX9,9307.581695005829,1134992,$1000-$10K
EKFyKw1ZeiGYdMkN7k3nY1X5mTRQDeB5hzgBt494ETPJ,9307.565582786156,1134993,$1000-$10K
8JtjMk8fyAEeeWrSmvugB1BxpHbJ2vwfXuEZNLCKMbG3,9307.53910814013,1134994,$1000-$10K
924YzHTyntTw6Vq4qrVNWpgZbhwi5N8w9sWbVsvbvAmv,9307.528835900417,1134995,$1000-$10K
2ZsaFR9HrAgQVNjyW4Fztz9ZSsCDkPvcEPEQtAoS6Ysa,9307.519807201377,1134996,$1000-$10K
2z22n84u8V6EvnVpYXab4RncjoxizjZ1aosJFbwQjy72,9307.512340824918,1134997,$1000-$10K
FbvYs4ghQ2daQjfZQzYqtuKPbyxhLy9RfqujL9nftDL9,9307.510089961857,1134998,$1000-$10K
8kKBB2BojhsaGEyxxiKa8Qe3UCasD6yZgzfoQMBGbfyS,9307.496235559282,1134999,$1000-$10K
HhgoKp8UkAGpp4MqzSjBEfZ1XayM5RNzcJbLMc1Amk2Z,9307.41523820069,1135000,$1000-$10K
2u6wXhAuNtWTwqeCNshafZnsq8d8W5hwhyaePbxWXGg4,9307.396350047859,1135001,$1000-$10K
244PWPe5ZqXe6peQ2Zkmmd4neCBwma9m4XvxGaiCyrHK,9307.284837360548,1135002,$1000-$10K
BAVMNWqxyWUQf63kPr3smKef3waFCMaG9deyydSjugAB,9307.278756050377,1135003,$1000-$10K
bNeZkYKjgKcpJsHLHupPG1CYriZ9ME65uUSjonAuSwS,9307.27860580891,1135004,$1000-$10K
8pAThPtoHmeT6A8YsnmTKWA9BzjtoYs6vAnQm7D9R7ED,9307.249767097766,1135005,$1000-$10K
4PWoR6iPuBggjt3qZrSWhKmBxScvbV3iStP2P2MWoMKv,9307.236637657425,1135006,$1000-$10K
5QSp5KkGpc48eEjAjF3ViLnqoDhvGF4GgwdvDeXe9gir,9307.23266955582,1135007,$1000-$10K
DQCfh1w7oTVa3m3YK6dEGFn8VKCp76b15x758wxLdPU9,9307.222875669459,1135008,$1000-$10K
7T6R7jQR3rQMgu31r8xuUG5AoFnEuSZcUxDj1PzGdv6Y,9307.211547616476,1135009,$1000-$10K
5YpLuYzuZnK4W36rwudYtVTtxpnVZKK6fS1WRp2khBGV,9307.198282652618,1135010,$1000-$10K
GoQmWw8XXHqitWBn5QbJQ8QwXANAjU1H9U1oKQ6GP4Lf,9307.164217581536,1135011,$1000-$10K
3uV555ovS2t5PRtxdeMGXyxzkGwH1T7BQ6Q5q9s4JvvW,9307.159050087243,1135012,$1000-$10K
HBvRXHGDuegnrx4prdjsruSnSceYjoJsJ3aWYgjtQFWb,9307.149806278487,1135013,$1000-$10K
7zcwS7uGhVhjGmkbP7C7goVmSg7EdpdrLffM7J5pEtfW,9307.137711055198,1135014,$1000-$10K
FN5hMsXVRD77fPXszfo8n6LTGiMV9ZodBxkGSC7TuWAn,9307.090945824377,1135015,$1000-$10K
4kgtn2zzid2pxGuCB9gxogsAh6Yhaov43qg4VGXMFjij,9307.08739970174,1135016,$1000-$10K
7oAtD2vcgdDY6F91aEG4X5oDkpYDVNYyezPwCFkPUDhv,9307.070781951703,1135017,$1000-$10K
H1PZrBokNK2CbTMa16fXH2iZcUFyw4e6EDm6GitjjpCE,9307.050244934015,1135018,$1000-$10K
8ukL9nDJAM4jEz6z6FapnQEAgwZ96KB2ENA46sCBtvMH,9307.026413750707,1135019,$1000-$10K
CURht7UHxR55yikr4HND26nZp6AmazGnQA7y9TtZfuqh,9307.01701645576,1135020,$1000-$10K
dSBJhC59SdzsUGWrvTa8tN9CWfR7VG7wMykhyJcJPma,9306.991230080537,1135021,$1000-$10K
3vGp9UgmJHKFZEWFDNqD61kYtSHwP4S1RzgTdj5yRrfd,9306.950989150251,1135022,$1000-$10K
8irMnkc8Qy639SNufFQ5JGQHHUYJMDS7BJ914qZZAGu1,9306.947443242781,1135023,$1000-$10K
BjMpxQjc7DcNmvHdeEck5vzszMiKyesPkfALtjYWJ159,9306.935775311978,1135024,$1000-$10K
J8YLvSTrCePPBTSVpVgJgrFiXZPT3TvfFJmzq7qLyZ2e,9306.935759909447,1135025,$1000-$10K
FFAEctK7wsFzKUmPv5bMqmVup5LJE2bK5VX41eESqyA5,9306.931916675116,1135026,$1000-$10K
6VhrSLrsGoehm3YWmQTd52HyQWqi8y4BrYsF4vjvEBoa,9306.927640009126,1135027,$1000-$10K
FWKbNXSpUCWyrTAyiVJK8r3m3iPWyS4YSxcPMV51LaGH,9306.922229989641,1135028,$1000-$10K
34saz4NiCXW6KiMXgh9g4ermSPAdMNWoV5fhs8EjZHdJ,9306.886582689336,1135029,$1000-$10K
9Z2Bggm5KZqwzwASMiPamfNefF2JHBZtkKfF9tBfeF5y,9306.886095633918,1135030,$1000-$10K
HtXn3MzGcqPQpGkzRuVB9GWLyDAZX6z8RdmFabcy22HS,9306.875012245111,1135031,$1000-$10K
DewA795pkKwwrW1Nj6yPfGJ8WJWRk8TUvyHM6dvDUMHa,9306.84669912305,1135032,$1000-$10K
2FPCdMiEQFc4wRVHGuCweaeVauYgfQb2ncb3iVveMuhd,9306.795627339574,1135033,$1000-$10K
5CvuAoZrXUJRJs7uniPXZHsV9x8siq9kBxGwxB9Rnvus,9306.789209896335,1135034,$1000-$10K
3uWEvyGPkw5MoQdACNfQxHTYZyms22xcCMf1R94CiAqc,9306.770077167206,1135035,$1000-$10K
47ongyxvSqToXzskoM3oLgjzJJj64rrcC25XUfs2N8jc,9306.75012304649,1135036,$1000-$10K
BkTG9NHyWZjsxBxruM1D9ye5heHJ52ahmEKv1kpL6hAd,9306.745045697926,1135037,$1000-$10K
Hq1MMgFZDKoQLPTkCcrgspETBUJn7PysGLwLDNfrBvaT,9306.727830358841,1135038,$1000-$10K
8LNzHZyhjht9PApJy8Xy6VXPPpUWD7dcQBubmqAcNTXT,9306.724955457841,1135039,$1000-$10K
Ce9pnPw3SPve4sR7fd12nd3DNQZ4fcrv5yEHSUsfUzD2,9306.716763765653,1135040,$1000-$10K
9HRunNT6QSPaC1tEpCjFh4naD8u4pQjW92cjfskHh1YW,9306.686661478478,1135041,$1000-$10K
Cv5RRJnVKcJWJgcQ4Fr5SW5M6XuRhRuxvYJKss9VY3F4,9306.674149820989,1135042,$1000-$10K
A9W2Fr9qWFFkanrH4zYb8rgBcAqKGR5NaM3RsP6v8PL4,9306.656800591196,1135043,$1000-$10K
F4Ktmbz9Q3MGPxrv4S1esZimpsXggq5dSm5DCzYzEeQK,9306.652277597603,1135044,$1000-$10K
8dbc4txPoqVXAkzNeHKthHbCvr83XXcSup3tXB3kVmMT,9306.63392528354,1135045,$1000-$10K
9RAr29J73bFH2V6J2p2yeE5q22AnL6WV2KSiTcUVHy4Z,9306.610796610938,1135046,$1000-$10K
9UdiAG2XtJEAQbsnfdq5fbUtPD4cZ8q9gUDy9gjizSkr,9306.593430199537,1135047,$1000-$10K
9RK3P41nNUg4JZJF7tHZJjnkM6GdzYHgNMBbuhS9EFHo,9306.586585947522,1135048,$1000-$10K
A9m7rzYLqSWr7TVVW7Jtd7zzk2kntJYgWZiNQiCFSgaE,9306.583596438724,1135049,$1000-$10K
EZM6NZ6KzxnJQUbdk31txPoUq2ntEHEGSJzmhi3mAbQT,9306.578428174147,1135050,$1000-$10K
mVsknVfB4c2S428w5tPfM2ZoheErGpT53qCmgy5xfjA,9306.567513381517,1135051,$1000-$10K
5PAqEAVw65SkdW1S2kppa5rdmeQuByt48izMmjKrX7km,9306.562989067446,1135052,$1000-$10K
FvVWJix8NGWa34CBstByGoQP4by2JHsTLdp1vebnbPDT,9306.545833857,1135053,$1000-$10K
9T56jWXTodGS6Pkj5Fp6NdGb1RYQUVB4VvVBViLWff8a,9306.54279887532,1135054,$1000-$10K
4Skm2T1zgCBiwNCpQWveiKhvCL2xDHgZQepN1S72uh72,9306.53253435759,1135055,$1000-$10K
Cf5aQBqM9n8bygQ8ZP5wsDgVbErdYrfcySdmqzNXT29h,9306.512110860187,1135056,$1000-$10K
HAQeqKGZS72c7zwi2U3JHKqUShv3VePxNkQW1YoM7qJw,9306.51185857935,1135057,$1000-$10K
5PFxjMgTKLMJzQgxP2TdsMqt2of3F5d4g6cGUUCSodBq,9306.508718224864,1135058,$1000-$10K
6FtWeu7zqLA5EuJZyNCkHZAApyUxMp3wNSaMgefr8qTA,9306.461048027952,1135059,$1000-$10K
4sekzXKpWPjzHMeRixfVjY1N1RCXhG4V8rVBHTjkrwFk,9306.45796351574,1135060,$1000-$10K
9seuArYwojLoyGSSqkAcpu2mAtaJLpagdEgC1qTS5JFd,9306.434718186201,1135061,$1000-$10K
CUqRsvyETGhdDhoBXyUHjEt8dEvmKYgxQ41uQC2t2Rc3,9306.433680761014,1135062,$1000-$10K
DHZitDc8JKuAKEM7BxiyVdyxLLzurakPDNEUHnbVpK6f,9306.38664277093,1135063,$1000-$10K
94PL3XycFdsr6WxkGyD2t4mY24VdcWdtJqDTyxKkf87B,9306.373459317509,1135064,$1000-$10K
7tsbBAmvvLKANEQzAt1bGmpbBRMH5h6BRXQkXFcJoPPL,9306.373390511631,1135065,$1000-$10K
AUfNxm2VeCaWhz4DpAiVqQFicKNeJhWjjW7AEzYUEQ3S,9306.365174655559,1135066,$1000-$10K
5mrmLMjtofehUy2FurzLBWDnSLWseiUYtL1L56mpFpNX,9306.365113818874,1135067,$1000-$10K
FeEs5mU979SnY4ShcMyVcFb5b8e2fQ1kZuMreEntVPp4,9306.357500497066,1135068,$1000-$10K
965U7yJDVwNoiS5KWJXiAHeSSWjKrEh84F9xbhRgCZkj,9306.355243998434,1135069,$1000-$10K
36DX7aDRmdzLTJpeh2R3WcfmKsxmg63JUdX9VgmzKrRn,9306.32025515762,1135070,$1000-$10K
8Q6B5FjVcjkByzEei3uKtewtRLFqov916miQFWFw58qK,9306.319713115201,1135071,$1000-$10K
9UgPBL9n8mMzy8D6u11rSkNN2yJDXvC32WvDMZtGNScr,9306.317605298838,1135072,$1000-$10K
4oMgjAKfbGLMKJ1qHVhC1nJms8CUyH4HSJUQmaTfbNev,9306.303957810047,1135073,$1000-$10K
DTbNqYAAnmPUtdDL8aEcuZC4rXQH927h6Z9UTrfaT1Jo,9306.301739250292,1135074,$1000-$10K
CtdJSQtnmhPMupB7EennhVvMdG6M2trgaLXHrZziFhWK,9306.292043337442,1135075,$1000-$10K
kRg4Fq1sEr4UMFzm2REo7nMN6VGDXtaxhRKdd6YjH92,9306.286359810314,1135076,$1000-$10K
5dAiEmWJV8gFYbRTyT64vMjC4S5u2wmUP6HbkQGS94RY,9306.282380895209,1135077,$1000-$10K
7Ka5q2eUiASDzy7sLJTcAzoh7DctTcc8hsjnmSwSRLoe,9306.263030014135,1135078,$1000-$10K
AMoPhedzEU2AzBWVktsPRR6xB8DQs6UtugRKZnXULKmP,9306.253481170426,1135079,$1000-$10K
2Jv1wTgqJqPd6vmUD27q2rMHvPE2LuGUsaidg1GwhWpx,9306.23672706557,1135080,$1000-$10K
79aZr5VmWHXUcyzFjhWsJEamxD7eZbDV3FbrL9tnSdWr,9306.225440809349,1135081,$1000-$10K
8JY9RQVWHPx8Ya5davQWFyuy29QLboNXM1LpJ3JPfNui,9306.218374367421,1135082,$1000-$10K
FVYMoS1Vw9YJ9F5uHpCL5fXjEZKF6A18FotqvKtrmnAM,9306.217423088487,1135083,$1000-$10K
8TMyCufHnVY8mXeShoWpsXnv72TFE2cbmVVP4aj59838,9306.188873791827,1135084,$1000-$10K
F5V1RxXfkhR72hrEYMDzfg9XKVCGgKvei7zRGPy4y8Nd,9306.186593697803,1135085,$1000-$10K
2pUPnaaR6aTYnYyhMK1WUyAWkdwRQxigTzqhJChc4cLf,9306.18303388982,1135086,$1000-$10K
HFHVgduZPhYDyAFzhBU5QkjS4LfcaaqGP6WVLCA1tKqU,9306.17206305614,1135087,$1000-$10K
MEBFqKEr9uds9m1yeRZSECNmZgXFvfK3rh9hNZdesM1,9306.146624892766,1135088,$1000-$10K
6CB6pfAyRfR2hf47AQXXqT759cfxqJuRS4wq79TZS69e,9306.14638771191,1135089,$1000-$10K
7FaJUFHPZMZykWoVaxWvbZJaLga5v6Yf4HEKaLopHoLi,9306.141750610188,1135090,$1000-$10K
9fABpsaFxDYbBwXJudVQ731UvvpJdZnVHfR13rhVoLab,9306.133246712116,1135091,$1000-$10K
4FRHXpYugHjE5haX2JabVeLiDz1LYV3ipPktm1kyexwQ,9306.127510359127,1135092,$1000-$10K
2WEUxt4qC4t8QRAcJs8NjFySsdGor6bBTX3BSc14r2iG,9306.11996661202,1135093,$1000-$10K
57eoRCrWmKQxJv6LF6SHAeZi9g99yDDFCgMeU22RsMbn,9306.092325633279,1135094,$1000-$10K
A2EHng8MnoP3dhNTauSDTsz9LUftXUv6SejdqbDLMKUg,9306.082918385215,1135095,$1000-$10K
2SKPrJN6ZLyNNK86hjyQ13WSBWwyzTp4JEbTLF674PtQ,9306.067977462737,1135096,$1000-$10K
GFS62d1D48Mkbymi9kozhQgo6rt48q2LzD3gkNFcvLn9,9306.06757331901,1135097,$1000-$10K
FyQ7JLSkMma55fK86iELFk4duRUc4SjQEaMjnRRccLMy,9306.06000212584,1135098,$1000-$10K
7hsHk9X8iEqtd5BWPowGA8W8G7YFwxn3NEf8bht3uf4F,9306.059074965093,1135099,$1000-$10K
7yX95FXE9QWHXZgx4L4jxcLYeBXJG3CweDPJvdfhT3xy,9306.027356158753,1135100,$1000-$10K
GrH87rjt1LMECEVcrZ8pL4qf8EZD4X3RmHKwopn5tFho,9306.013899043059,1135101,$1000-$10K
CdsX7nxGPbr4wo7gxU4mP1TQ5YM5o54UhptveRVQFYvN,9305.989506891512,1135102,$1000-$10K
4PwYYmza8reY4mJYxj82aiGqG5SBRN897sNahfFBo6xs,9305.98070954505,1135103,$1000-$10K
3JPowbjbExZxNtUfm145YsBjG7q66WyxiBBZ1yB4C6n4,9305.96504355112,1135104,$1000-$10K
HYGGkLb4WgAakgHd4J9aB5WrhTzcYwVqhhs56TZgeume,9305.94292751231,1135105,$1000-$10K
7hDpmhY1w5SAzFTB5p5nd9ZCpVJjgvqv8siXuoMdedtj,9305.9347220514,1135106,$1000-$10K
4tyKKDz5WkYRACHRAs7XPFuTwRXoiAgYy8MKjG53Fsvu,9305.934182345512,1135107,$1000-$10K
DJcpBaLyfyPtXQiyre4DxiUxL6kgL3jNmz1Pkva5qcKX,9305.903518433,1135108,$1000-$10K
6znWhS1p6dMSYpvTJ8hZVejSo3EhUffc3GRzvgEskC9B,9305.882881860498,1135109,$1000-$10K
AzkF7sSVYKHij5phAAL1WsRzuwdhP1ktARHet7S3KfLD,9305.861320434618,1135110,$1000-$10K
9cyMcLvUVF8uZ4YRjsDEVi7muq3whBk7HRnx52d5HKvC,9305.860907901551,1135111,$1000-$10K
6sBYZaxR69oNBqZ228Sd8j3yUJ8VUGyUkQHNSfSdXqZg,9305.822430365062,1135112,$1000-$10K
HdtAoBkG73xn978tG3P6Bsn7XvWEwJ9ntfrSfoh9XAok,9305.818529207516,1135113,$1000-$10K
6AgZvELrRfBP68gJHfNE8TMC6y9ngVp6ZY1d4N75ixRx,9305.781042829301,1135114,$1000-$10K
8yZbVoxtWWwmvXbfm7saY3jo5WSLBtZHtgbzfsvLuWNJ,9305.765602902282,1135115,$1000-$10K
9c5gCuhVnoW3ZFct7e4fB7pLpqGAbWxF8wXWE1qv4PnD,9305.743714503935,1135116,$1000-$10K
7MgfJWr3u53gfPf9JKxgPKuQB9maKKeuJap1wUJvfFtf,9305.704313712225,1135117,$1000-$10K
3iKPMsJVDLRbiDoX3B9QsR7FtTP7JrK6tZtP3gpVmdM5,9305.704170203571,1135118,$1000-$10K
54BvpPCoBM6XnfSxBweLPf8svuv36RxUT1mia2wLCNZF,9305.657736468893,1135119,$1000-$10K
GG4SbhiNM7tT8V2tzi3iczcCADHyFhUFCGfyiSxNgM6G,9305.63856047833,1135120,$1000-$10K
CB3DnpG9Z2Eov6GUG7TNqXYmYUwSWxpH3YNKQGzpmHVB,9305.63700617569,1135121,$1000-$10K
EpQrLZwHjozdNzv7pYuP4CLek8d3edaoZXfinoUUs4EM,9305.631758573822,1135122,$1000-$10K
4oc1qZQEM4TFigS3Z6uHZ2o9QFqq2grByfVoVBGAGYHo,9305.598584081905,1135123,$1000-$10K
4n5H3W4sDk2pXMe7hW8m3XUUAHtQaRX9J7LUSLUrbA8y,9305.58951092642,1135124,$1000-$10K
3ZcuwQdfvBRmXHsmXTFjUGqxz7DbuTnsbksunWp43D7Q,9305.566258763893,1135125,$1000-$10K
BARwxK29N7fBZ1WGRHBDnEgPbA1VwrDKLgvDoLyN9fpW,9305.560273508325,1135126,$1000-$10K
3sqMKHCDkxoEAGLFVExBteZtPZs6yd9wfkMoyXNbmm1t,9305.543811659925,1135127,$1000-$10K
EiXkApdMCEAnM1HtxFLHnAoqN5GMSaKANwBbF3syxUaJ,9305.519196675416,1135128,$1000-$10K
ARvh4kMGEPJkuQfthZjLhe8gJNJ3tjPstjNbHZrAXggM,9305.518983401847,1135129,$1000-$10K
BtagDtN4E6X58tVNFauX3GEvJ2tZiwNBnwCZKjQ48zu,9305.499040290517,1135130,$1000-$10K
2bhZmEdrfogkowxwUbCjVseq9XiYauV5WcnijamXZEsz,9305.44555504009,1135131,$1000-$10K
75ouZUfatAag8yL27utzm7CP5RCJPXfu3kM11CLVhhvF,9305.442053978779,1135132,$1000-$10K
DA7UHB8cXHNBuHGReH2xXpwf8zSbrAR8gwa3hharYgiG,9305.35656173729,1135133,$1000-$10K
ACetE9sSWrUBE2AAQxWwCEra73gR49mqj9u49EA2m2mu,9305.349194987883,1135134,$1000-$10K
BZq2nsNKjCWGCcRWHyA4QRZkGyANr3sH5kejLB3oScnM,9305.33903444397,1135135,$1000-$10K
DWR7P86td4NsawUm4FQUyyTvRSVhDgHF2PLYSHe1u22C,9305.33352873675,1135136,$1000-$10K
G9e4WPckVnDVt2qnYRTUow2GQLf6hZTnQQaeFAHYPBYH,9305.311279510861,1135137,$1000-$10K
FriY3NT3wNLGzhyvVN4CGSsxaykt2cRnSBNnRcfkzafq,9305.309929788604,1135138,$1000-$10K
BvbiKrC6Zk1pu4q6kbo73JhFjgYc8yXrGEczxwK3EWFS,9305.276667823604,1135139,$1000-$10K
7UwUUdgpthj7etSPsK2Qs9pDPCa485fP9i2Da5PjE9ui,9305.26791406605,1135140,$1000-$10K
DvEPYJbH3ZdKXn6AVicivUE1v81aMmQUGht7FDxFpSj8,9305.246507610726,1135141,$1000-$10K
92W1M8PKCYwznXSM1r3y1gqjQhHFAy6EosSBcm4kQCZE,9305.233861864055,1135142,$1000-$10K
FKttdqX3B6ESema3CbSEQUWaHXyAeuUZ1RHfZ2DjB1FX,9305.22996183296,1135143,$1000-$10K
5vwUXY3QvyATxp3kzN2LZM9om2jHqfonXMKYp1R5xLfa,9305.22667751228,1135144,$1000-$10K
BVRFbfsRGCMV8DRNngHTHefdnxs3WrJd2W4WZmgfkBK3,9305.214800974494,1135145,$1000-$10K
NA4NQ83LgQcWdydgnmCphY6RLpQPAzxB5S9Ubqk5NUt,9305.186612368128,1135146,$1000-$10K
GNxhojoHfWYFJY94ZCU69rkNhe6NtAZBdsZYaG2G2z2J,9305.17713489907,1135147,$1000-$10K
2CPmFvupV1Cq5erBXzYcYjFb4c2iPZwRaSNEVoJxJndv,9305.168378094671,1135148,$1000-$10K
HLVDD4GLGKhpFw71xp1aYP4mJYtNSQ844r9z9hxboaKc,9305.152482747271,1135149,$1000-$10K
7H3cHv9QEieMEH48ZqB1NhGCGyXWJM3trg3PHUB1bBFb,9305.14466255424,1135150,$1000-$10K
B3fiLM671LpUG9CwZxteo2KF4vZwTq4V8tGszTLz5xor,9305.141019535187,1135151,$1000-$10K
Arx7yXMNWDDu2hSHmqMCd9iN8e1z9yTouZN2Np13w9pj,9305.140800000001,1135152,$1000-$10K
2cMPW9FVvcYoAEFXN5t3VjCKEcVaGTGDpQWvYMjHvf6q,9305.10946937739,1135153,$1000-$10K
AxtryMGqTxNsYtr3aw4riAqUyrpNJUGCUBqzF1hnE9Dp,9305.0677056566,1135154,$1000-$10K
8EEZ8pWhXEQkgkfYi15AEuHq6df7A6RivDyzaYGyzdne,9305.063101552601,1135155,$1000-$10K
EzjzsHQG9Tt1H8nju1Ftw2cWndvwboeym2vcEnFAnFLw,9305.061227642593,1135156,$1000-$10K
8WX3x7UM7hHjmDFbAFpvXYMDxckYXXdHEkrNM4JdnikU,9305.054188524646,1135157,$1000-$10K
EGgY1e85d7m3dEW5NVhbsyiNtLjDa2HnXHxp6kPefmXE,9305.014461616829,1135158,$1000-$10K
CukXmUSkBGavtsNppvkRzyjfzTY1HmCCLrmc69mnRGAf,9305.010020378611,1135159,$1000-$10K
7XesgUQEWS4TmM7npinbv2dgkd8pdTKYbxYzkr6AiqGX,9304.990632718918,1135160,$1000-$10K
5v2tbURfyZ1Tc2DDNVdwfZaFVNUaHn9C2oNdwG6LJNCk,9304.951556924465,1135161,$1000-$10K
HUZMKUy66U6Mfry1Nzzotdw1x9YsMrdi4Y2HjQSqXi28,9304.93595895888,1135162,$1000-$10K
4wYWCvJe3KkF3P3fBzNLfcnB59zqoMXV583uuWAYRWsk,9304.907448367116,1135163,$1000-$10K
Fi8dMWJz8GaxAiurVheN9UZcP8AqVE9JR43nRDmtUuFd,9304.906493514256,1135164,$1000-$10K
4re26sALPXNTRCGizKYY94j54RqSqSfk52eMUbU4t4jA,9304.903120032477,1135165,$1000-$10K
4nteb2mJnmLs3r5WXLSLJcQPLcyNfyPASKFgztbm5JUe,9304.8977729288,1135166,$1000-$10K
Aqiqps779brzKfz8b86qMQu9SctMZcoys6TLHdKB5ga8,9304.86699772185,1135167,$1000-$10K
5tcxZpZ3CEgR6DTCJdpQnWDbZFqCPe7iJXNwrAfwYCcV,9304.851659926337,1135168,$1000-$10K
C2yUZ7TDwDdfnmXNFpvacMwySZYHJnHtWe9ktKKbrsob,9304.823771103725,1135169,$1000-$10K
CG9XUmfeAgyRBRjy5N54GfLxCiGqUHH3XkSi5P2EjoUD,9304.799272272528,1135170,$1000-$10K
AxYyryN6f3KxrNPYC8g7Wyy9rhqB8gJSMmch9hbeu43q,9304.769098387309,1135171,$1000-$10K
6o26A4PuirCgKp7XMCBTtGJPyC94gHaKScDwfzfRUNeY,9304.74,1135172,$1000-$10K
H7nyvg37jCJTYNieeUtEpLLTcEkecBSsoUmtpMvHW5es,9304.728265185791,1135173,$1000-$10K
FbpWXHvD1S5AbsUqMjLqbgz83XuBckidmgVMTDvioRAY,9304.713422839615,1135174,$1000-$10K
3ZFkZvkXTd5CQKL2RQwNdRsPvZP7jt8pHVeF3b5k5jER,9304.69249560301,1135175,$1000-$10K
2KHYWdfTQVbD8mZzkNMQgxmZxUfUnVMsdKf8g93q7DsA,9304.684968624677,1135176,$1000-$10K
5idgojYoaUi25yn9MBEArxLMpggLpvfHhFCLpDQarbjZ,9304.672215264858,1135177,$1000-$10K
FAHw5rPfE5XD7A1Sqmigno2CRtZN4WH8cGgpG1TWadRB,9304.651887875832,1135178,$1000-$10K
ARhTyJsyvupStKC8RUQmQooczicDwWvXDc1u6Mzmgu4T,9304.601574965609,1135179,$1000-$10K
BZPvSt41c7235qw3RjqRaiwKHq3jPcs59LdnR9kj72qx,9304.601198875389,1135180,$1000-$10K
4jZoXVpA3qWWn9PxcLsKY9smKkurJck7xgeeYL1NtKRN,9304.601065403955,1135181,$1000-$10K
2VnLQ8QU9iTAqptLM2U65Aq2giFqZrUF7hBbDWkqFvZH,9304.590905997293,1135182,$1000-$10K
EMQeTRAwocdSWLLWYvScqfYi1q6L72huCFYRUFSKUECb,9304.580935990687,1135183,$1000-$10K
3xRt5jMjkfq8XEgpfzX4sP9o4mGms57JjjPtucuC8Pyc,9304.57341247715,1135184,$1000-$10K
37pyHd92uej3hqhvD3ZNSih3bYfeZR4nLxAqxmZ5ymNr,9304.544074323423,1135185,$1000-$10K
51iBJNDemSfFX9ZZnvYByxFyqxYrBUkTVh1g9HUiZQ51,9304.541496114907,1135186,$1000-$10K
zuUqgyscK4rdZE8vUFodWfej31LqLcTG31iZNi7ghYV,9304.530811737157,1135187,$1000-$10K
APaxnwCASaaxuPbxj719hGYmxwxShukuAcwyyjDg6fwL,9304.53075570558,1135188,$1000-$10K
24u4qM4Zgp35yAipFBF9QjdBWFKMe7icFMVXf8wp2Nar,9304.513757125394,1135189,$1000-$10K
EeRKFgd1N1Hus7zx9fAa81wDC3yGGi7crMHB3Pje1Arb,9304.498094277174,1135190,$1000-$10K
382NamW26QSGJWQ68jJqi9ozTWJpT1LcSbh9Tvz6vvhx,9304.4869747777,1135191,$1000-$10K
58G5Nz73gRbL7yR4EBfsBHwJTmaurSByDBgzMCDdoF8H,9304.460507290974,1135192,$1000-$10K
FiSmz1attcsBRari6gpU6BCRbdHdJTnv9ddYsgLzbd8K,9304.417158944865,1135193,$1000-$10K
4UnsxECqpNDp7x8zH7PsvnyFimsSubLu8xiLUBVhnW9g,9304.39159733306,1135194,$1000-$10K
BxhobzRDz3T3T86JUHb2xQP39atZeV6uvBtC3yWDCSZt,9304.388767929498,1135195,$1000-$10K
25chyViMMdSSjmvFjDjUq9WLFoAKtbRFsD5LvUPV1JZf,9304.38511704085,1135196,$1000-$10K
EUP5SJygop5YFszui4YE8RXQ4MFsrDrxreX4QPLZ6gpB,9304.358928129846,1135197,$1000-$10K
2dKBsGwaVcV5Bcq49nkLHyFXNNYttFF2SkDA1KH3STy1,9304.335647474669,1135198,$1000-$10K
CSarPdyq8f2jhqh9SEBzPZM8sqLaZoWyjySuQdr6TowW,9304.32510243745,1135199,$1000-$10K
7QQEoT1ikV2juzSJr9Q7oS7wXXjFaA2MeU1arfuSA9oJ,9304.30970664869,1135200,$1000-$10K
GrVFhaTPDD55CthUYVwP1zTUZcMhK4At9xaPhsfJbzhw,9304.280424038003,1135201,$1000-$10K
Dj1tDAdyarPYSsrVBY3jBN3o4pGEX5JeqNCtCH2dWA6i,9304.27716814135,1135202,$1000-$10K
61Z7Dkijn9FLc7xfSyfUgUKcZtfq9knf9Ui45u535pXe,9304.26236854218,1135203,$1000-$10K
2vDMTpMxCS2KVR3EQhXzpQwBe3zbWYLKx9S8kRgVNYaE,9304.232664024437,1135204,$1000-$10K
3kYLHbVGDWXcaAZjh8EbJLvPm49r7QiUPK6S5QKP5VK8,9304.226669542735,1135205,$1000-$10K
2WEXKqwzmH21oi7ZxHaTBnQ1fF77BPMPMT2X7rFQBCMg,9304.216974674047,1135206,$1000-$10K
2fsg3ktHhbMNmgX4nTADyuamGWZv4qUmhDt3gLMG5Ehu,9304.210842138065,1135207,$1000-$10K
3uYiG9oCisFBYJJ3Mpt5ib5DiARqHWxmAcACwJz2m8U9,9304.19372821329,1135208,$1000-$10K
HToPbfh7unqDfWE3XCCsBR7R86Std9ajLpp3qztfdeQR,9304.193062149016,1135209,$1000-$10K
49dex5G6rBpqu49DDtmKvXyzw5ActiJTnDCdPpW9JQAY,9304.173975883352,1135210,$1000-$10K
Gom2Pk3JFvgqAgbUF2wrrXecbab1GpBrmdUDQuPHyLWN,9304.166828583497,1135211,$1000-$10K
CLdhKf7suxbhxRx7y2AWe8xGVRf2RPGqjKMz1xhgyfYx,9304.163199832561,1135212,$1000-$10K
D9DmkFAKitEzfkaAAroByPbycqyYyqsJqzBmQYsaZRBs,9304.136885268388,1135213,$1000-$10K
9UkeJhqK84PgZmjkSGUZaXHK8f3zwnxa2oMNHtYn3cJy,9304.091347821588,1135214,$1000-$10K
6z7N3Dfv36RhYonwzeSmiT3i6oaWfD2Kui5FudAjTx8C,9304.047681334934,1135215,$1000-$10K
EDPtVRWrAZmChhdyuGgrZzcMBFhWs3WQVQLBC8PXXjqY,9304.025564678352,1135216,$1000-$10K
HbHKSnDsDX71b3HcTBdUDdet17Ap89Q9H9MovMkDQj4P,9304.018340237646,1135217,$1000-$10K
6pDGg21bYF7eRAohYvMCxWHw5cNLBdS8FFENNWctr375,9304.002528674153,1135218,$1000-$10K
6CzifWA7yFYXxeDqhByssexQCjrVvWnyesXSjKy1UN8H,9303.978059687399,1135219,$1000-$10K
8B6UnkLhjkhQH5eoqQcC3zUQsjocdjTpGcwURmxMNGHz,9303.969602416819,1135220,$1000-$10K
5EZVAwcfBpYnjKitaKrPuHozUVgctJUzkYeKV6D59BvW,9303.953906864761,1135221,$1000-$10K
Fz7nawYZ3c75yuSBhoea8d5RCb6bMXmRugoGbojKY3S1,9303.932757836235,1135222,$1000-$10K
4Q8qMuK7rtNRZcKxb4CANrVahFJR4P9JtCLrNR2ynv8S,9303.88196199932,1135223,$1000-$10K
FbZf4zcBxShXcbVUgr7xgKhJipDFETQDGvCaoLg4gNu3,9303.865058177915,1135224,$1000-$10K
2qySdjNTw3of696mFAn63GargP8PHQb6AYR59L43xf3c,9303.794849943977,1135225,$1000-$10K
cBNeiNzvN9JxJQ8GmVrQq77KdWeQYbi6a8Th9uftBYe,9303.781847660368,1135226,$1000-$10K
JDeoUBpeDiL29iELgrhPQaTZQHciJAW9RfcpDJEwg3m2,9303.779654442389,1135227,$1000-$10K
DY16H3u7gES2A4jdxfpzk6exBLdeQYcs7QfsShzpUoCW,9303.778379246414,1135228,$1000-$10K
575KVuqTQvsFjqUQ3a1eMbrNjcTyFtn7Y3yqSPHM2Nju,9303.751110861873,1135229,$1000-$10K
GegLn2TZ5q8M3HEoPtoSCQyjQnwQVW1E9GV5mLmwTeCg,9303.750345991519,1135230,$1000-$10K
DMNMjPf6fd45xBvmGsvthtgXzcvUGpMLQStD9cGAmzNd,9303.742683672166,1135231,$1000-$10K
5XnbY1CV62RSbZ4PkfE3o1oTDG5LDYBiNm6ov3gcJnsq,9303.73868347656,1135232,$1000-$10K
BunvwF8ivuAVX2HR3mGrSoiuTkA2UVuMrdAViQ3P7L5e,9303.736084333961,1135233,$1000-$10K
H4MS2eHwWYtTVn88Ex47D6wuYD64kDM2fLNTR7Qdc4zh,9303.724251005173,1135234,$1000-$10K
9syRuppUCFM2XvDCFUJAUrbm3xYUpZU2fqvkPrpMc5CM,9303.711369778233,1135235,$1000-$10K
9vErN5ShuXThWbv79bME7mKVw2pprbru5VDXq4eHF6dq,9303.70502980094,1135236,$1000-$10K
4tCHAuBCwbM7wBUBuxxNRBc3JzfwLJ8EVkFR6GuJdrtn,9303.70318298701,1135237,$1000-$10K
DJiN4ke2nr1JjgWH6RV47GQGA67Z8tLKmAKVWafPqt9c,9303.696399019691,1135238,$1000-$10K
CwZgRJbJaRJrYQUqP5TXo93HzhMeigVoQZh1TduhuDGG,9303.68390395598,1135239,$1000-$10K
Fc3aR9Vam1jUrhDrUo6tVPpSAkjhN8Gf8Kx9fEhusFbr,9303.612937742038,1135240,$1000-$10K
98t4JrC4bX17NTadJJBUTuxsGmg2M9JKvGemATZpa8rK,9303.612595817,1135241,$1000-$10K
6HLsW1Xci2U9BVAVUodgYJkNPr6Mq4QELYDQGSz7kJnP,9303.590560475921,1135242,$1000-$10K
8DoWYtY3L7JPLEaBXXUtYodNSQDDabeKhQR8Crdp3C2R,9303.571970054709,1135243,$1000-$10K
EtSMky8htP5ofnjMBwBTT1pSAXjdYWXsRC2hx4BwvoDA,9303.571151888402,1135244,$1000-$10K
AQSco4b5XUG15c4xXxBCRSeeTWRuUd8ppfpR3G1uvdaT,9303.559290746703,1135245,$1000-$10K
3kn6CuQAdw17jJs63Va8YgPs3XoyaND6KcsY2hqVPUyR,9303.558985166774,1135246,$1000-$10K
2gxHcsnAoyo9hMoZx3tjccauRWaQfXCq2Z6DkAv3779g,9303.538888011786,1135247,$1000-$10K
2Kgsfwe2xPPg3AqtENYFo34Mnj84JruBY9Y5wLgPv69F,9303.516525715118,1135248,$1000-$10K
6NQgQG842TEUvg59cFTBmByY9t9LEpWsRYq13CBGVyMo,9303.485029133019,1135249,$1000-$10K
PcRk6QfRb4SVuyhDzNSuTKTcVoDHJZpvWoc3GrJnCpS,9303.457840581992,1135250,$1000-$10K
AD6PXWLV4fsHxx78EWZFXf18nLQsjQ2kXpYmapHZEqZx,9303.452314639528,1135251,$1000-$10K
FCJLkNy8DYRhdwgVgQPw2Vyb2KAiz52enfj7e6HthKNt,9303.434717100823,1135252,$1000-$10K
9XrcHQD58bn1vyxoGdPPYEUdARNXepss3W1aCB2py4ao,9303.426911286682,1135253,$1000-$10K
7FrRpFQUr1s1t2DQ9BJdNQJkA2EGG5HAjobH6h7yS8Na,9303.363550431644,1135254,$1000-$10K
FdNPAf6yf1abFVr7CV7LCfwhRCoh7DG2j7RoUEDEgrg8,9303.362130452373,1135255,$1000-$10K
Ggv9HwrhBeX9quyWzZk5fyhWVkPFzyrBcSKg7VxZ9VNz,9303.341135670806,1135256,$1000-$10K
AJwSXwxy8Tcq4bVg2XZ8qq18yXpEizgRQPy3oNTn8jPk,9303.334018267535,1135257,$1000-$10K
7tYeiFyU8FB6qbsQ8R6XQYgZFC5Hwh4KoHQ2GX414rRj,9303.322566808165,1135258,$1000-$10K
ydsbHVwz2RHZwWPMjGpS91nCn9twwxcwPZkL15ovdSr,9303.316518971193,1135259,$1000-$10K
Cn6wGWUgW6iQBvmRd8F7gnNTZCW8cp1J37sAufJBeAGA,9303.271789176146,1135260,$1000-$10K
3VH4SZqAf4R3G1qK6CFTheLCJx8RHjoCec89KHMCtjjB,9303.231436279999,1135261,$1000-$10K
G5U3Sc8wmuvGQd58CxykoLrVZom1EUEjuRBHo1vaxqgE,9303.213562735062,1135262,$1000-$10K
5SLoMCtba7C8BK69ubNReaWwga4ncG5BqgBgr3Hpcx7p,9303.198610114625,1135263,$1000-$10K
8tPVyRhY1cFsYbCWmDA7dtjrEQgHWKzgtFq8RMxbkr4x,9303.183548992747,1135264,$1000-$10K
4AiQ4zuBFZxmzS1Fi9TDjj9V856uo2XZDTbRVK7Koc76,9303.181454944746,1135265,$1000-$10K
CVqCGXXJxesBnExwmMsqzDpho7jQnRiQryepcdgbAUNp,9303.1565226456,1135266,$1000-$10K
2yApv13siNUjNxFK4tfziS2WiUMTX9V2Vz1g7BHZn8LG,9303.156449390235,1135267,$1000-$10K
CBVdwcdDoQQponF8uKmN7dJFrzo63vvNWzm9iXhzC6XM,9303.142905979374,1135268,$1000-$10K
AHfuJzqDGzg4fdDooNpagEJK5rUJqv4KHkSYapdFr8qC,9303.142005009797,1135269,$1000-$10K
4xyXK3i2hbvAKcn56roLRHanwzo6vyqSZWxkiYwwXcEz,9303.12795841989,1135270,$1000-$10K
Di363Tr7AZqPJS8sGryAuEDB83TuiRchs9vLeFvWJf2Y,9303.09126964423,1135271,$1000-$10K
4rNqNjDVBpauWCT2q311tCcS1C1WDpSMaTtuuxMnBjni,9303.088157962022,1135272,$1000-$10K
ENyHzKYdN45bwogwq9S2uJFs3aYTVA9KNYy5o81uYVPb,9303.069507544067,1135273,$1000-$10K
9RF7BT9dniwMYtuDAvrEvobUnVQkN1fGEoHYEevr29Li,9302.990385460196,1135274,$1000-$10K
B5TtfCyEqnixqvBzFUac26vpx59iZdZqHdXu7acMgDGR,9302.977551519201,1135275,$1000-$10K
7ACPtuAguhLXKiRVuNcbL9WJK2m5G6GisxYZiiwAGfjW,9302.975835466052,1135276,$1000-$10K
7veCvCijjk6X9viGr6UWrzfv4yQgGrZEs7MzDdsT7AbJ,9302.959118686369,1135277,$1000-$10K
8hVuURDnx5vN8BH3HVcFdHy7cHkKvkMMjKwo7UpgTP46,9302.952673442118,1135278,$1000-$10K
F9pXnvpnP6arGDzXDBoY67N3bEvMQqi6gxBtB5mVm3rY,9302.920556754478,1135279,$1000-$10K
mzLvzxFGVKCYAmYaEMMgyJiBMj6a4KmQnU8uKxuwokf,9302.91266639551,1135280,$1000-$10K
7B6V9YUqzGQVAzdfGZxCT73c3LXEfn9oukqrmV4gp8CV,9302.882005208734,1135281,$1000-$10K
HrXBCJ9uz56qgWAaFDrdP3BYMbpQtfqg233C7b3dRQn5,9302.873671517464,1135282,$1000-$10K
Em7uRXdcEUrF2kUkX9PPtHeszi8yzBiRsAoDC2Tny26x,9302.85741425752,1135283,$1000-$10K
2hnGvSkTiqhGaMEANnBKgvEfVcFETABM5Xhb4YcqzNxS,9302.840797731405,1135284,$1000-$10K
CM5XQYGZgY23BaPxNdNxuwVoq1DYXXhST3yL542DdjbK,9302.82877694059,1135285,$1000-$10K
2hgWDm5Wt65CmVfP73chuMDyWAXzfH6p75yvBbxhicbU,9302.828072349534,1135286,$1000-$10K
EMa9z5HVWnd3DDdj7aGRcZJhD5QtzsScTwDENqcUFjnF,9302.80922536816,1135287,$1000-$10K
AfuqKoCrshUAo1XxFdVJd4m9bY3eReVjnmuUv9WatKXe,9302.80241112842,1135288,$1000-$10K
DSZT7ja6jP8cDRodE5W9ei9sKKqDGScfqyT3Zp2Thyn,9302.801082444665,1135289,$1000-$10K
2q3iUhwsGX1utnfkm7eNncm6wMAqZG53pSiTtyCdGVBj,9302.798431036614,1135290,$1000-$10K
778UFEWkdSW1LE2V4knKLLvmrsVuBQqTc5hBjc21gDW4,9302.78203693574,1135291,$1000-$10K
23CkeH66t8ZYUTqHJni7bSf7WNTE7JTs7jYtxrxPpdAg,9302.777412759717,1135292,$1000-$10K
Bp8UdB4yEQLao9i6H5m2ocqUR9ugk3jufe1TSFy3jDF2,9302.776381724161,1135293,$1000-$10K
6SWDcrqLyeYBp4ovcHY97Kf7dwAHuXt17faYBd1mLaVx,9302.738109915372,1135294,$1000-$10K
DgDVp37NRMbQK8ESsqsXBYctZhRHZh5bQmSRKD4YFXCL,9302.731528456803,1135295,$1000-$10K
ngcp2A3cmkkmXybABeupqfTBBah7rC3Xm5BxzmvYSYq,9302.717117755643,1135296,$1000-$10K
3nJ8Exe9LMfdaSz2nqsibxFJmkD1KMQT87XupS5cDW5o,9302.708700723171,1135297,$1000-$10K
AGDaR1s6k3Mn9hJBWgtdxPQqckT65ZCMrnkVtqwBvRGM,9302.70519127317,1135298,$1000-$10K
DTRJThMcim9UCqehjQxrwX4MnmdbLgAHrhAb1hXzcjXb,9302.700844849469,1135299,$1000-$10K
5mf2skxD5nLoLj1rPn67nByg9rdkchUqcdCZ2vpG3R6p,9302.696238782335,1135300,$1000-$10K
HGYXEW4ehcwWYRNUPdYDbwfTh6Swp8pxGbJhofhiJ2dh,9302.690530338188,1135301,$1000-$10K
58n2D1qHKbn42BVFQ2wXgeuaLNjzwky9zESj12EfZE4f,9302.675560408336,1135302,$1000-$10K
96RwmdhaGG119oDNEriKjNbLeTyUdGo4QHgh8CsrjzbH,9302.633837802448,1135303,$1000-$10K
3g8anACrTcumkjNJyZFXfs6PEYCUC7p73eWKNwprdU5r,9302.622736554464,1135304,$1000-$10K
9nQ9AHghtUZy7siSdrqGcWtsrgTayPMARfCti41gtRLS,9302.612583122942,1135305,$1000-$10K
GQnoedFtqfajYgaCFeSRrLeZJtGtVFBbmxFz1pfJMMx,9302.609018364048,1135306,$1000-$10K
EUp1WWYUJ1xNS7538XExn7yczHhd3BjCNJgErSmsph8g,9302.608484941939,1135307,$1000-$10K
35VQzxUPh5VCATWZuuisPBZkVG2Jy9TrGvLtqPuzjMfY,9302.605558226627,1135308,$1000-$10K
HAKRRH3Wv2Hfg9oJ56AdR7WJvtMFxeEiSUAkPQAvdSnm,9302.548215652472,1135309,$1000-$10K
EQyYyjcooDAbSwgKbv7RqMURyCr8YTE5Wny3w6hcb36G,9302.508127154453,1135310,$1000-$10K
26B19MtED6TNXd6tJrDB3oBNdGkPHxRb7K2JD73keKTc,9302.495366145647,1135311,$1000-$10K
4rtP1FHQyVeZNtKH5UFvozodNjt8k8oGGSwDZMd92w2y,9302.45234846669,1135312,$1000-$10K
EXCbsKZkUixGffZPubpaXRXH2VPDj3VEk2CLEAJw3Pz3,9302.44082693257,1135313,$1000-$10K
7aTi9BSeT2p29woUJpPjm8S4w9zBdsDHhWwQ2BHd2xPV,9302.434662165308,1135314,$1000-$10K
nW6qdZjq4KGRXj3fyhJs9CeAWp9Z9ADtBx5CJZLT5uG,9302.417325447643,1135315,$1000-$10K
CeDPmd5e6JgQQsHi8pYNZ1ZvZkkShGYnUebt4bQYRdtm,9302.38346232417,1135316,$1000-$10K
J6sXqVkWoVQLHt6nAG1xAzuPBKcXnUiEupFY7FJTAcaH,9302.368705703295,1135317,$1000-$10K
FrzJUboH3n2DmEkHvmhDG5dCViQAUhVVjzWiGiVCtHMd,9302.341084975209,1135318,$1000-$10K
7GCW8696tPW9hAjLL2fuLLCspbuCwUPiDaRop8ASkKb,9302.322129441623,1135319,$1000-$10K
Eni6VpEFACfZjebLsnoVJJHxyANsVdVCtQoM2azNi23a,9302.32002153112,1135320,$1000-$10K
J9pgpH4cFuPNP1goJ9K5mdJ6jDvD3eWjf2he7odgtGKu,9302.317738734291,1135321,$1000-$10K
GsApFBmrymWFu35rqDUmd18VwgUwYjMtDxSk1EEkvCF,9302.316645048986,1135322,$1000-$10K
4xz8tWXErQzDQWeEgSC7C6HoCB5MQokQsuVvkW7LRfFk,9302.27062317631,1135323,$1000-$10K
8RdXzNkWmtoh8e7zY6wyox56pzP6bb7ccrfYMLm4gEYQ,9302.258846705481,1135324,$1000-$10K
BDXAXG2NGitHKWdvMfuLmozSk9P38wFaUukhew89YWvN,9302.251493756568,1135325,$1000-$10K
2WnoVs5ajqkCmDnvuDohXwPwicrqtHoEXqAssswTUwLc,9302.241235248326,1135326,$1000-$10K
12vjZ6GyTRdzdagmWGF1vUjpLS7mXbE3UmnTWMRc9wrV,9302.237889276392,1135327,$1000-$10K
EkofW7VxnKuG2BqgFwnQW8EwRLuNo9d2c9AbC93yLsrP,9302.21517772045,1135328,$1000-$10K
38Hn1RNNc7KJz7s91nC7S4Qyh8J8WJVjN9sjErYfVcrv,9302.211182575378,1135329,$1000-$10K
BLZqqHvyuDqq9yms2Kqhii939NXNqtWyZyjZARtXybRS,9302.195325224342,1135330,$1000-$10K
8qVSnn8HSj5kAc9xHUaXsMwmXYeXDzUjQhEk8wvVwaAp,9302.185623767955,1135331,$1000-$10K
J7PqRhTWnzqpESYowbiAH4EbRoARi3LQrHWNBjALz5XY,9302.180753143806,1135332,$1000-$10K
69h9gi4RF4JTsHtTL9GjcUohvCW4wmFq2QnXG9RMnsUW,9302.16938734279,1135333,$1000-$10K
B3sc9itenNbhmD82QCEzEMDNzoaTGmhNEeV99yEoEtij,9302.163748508458,1135334,$1000-$10K
34ceHDwiNf4kV1ixqnYMSxT5hN81yBypekNZs93Q9ZTs,9302.160139762254,1135335,$1000-$10K
A25iQT39EdUJoXFX5nKVoEv5bufgDQtdDotFeCSMZSss,9302.155650237171,1135336,$1000-$10K
CtjRr4azeArYGfE29fGAV2VUmctJRraiP3tMLkj4GWii,9302.145672256054,1135337,$1000-$10K
4qWNQmzUGEQsZ9PGThjgRvcqRfvx69YVsiXrBccfTy7n,9302.13753682979,1135338,$1000-$10K
5QcyAp5eeAciqG3uUeQopEWPcffhDEYrE7jpXK1gijTM,9302.12186484374,1135339,$1000-$10K
G4f9vqo4HRQ6fGg1ii5NxJ3iUgMkscbsWNPQhmoXyesG,9302.104391303134,1135340,$1000-$10K
AX7hDUFG65hocUzY2E4MKH8PtnBjZcRoFqUVAyuWnvZ,9302.09809901865,1135341,$1000-$10K
8LZGNsi3jB26hBE55iuSpVSigS9CRZLKyfphyPAKyFLd,9302.096915082191,1135342,$1000-$10K
793GfTKReYqc6SD21u5ypPkc9gnzv42CRosGzTA6RpSR,9302.066769855815,1135343,$1000-$10K
3U7fXiYxh8QKd8NA5deSqJCot67CEv61mcyNJ8teRwsq,9302.053479490069,1135344,$1000-$10K
9f3Vr6sEXSdoFVBB5r1cCnQUU6dChMmUxPjGveeV4BBm,9302.0457345263,1135345,$1000-$10K
FW5GBZ1z3Z75cAW4ewz3TWEzYeoyJBf2N5KZxhPVfyXr,9302.04074179418,1135346,$1000-$10K
CvErEfgNa9xWaCKheEXJJYBSWxgCLSHnHpjYsF2N62py,9302.0397635197,1135347,$1000-$10K
2bCUJxGqjtyo8jZ93sEVtXGkMCknFtY1etZRRj5stT9o,9302.010471193546,1135348,$1000-$10K
8ckwWB1VzuYN8DzVB2F2idWcS9X8HWa88fZBEGpxKziA,9302.005058670951,1135349,$1000-$10K
5HY94gLf2ZzREXDPGfwSbK5xiMupBSVN1nN7uc7xry4N,9301.974295184109,1135350,$1000-$10K
J4zphMh69YwDXGiRvCNowp6Tm1AKfCS3uf5B6GeiUVRY,9301.962098542846,1135351,$1000-$10K
3xzekAR1Q6rGrCsJ9qz5HczyoUVD91y9VVujuYCBLUsU,9301.94179738531,1135352,$1000-$10K
4Tf76D8auJUAujfUbJ1Mx1H1vg8apHutuExZdUP8jGgA,9301.92786753356,1135353,$1000-$10K
3FmjvsNqkDyfQvnaWGLXx96RiNQeQQp2HV9ECDFBBrj4,9301.92704103191,1135354,$1000-$10K
AVkHWzzS4Re8Ywncwa4oFMsspshbtg3Kzt73C7jUayVi,9301.921040478672,1135355,$1000-$10K
2HjAqoocRZx3qxCLZFpSErcc7fYtCiA4JW5z55FvMmkJ,9301.917870143527,1135356,$1000-$10K
9X6231dNnmxu86vN4DfdQhyNTzUefTGC91ChWbz6yCkZ,9301.908312869231,1135357,$1000-$10K
88TUvG9ojpLNwXr31f4mKzmfYGNH71sRPEqnPRbi7NcK,9301.878986389744,1135358,$1000-$10K
9uR3An9v1aqnYQjNVSxkuigSzTKHNdL2x1Bip9mjpWvA,9301.85937431932,1135359,$1000-$10K
6DsgN4hbf9Aa11ieoLeiy1uKPEnWzhhzQ4qFhUEwsRfw,9301.855722566956,1135360,$1000-$10K
B5TNBchmk96ysuTNUatkr2XcWgLQoGiJV7AS5W7tzZan,9301.8508698207,1135361,$1000-$10K
8gARaPb8Q255b4EhFcgXhvh83QpBtqjfvkT1sLhBSKZi,9301.84930381543,1135362,$1000-$10K
8SbbfcRa5ZPDgd86TvNDPrbAcCUTgu76Ri8xRAdmrfUv,9301.804912887874,1135363,$1000-$10K
CGdMiz1Tb7F9ekxcYqEhzxQDe52kZmSUWTGJbjPSLvPZ,9301.788270095394,1135364,$1000-$10K
ATen1YDh4QnQQV41p72vkMuyP9caJPzQuPmB747VPqrD,9301.787199939563,1135365,$1000-$10K
E4aJh4sQhaC8BzA5dgHiyqw5b7jDvhBcz5MSnSS6eHwX,9301.77648846258,1135366,$1000-$10K
DxgMpgtEb2D33HQL3WykPVV5oAZTa8CSVqvpFudFqnG8,9301.774483800014,1135367,$1000-$10K
3gTMS9DD1DiyJt7v6Rc3ST4w896EBfH4aFcNRbmrygif,9301.733941598251,1135368,$1000-$10K
QPGdMCQ7TktVdSvHMY6Cm2edFQBUtKaNiYDjJaJ78x5,9301.733627705631,1135369,$1000-$10K
3B3eiNe99uE7FsvGXdtkXcFN931SRn1z9GtNWw6r8N9M,9301.699145807828,1135370,$1000-$10K
5SjKZQkCyW8rb6J748U6L2DH4VPN8ZuFp1YPs8dNiyu6,9301.69879624102,1135371,$1000-$10K
7bfakAE9EQ4fc3jAJyX9rUkvKmmZHjZDBfYeLhQNN4Wv,9301.693528700123,1135372,$1000-$10K
6qcwpCAT3mBrGGDHbh8GgWVcubtrv1qK6kyJH9MjaUL9,9301.686364963589,1135373,$1000-$10K
4NxB2rYeeRzGrv2Jj7ijmurH78k7qGoi5gZu6meN4Qbp,9301.67613907911,1135374,$1000-$10K
Eg7bpVw3wdR5yYxrDsYZ9d42rEXjDXdDPnhB5VmjQFje,9301.646172511479,1135375,$1000-$10K
4CNTcyNcLEVpkKY1Tw8hhnPgamcWtUh9sPJwLBJ47aKr,9301.641886826781,1135376,$1000-$10K
C5Qq38tsoaQfkmmFzgXmcnispHDP8pBJz14FkXC4iFe1,9301.631382804457,1135377,$1000-$10K
4HVGiLwB7tV5q6WHmiCzPBuv87CJ1GFp9JABPWm6uDKv,9301.63009607836,1135378,$1000-$10K
ALYBPzexYsnyJXA21ZR1ZBTmZqjkFD3p5nXCG2wgDHWx,9301.612059423971,1135379,$1000-$10K
BQDRXpXzcBfX3R2FDLmcJqtgfJa4tiEbyjusMJ3Tg3SB,9301.59047555939,1135380,$1000-$10K
7AsWJZQyL42iPzMrXNhL1QQCsnHGC5LAtt9k8etya7PL,9301.578834591157,1135381,$1000-$10K
DTnHEmb5zUYG53YpEwbzQq9UUmZhM1ecy8ciXzaimonZ,9301.567236864505,1135382,$1000-$10K
5sfbBPKgTDhqc664k3e93pbcfKn7KZhjLcmgrDLLga5b,9301.564494166441,1135383,$1000-$10K
GArKL78stXut91QGZB6TBCYudNv4w6z8wmFZhxQMsQnW,9301.534920574039,1135384,$1000-$10K
FDChqJDbKSfUNNTMH7mbhHperJWLwZ9MBYEjyM3FaQpa,9301.529807137269,1135385,$1000-$10K
6obFuBgmPhoaASvT1BQzfDCChTcGuUor2JPqYma5BQvE,9301.514586266576,1135386,$1000-$10K
HbEBsVKhniJ1kiy9NyQEgTuCR5k94yU7u2MPHWZxZKUh,9301.503954366426,1135387,$1000-$10K
ELCSdpXNXVtj9gXe6heCL5WBH85jczkbWZGfkWyDmPwH,9301.48128719949,1135388,$1000-$10K
7daqykyEuw5zLhoUduNWCfBffLAdCXkEAXRvB8mAUeBK,9301.47970055563,1135389,$1000-$10K
Grqs9H2zqUEgrDntaueawb15piUKRJAMxs5RRFGJ8RQe,9301.466099495872,1135390,$1000-$10K
GrUK8ALtJ2RyfZyqGRTy8sHz6KrZ4bins5HzK4gqqiXH,9301.438267820242,1135391,$1000-$10K
Da6murmEduAvq1Y6wkqJtUMWCv1xbpXbrr8saQoHU7tj,9301.386576353325,1135392,$1000-$10K
EFazgd2sVnMDyDU5fueFXtjAoYCXcgMnCiaQQMQKmrto,9301.34551495374,1135393,$1000-$10K
A1WH6UezCyVPyyPX5bhoTERvCdyF14SfpC4wBHJAi1ko,9301.318893359043,1135394,$1000-$10K
SuRFVZVyzeSpweAsPJ7mxT8emg58FsvS9wAsJ9dVj49,9301.309340823042,1135395,$1000-$10K
7PAfd5h3agSJtytzZ45PzEWFaLAM4rCNLiHvtjk2VQad,9301.258844078018,1135396,$1000-$10K
HV122mDbPqJMkKykunAE2CGY86yWS2m8WNzDNj3M7v8F,9301.236599308884,1135397,$1000-$10K
7DmcBesYy5XqFCrYXksFeF5473qHR675dhDb91MgjmWV,9301.221577334933,1135398,$1000-$10K
BZQ2mrt1PTYFcL9sNtKyLsnEP1b3qiyhH7J9d46V4UwF,9301.21759509004,1135399,$1000-$10K
2xMa3HbpaVoDVhyUGg6pBCh2Tmb6wLY5KYnTogmRCCSc,9301.207891543601,1135400,$1000-$10K
6j66s3iou17PEBEx7MetB2PvAbEXY7HoND3Bi8Tav7LH,9301.197152456585,1135401,$1000-$10K
7hfFiokSRE1aG58LgdkPawWqsBYuwEEaRsGETmezCrt,9301.167936531998,1135402,$1000-$10K
i7SemE21mELq631tfEuFTtErj5FSYPeN2jubj11SmXU,9301.16541550979,1135403,$1000-$10K
CBAAUCvpRt4QNk1HpGyV2W5h2DicGXJ7357AaNQMHTJN,9301.13669700855,1135404,$1000-$10K
CkvqkxGFRYwmJYmCeGX3jv42TLZbq9Jg8ooVDTxvKXgP,9301.123304467765,1135405,$1000-$10K
4otACyekPya2QdXY94brCW9Dyv6poZUgMpckgsEYYczR,9301.12084559308,1135406,$1000-$10K
GCF1jX7zsUAoqgbY9o9e8qxtoMumSCXLXbSpzEws9vva,9301.117888918961,1135407,$1000-$10K
2S4F5rnQ3rC6KLxEw6vg3QLxqDCVNcRJtfWgtsb8mE4D,9301.11228427939,1135408,$1000-$10K
A5ZCiBibxdGL1oUrgKi1by6q4jc6HroEPR2xmrSLxeqg,9301.102261784565,1135409,$1000-$10K
Y75cRrhJTdML43SP5SLs29MNVNGpkMZJBGtySmJoK4U,9301.101766926755,1135410,$1000-$10K
2ERkdyMqv8kKp3ajorQ8R4Sb6beeH9wFX2hHQbcXtTzo,9301.091629272118,1135411,$1000-$10K
DMxV89zFBLBX2DtYpzM9MKTyE88XrDp9NdfSGQAoTdBK,9301.088951707377,1135412,$1000-$10K
3siGycgXmBd3cHH1zxKcDGfShs3WFhbbTBFkZm8XK3Xs,9301.088243863653,1135413,$1000-$10K
GSUTs7enxUXaN4FgtKXhEg9KLG5851epVLVBTezybCH6,9301.079190412382,1135414,$1000-$10K
E8Qa72Q8jxAJSmrrznbtSUyDx68tDfrvo9dkftKUChTK,9301.072964259978,1135415,$1000-$10K
8GzE3v4ofXcTJcNpatHtS6sZtaDX74fRDAuzJ8YwLx6K,9301.055842804668,1135416,$1000-$10K
t8RD9qNvhs72tzdZwyD7CsURhyrGMv6CkmcCsXaubK6,9301.040299611072,1135417,$1000-$10K
CaVH3DUpXGPzt7f9F32HdRPopheNP5jpjAoH9SLbHx9,9301.011616679125,1135418,$1000-$10K
5HmaUKodxVSqKNzboehJPbdCUoaYX8roEbcCHC98tWA6,9300.9957580144,1135419,$1000-$10K
5nsk5krbo8SbNEK54g87ErRZBWirwtfDpnaoqUone64w,9300.935207287528,1135420,$1000-$10K
5xUPAQ2zF7TrXYHkcoojeXesdRgRSmJFXX6pce27Ftan,9300.912714598677,1135421,$1000-$10K
4xYAwFgZA32gfDPz4X3h7iRns1wKRzqeocFdCVJ2pnXu,9300.910391352167,1135422,$1000-$10K
4vCKhkMZUejHDknrutRA7XHgh31H8Uma58m1nRx43vpM,9300.90374492612,1135423,$1000-$10K
JAZQjePtFrUFZeDUr1k59fsPvCQ3hRCs6ySFspTYfcHi,9300.886073944774,1135424,$1000-$10K
9nrsXDhZTQUiQGdeP4wveBpiuw6vfj94PQfvo6XZM9ea,9300.85321972689,1135425,$1000-$10K
2QMYUDnzTmcWckCTnosY4opiPdUZ86v2zKAQn76sxE3u,9300.852351038408,1135426,$1000-$10K
Dy5vBXWWEqvUSCG7NmPxhbouyfTX38q7NSBssxMJHk19,9300.82,1135427,$1000-$10K
4S622uDF68njkjVRueWzJQtQXZ1RyU8SJQLuq2fHiZu2,9300.7946064053,1135428,$1000-$10K
jM3BG7bxQAdmPc3jBfMFnJWH8eTum8K9dLPLveJvz4X,9300.787781976624,1135429,$1000-$10K
7zmbmfXZH3M6hTA6nHnH1UJGrzfDHkNqvxAtncMe6AZ4,9300.78229716871,1135430,$1000-$10K
unnZnfQZLQFfuX5egui9sKnQywDZnp7orta3UmbrcqG,9300.781769770145,1135431,$1000-$10K
37QZxRCq1nmaw957611MB9Uh5NZXy47ERPKyYsUfQmYx,9300.77017824059,1135432,$1000-$10K
9LD6UozAT1AH8U1KubU75RcYkqa7kYM4S9xXHLrwiQef,9300.765390172228,1135433,$1000-$10K
DaZ8K6h7R8KbQG9FBHAzyt8yTkzWrTguesTS1qFaaK5F,9300.759843678527,1135434,$1000-$10K
4J7tnv9gnUKRn1eiuVsbe6EpVRU4SJoeLMboh6xf7U3w,9300.7581546083,1135435,$1000-$10K
NiNm2hPxEs7wKyRg2y816hMeqfWdoZukQdxzSys2mFK,9300.742308454555,1135436,$1000-$10K
3qVNqM14fnyZNx1qaE4C7pRUaRioDmyupiz8UqThvkwb,9300.720200675714,1135437,$1000-$10K
73KQ5QLRtHKmTGAWijVnoYP2fLFD1LvzsMF2jsEdEVb,9300.664453428142,1135438,$1000-$10K
3rrVzYpFq9J6ReMcWBaKguMgtC6X8c7y2exCbEQEtmpX,9300.640766505801,1135439,$1000-$10K
Cp2CshQAnfvwDXuAWQSjBGMQ7xaPMregRq4XRynbkZ2G,9300.636281021645,1135440,$1000-$10K
CSeaqfQQD4VjdCEL6AxcUjSVSJUibxpjDJQBEr3MJKNH,9300.622568105759,1135441,$1000-$10K
FAv8eU3N69EpwnV12ZybFJzw9jpyn5nm8Y1ZfeSPTEQA,9300.619401059645,1135442,$1000-$10K
7rysGZg3juXra7LX1vTWKBfoXWhjWRBHbWWCMAGgDd2d,9300.580391058109,1135443,$1000-$10K
4igB4zfcKFtp4kGxsmPiQiNnKvsKepqJqX27w5xy5RA4,9300.548547933937,1135444,$1000-$10K
E4ygyNt1JNCeRJyPohho2NvpEZ73Xr5RRSjhG8uudTCx,9300.459691154938,1135445,$1000-$10K
5yF4dcxX7arJ7mN8V4GGcknWZ17dAEShhPxyRf64WFF5,9300.455683519847,1135446,$1000-$10K
AXAvNRQXcEHkgvkBgrpLgF588tM4NJcvEyu93PgBhCy6,9300.442804175751,1135447,$1000-$10K
9JtMEMN8RZoa4heA396suq6VDnaX11MJJ5364E6JPd1o,9300.41540957067,1135448,$1000-$10K
6K2Bma17zc6S1Zh4e1StcsFiMFVQ4dusr7FDeTcFjGqB,9300.412397539263,1135449,$1000-$10K
qtJyvZDWcML1ygYTWH5ZYXnQQNyMHCR1MhrsuTpr4ER,9300.409559327894,1135450,$1000-$10K
8BqVSVdERx5EzEPa366ZgdAcZ9h7ninnktgCD3MVW8bG,9300.393817993623,1135451,$1000-$10K
5Wer7QUksQdT2qrGR4gDqsezhW6FWu7b8vDQHLv4jgke,9300.386391554894,1135452,$1000-$10K
Gm5nXArGxxYzQSsj7YZdYmJ7pFjwHhhyDTWbfDZD1A7K,9300.3707158466,1135453,$1000-$10K
7VZAo7Fic7K7JVwdXiiP3nE5TX3XkxuCF9UaE28cZzW1,9300.360158015124,1135454,$1000-$10K
HJsrYhV8sBvvwRgcgcZSsuARk7fhXswfaLP14wijRtti,9300.329027032682,1135455,$1000-$10K
5zEFwm5tntehB1qbdDtj4TR4aDCFsEqpxQa1TF27Ru6N,9300.321007309924,1135456,$1000-$10K
4CSvSdbCqWhFiN9AcZw1Q9skndRcUafbCZWLqWVaxCtn,9300.3188702565,1135457,$1000-$10K
L2e2mjCCY9fBzHbwPSaBuvjgVdqrnFiFaGFC3oW2MnB,9300.312721351633,1135458,$1000-$10K
o5zpN1GaaRKvA916PqJfmJ8zJg4gfqzu4NPFCon8A9L,9300.29362074484,1135459,$1000-$10K
BG9JhqFG8VGWkFvKSRrs8PN7ifsSt5oVEysY7z2aFVYE,9300.21835838482,1135460,$1000-$10K
AfqNZtva2NinS8HY6b5Sw6Q5JXkSJF3hpvDHp6ap2oaj,9300.213751849335,1135461,$1000-$10K
2AtrorpiXrpnd8m5K1zsKvrCfTjE2qtnd9Y3MuFsaLju,9300.20922542998,1135462,$1000-$10K
9nkKRVYpJkhqVAztRK23we79LXVtTizPgLJZ9xGCmCX7,9300.180554783657,1135463,$1000-$10K
ByyemB9LpzLAqP4rRyBxQY6rXJ83bDYqTneo5RNPnFBg,9300.176183674956,1135464,$1000-$10K
4Yp7q69zgHmkYEAdUUq9QKEwoAy7MR84672QrZkb1gyx,9300.169871854101,1135465,$1000-$10K
CEEn3MZgWhZaDcddbQVYryujtA85cDDXrDS2HHuuhCDj,9300.157197004377,1135466,$1000-$10K
2Brosm1H83iRiqXWdnU9V4JMLfVSDDEkt6GTdndMSreb,9300.155216358517,1135467,$1000-$10K
9ez5vhEbADf4euDbJXMoP9BzCtgu9DBAY9DPacRYYZB3,9300.145090333806,1135468,$1000-$10K
FwXZLsEfKjaLFq3XVHkMgX5piAhALpoEx4PnkWJXLG2X,9300.143832509131,1135469,$1000-$10K
D6FcQT2u3avYJZebHZ9ox2j9r7mxt3HDnTcstwah7iN5,9300.120441313526,1135470,$1000-$10K
4vndNBfS6KzFph57HUrAttkSoZWUoThTcstYYNcoQSVb,9300.110381831775,1135471,$1000-$10K
5JvWr2po7gHU6UqHwYhQUp3PoLUNVyc4ykDcMfyRFToq,9300.098857029367,1135472,$1000-$10K
7FKemzCLgsjN29oDYLSwM6GoRdAnQRmRLsBJTnQgEL7g,9300.043422525252,1135473,$1000-$10K
HsFmGgKtpgTBNhxHBMCeZmdb5fQkvSHo5yfdBxZchYqH,9300.03652032593,1135474,$1000-$10K
7vUnzNH7xidgEpTBNUyW4TahoufYXAp9Dk7cFBozKGiv,9299.99423558621,1135475,$1000-$10K
3eZcaeTWPbw2NYatENTJr2xpwnGz6ZFCYeXhdDaHQiRZ,9299.981250699808,1135476,$1000-$10K
Dy8scrcS5jaSESNDYxasGN12uy2fMpt3pEm6wCGTCntL,9299.97195736027,1135477,$1000-$10K
6yDutA6sKJ7CiXUR1Ju8JKxCjuKLvAhHBpJVTqrUGF2f,9299.942546874776,1135478,$1000-$10K
6Eu82aGoHbQQbHdcFr2FLSg9xFjFYWLed96iUgZoW3dr,9299.93000181698,1135479,$1000-$10K
4nYu8Ur1vpwGFmTnhQM73Z32MuYoQs3pAP3ekLHyP9Yc,9299.888656428839,1135480,$1000-$10K
6E1s6sgUSg3JUughYQ4FPyNVruxjh6k5AaYspoigAEsY,9299.815081071341,1135481,$1000-$10K
FtmRpGYiNNJJMJSLHsNZjBdXVUeH991hnvjKi1K6DRLS,9299.796035984604,1135482,$1000-$10K
AYiDTVXo9usgmAPQR9RybWYCxX3hYeJWPHDks1ZSuaFa,9299.789832394483,1135483,$1000-$10K
5xXJqTbFWsGShCd9YQftgDsftpjhq8MCCdLwsgJARm2h,9299.784021854266,1135484,$1000-$10K
4rNf3X4W97TJwNHp9gcJCTXAGsZxV83wWerP79rcKEvu,9299.783840501741,1135485,$1000-$10K
7ESWPLZBaLGFQDxWqvjpAjG3gsPSucXP648cfQzTjc7j,9299.749858726651,1135486,$1000-$10K
FsWs8DbXttjYMBRbzdh6vLPWMa5BYZvtBShU9HcKoH6W,9299.722302411627,1135487,$1000-$10K
5CoafQ7rtyNwxViGgcuvsoeRRLfZdNf2bAGuu2ZRFVPa,9299.720304464314,1135488,$1000-$10K
9p7ZfGqrziSQVHzS9uCbXdbX5AE1EEo2doswr9MAA5RE,9299.701144296638,1135489,$1000-$10K
EBRYrSq3NQDDEcztjkch2j74hQUWvx1qVREHH91sjpTG,9299.67799698578,1135490,$1000-$10K
2nTLFs8Y9i9FphGyTUd27EfoeFVDfEeuCXzkJ4FDyP2D,9299.636935927696,1135491,$1000-$10K
EmBhL9WwTE6PuWpAf8U4kxJyaL2hq1qar5RyhWHeEJyC,9299.630538370919,1135492,$1000-$10K
4ynUh2tMhYgYqdvjiesNdZWqVKXU66nfVFAD9N8884rW,9299.621605427297,1135493,$1000-$10K
DxmbHeNB5L5XfvsMPK6c4txNwWAVCSsxzUioR83CkZuQ,9299.597691043675,1135494,$1000-$10K
G6GJrPVzX25CwCj1c3PsihzJxz2AB4iJcBXCzZxBGUbM,9299.595241406505,1135495,$1000-$10K
6AutNWK7qMEE7ZHrxqBgbaiCxHo4EY8h4Yv4oTeFnCbo,9299.582477757205,1135496,$1000-$10K
qzssQDhL3mroP9RYaqExvTEqssJzo1Vi8rANmhXDYfH,9299.564637784282,1135497,$1000-$10K
EZEtPrND9RBBjDsmzVnQ9yB7jALmxxsGsPUncNGZqme1,9299.543381630767,1135498,$1000-$10K
3r4JcuRkNnFGKE9XxUYJw6v6v9eLLhgP6ZmqQtvF48B9,9299.532241962665,1135499,$1000-$10K
3EbYuwwGF12Y5csqqihBUUitHDj96XZfFirBn76JsBV9,9299.50328261485,1135500,$1000-$10K
64ccfaGY9xh8WfmJYqbRt281yp9t1vr6Ed5g99wZ3vQP,9299.50182699922,1135501,$1000-$10K
AvDUW8p8eXJHieinyXMraf2mAePJZwTmSeZKmLqULBwk,9299.489949827084,1135502,$1000-$10K
mLQakc3xuHhK9MWwMoS1j439Qv2ZCL3EomxiCeWacr9,9299.488419930289,1135503,$1000-$10K
waNN234EqtFxUeLdn11TiUN4YKJuQEjoSMKhqLKshWN,9299.43995893485,1135504,$1000-$10K
BxMrSG6SZNUKgZUodxavzcuEPpy3b42dri2GP6NdvEM6,9299.43476086747,1135505,$1000-$10K
31LBFgBao1P5yUvBxdKhGXFLHCQXrX2Y4UU2ByNTBUe7,9299.397440650439,1135506,$1000-$10K
4j9LYJo8QXuk65pF5RMjRYrLVUWvEXgjvy5CyhbfCWHi,9299.396109703675,1135507,$1000-$10K
7UiMS7uLVocLFjyggYZWTkmPPd85i4pQL9APdR8qfhAf,9299.392758120393,1135508,$1000-$10K
AQCCmTfgt7k92jBVbCWR4Evtoz3QaVkVv4HfBzjPx41Y,9299.381941903084,1135509,$1000-$10K
2zPzzcCCDKjkxjPxfXD8Dr9ayKm6zk7UnqMuVpyPgA1c,9299.315092997782,1135510,$1000-$10K
5zVuS6RuLDehJjNh4Bn2DmkferBTkYyvbmVK8w4JDGS1,9299.305481418987,1135511,$1000-$10K
qT2g2m97yw3EuRF55XjEv3XfgB3dHU24acu3K3CubR7,9299.303481178073,1135512,$1000-$10K
AJEC11fowQ7aY9nxWq6wwS9euu4xn4tscbJSj8vYg2f1,9299.302879106455,1135513,$1000-$10K
CHgjXvvULNU9o7jZqNMzadRYKZ8LhnfA99J4bQyLyYah,9299.279089577214,1135514,$1000-$10K
4PxGs3hxw9eofoSk6ecZ6YbTo7fVFgbM7Usnhfb3Rs5n,9299.274966191537,1135515,$1000-$10K
6cuwsLGmXKoxzAnb3LfbAaMLssF8cUFR8xKoCJescqEw,9299.274581461996,1135516,$1000-$10K
CpTvdxEc6siPqSizsHfR5vVaQTGX6VKKLrahMkDEWdrR,9299.267394413086,1135517,$1000-$10K
5aKNwkatpbJjWBwQjZV2XNddXn6W36Cks9q2yugeXXrS,9299.255406369792,1135518,$1000-$10K
4MoQPR5SWDtLfAJc21mbkNdXRDTrsd3ekGpBdiMLwNTR,9299.225924297029,1135519,$1000-$10K
8Co8RSdzQJXUvbYP6i5JJ5ubrx3QvmkW6u6TRNQCbvaZ,9299.224747926137,1135520,$1000-$10K
Ho7wBEPqJwhX3dXagbpsabV2Gg3Ydvaan8gjT4HAA7Qg,9299.199636845631,1135521,$1000-$10K
HsXiY4Mz5rbGJuyfe6P9ZVfBzYjK3EX64fw44CkQ9h2t,9299.19525104896,1135522,$1000-$10K
BJBYN4M9LUffdU2XAr1zK4p8rtR9PZVxXVW49rKDxJns,9299.186269317437,1135523,$1000-$10K
FyznhP1vi61mw2v6JYckWtc9uNLxBvFpZdMrkSMjBLaX,9299.183091950783,1135524,$1000-$10K
E8DpHYveXEovK1NE6HbQ8iee1HWUHP7sX9fJRsY1yNw4,9299.161865468044,1135525,$1000-$10K
HzNEtH87Ez4aS6Rfrbqonwo8wgJjcpx6ftCN6ZFpkz7U,9299.126804771236,1135526,$1000-$10K
6tvPdc2uyY9rcJYnK8mrX89vFQpWn3c4jA3pVUr3ejkr,9299.121403577417,1135527,$1000-$10K
ammdSypvuFSWMJGXryTFXY9DbVadfySBSBBiDUiBzcJ,9299.11035478258,1135528,$1000-$10K
DPrSGEQcrDZSFpVVRyrAmJAVwu599zNUyzmi7fQ1YLWf,9299.088768185484,1135529,$1000-$10K
9JNBQJXyPjQCB7BxhZenropVyE5YSD4nkeYoiEHkdZap,9299.08376098615,1135530,$1000-$10K
3huDxRouy6tj5RWQB1oB31mUJZZaUBkmkJCcvYL4KNmT,9299.082785569597,1135531,$1000-$10K
2gTerT4fTY5rvtLxhEY8rNGZZTcLb3MFKsuhmjYeK2u3,9299.06654364547,1135532,$1000-$10K
4tU8DnKUe4MryBcy1s9ZwxSjzsdAQigcjiWDC64DEDVE,9299.0498757479,1135533,$1000-$10K
6M6Zk9nLrb2c1ALVTqe2viGMVkYtH7wUxkRkdxoR5rHM,9299.04966568835,1135534,$1000-$10K
3cuCzyLqMyteKKvP4qqu8ygsrdEaMWfhZMcmYLq4f1Zm,9299.027629348584,1135535,$1000-$10K
7UceARKmgPpiz9ZE9GRxwHcroyeMMFgEfUBudcgvwuy6,9299.027266255827,1135536,$1000-$10K
J2Qsnz3pGEPsQKnQBdyqfhwRsF73iChnqJC61jfERveA,9299.007274932592,1135537,$1000-$10K
7hSDrUjJVEz7PThuowyNWqJRJFKnqp3tNYAFkQFRioXH,9299.006625561979,1135538,$1000-$10K
8L3ci3E6J1vVxWbeNLg1Akfgmi81yiM1ic5NthJmNiGP,9298.974104969031,1135539,$1000-$10K
2FySJoqQDpUufDy3k9JE75e5ULfFifR1ouJUzarW9QAt,9298.964367050905,1135540,$1000-$10K
A5ACW8a7WndYt992UTjMvKpTjxWYkfs9gnvSwbeZgUnZ,9298.956640400474,1135541,$1000-$10K
GBXzNRHyjNrVhBQDgphuDmJnySqoJEMXAcRaWhqV4H2f,9298.947300886337,1135542,$1000-$10K
8SzLWnX88oMNXurQJANdCyYoySS47JhiXpoBqEBKJkn4,9298.918467923519,1135543,$1000-$10K
JCmYB3SicJTWrMnep29Zxs44vnAh3L23gsxwiFCaDBpo,9298.909860464211,1135544,$1000-$10K
2PymnhqZj94NjLBgazHB8DDdEkvrNFa6HnmBJa45GrVy,9298.88990458776,1135545,$1000-$10K
2Fu7NbWfWkoknMDFZMYsuhoZ539m62EW2aRPNA6PCJ3s,9298.884652333467,1135546,$1000-$10K
5ipXay5XAb2RSmD67Afj41WaFQBCYP97yVM2vj5JpHDT,9298.883909691303,1135547,$1000-$10K
3b8woGp9FzznXJPYVK1VEyJTVkzMeQWBdSRxa8X22NTQ,9298.867351597582,1135548,$1000-$10K
EEUnGpNooZSoNWBn1k6CwrpAh9VRp5XybGvs1ZLhXHSe,9298.841348092144,1135549,$1000-$10K
2hCXhnXJEbWicUfgdDGsaPQuYcAo1MSn2qKEP11anMt1,9298.838357324461,1135550,$1000-$10K
D51PP34BVXsL5Q2k1XomxJLhTDhYogDE8LjyTXAcPANn,9298.816507362595,1135551,$1000-$10K
Bf2UxZj4t7cQpDRa5WGXU2ZwbazR9YVgFfYavyRR6XpP,9298.81162647421,1135552,$1000-$10K
8ZJV9psC5Ro8DGEja5LhVUNzZdPfmP1hGQe7hAMe6LDE,9298.808301787783,1135553,$1000-$10K
4dMHYVLNgX5Wgs3CVHVSJuzwTUoqibKBmrrvnzBD5F6L,9298.750843779138,1135554,$1000-$10K
FskVmtSDkSReWXpY1qVEuFVmEeZJQ1HkZeWGH1otEMQV,9298.73786086019,1135555,$1000-$10K
AWJiiHZriiH2ge85ByRXUj9QyZjA6hmXfMpacCFwRes,9298.709551864167,1135556,$1000-$10K
EUxRD75KmnvRRBaENvKA2xedWWkNMef1B9QA8yDf8zqg,9298.665191715021,1135557,$1000-$10K
Fj4AXpmqh8vxmuy6ftHPAuVGozuVvdKzXKtQTYjAqW1w,9298.6286103674,1135558,$1000-$10K
2o2YvEukrRun4tRxCKAkcpWjdnNpHHh3Kn6s8xJrRifj,9298.615130459844,1135559,$1000-$10K
CsDz5ZbCLpXPYVksrxPyKeuqh3vHjxjKiQksWU6xmwpN,9298.607493212467,1135560,$1000-$10K
8fw2wuXRWR5G7w5UrhPbzWAkF9rNp2WVQyDYduwazAek,9298.595306336443,1135561,$1000-$10K
AEyN3VAMXBW3Xfd7hZBgNkSB3qd3wuKi1zhEqnMcT7XU,9298.577669154965,1135562,$1000-$10K
3DgQ9Sk1L1oB6vg6YPYQg7YoMJxQxebUArkQow9kdQbD,9298.577317075713,1135563,$1000-$10K
8jjq3HnusMohaDfGGHbnZz7GCZgDjmv6LZsbhMyHzknh,9298.553802631794,1135564,$1000-$10K
1nR1HxHaPuA4v11oKR7e5CVrQbNams9iiyhvAePf2tz,9298.552193932508,1135565,$1000-$10K
7zZ4ze6r3nNkJvvFYT79RXgB7sUwrsyBMmiBLDDQ9Lac,9298.549768904943,1135566,$1000-$10K
8VfgvHFU9mPbm2DMhG4YXdaHxqNwx1w81EpBr7Enuph7,9298.52834572415,1135567,$1000-$10K
8aqFwRJDpWYhNK47PW8jQpiUgHdHWFM7ThkKKu1qvhRM,9298.520383071183,1135568,$1000-$10K
9vnp6pkSKQkW12YThweYzrnjwTFYwMkb1soWsNb9fu6q,9298.50431809458,1135569,$1000-$10K
7mrHQr7rXEbAD16vnuf9N5WKqdL3FXLSSr5e7szu8yYS,9298.481267626938,1135570,$1000-$10K
3pLgThcV9FqiW92qJV5TWdW5dph7EHBzcqF3VchPGC4N,9298.481245948566,1135571,$1000-$10K
8Hd9RuZxNeeKGoprJrYvfUsJd3edcQvmUwhweGAXyLwm,9298.48053336931,1135572,$1000-$10K
KLaDw4YMF6Ci3sSx4pnkuYmrbyTaEVTPF44HDWMsXgz,9298.474625538705,1135573,$1000-$10K
AyeyKkiVnfxZN2RMbUkjRMvJs3wQx2DwaDW2BokipjGE,9298.449855234283,1135574,$1000-$10K
BLnigc2uZqwfK33xxRZpa9DBzSpqfbsVpNwXw3xXQRc7,9298.436401002298,1135575,$1000-$10K
8gk4cTgRtLLjcB3LY3wZPwjc5R47QU3sA8mFiK4vygdv,9298.435365101323,1135576,$1000-$10K
EJ5ZaDwszXhJCwujB6UqUT8N5nqPkU4LCDNNRT5tEU1b,9298.385539193294,1135577,$1000-$10K
9nBPzqXYh46pvqJZMBJyznbR75qYNUAMur1weFB1TpSS,9298.380235628587,1135578,$1000-$10K
HWAzgyspKtf1Hns2q39LXQqH4BLG97G59wHTWrSbjFor,9298.373545211434,1135579,$1000-$10K
EEAdaGAKNqk2qM8MDES3FigfaCM961M3L8d5rj8KtAyG,9298.369781496376,1135580,$1000-$10K
EeMkiqUphxNBnX3mkR4wah2pybFRCzPdsG6oga8csUBX,9298.356287500364,1135581,$1000-$10K
PKCsE8ggyMAfsRqiPbP4KvLe4VKRcFE7DoCEpAEaZqS,9298.353734311006,1135582,$1000-$10K
2rQyAxApGkQcAxW5wEWxbJS6zr7gvijE9zEss512CFqp,9298.352354420957,1135583,$1000-$10K
ANu4EzKkR7SbjkdCqkYf6nAyJRyFJsD8m8hYb7C57fmN,9298.329127422277,1135584,$1000-$10K
EQbvheufMBm9c5xLRMuqcH7s4Wm9jL3YLs498hbqfyg6,9298.27491934514,1135585,$1000-$10K
H7qm3Qq8boqpaExivVq1gRoKd3siVLPy7MMm79LuE4jD,9298.267292548877,1135586,$1000-$10K
EPxvEaGtpj5nUBQQZYSPbGBBfLnLheGj8Cx8x4YP3dJU,9298.26374508934,1135587,$1000-$10K
r6U8kdVhorcaf1UtJSqsVL96y7ZabGYa9jHrd5nMLT2,9298.240190345257,1135588,$1000-$10K
AqF586qaUGvVnLvGdVGxrJcjcqXuqLNBwrFZKwjGVpXE,9298.223226758095,1135589,$1000-$10K
3m1uW24uktP6EMKjsxuDSZDsEpjmCu6ak4W5VPc1UMKa,9298.20180238858,1135590,$1000-$10K
9xAdm9EKj4ozpKW7DP9vUAftVY1rHXxTBpYcmaV52D22,9298.201693633697,1135591,$1000-$10K
CxLWQpgfFtJqWimzvjWRECRMNveUzAHmMKLb3drYqTsU,9298.197718549683,1135592,$1000-$10K
BtdJFK8cTFThU9CL7atUzcZS8q3bZoWjWCxqDe8AfScE,9298.190912372647,1135593,$1000-$10K
AZHr3rymEoCji3CgnABZVLM4x8RdgTmrKM1XQHHwwb1a,9298.18631654144,1135594,$1000-$10K
5HNJLDdbTx8YQG9TKPMn5rw5yM6X9hnBS9TMGxEDpmfG,9298.186204656253,1135595,$1000-$10K
xcuADAJXzLS47mDzBxNHbzujTn1x9LarVbwPc7g2g4R,9298.182241586841,1135596,$1000-$10K
2j2P4ZFRE1BiiLQ3VN4RBFua2VcjDWUCTRSohpMATQ1D,9298.181505197354,1135597,$1000-$10K
5bWKnACPkS7T7CCgtM7JGssviGsbPwCHmJoSNNfB5bZ8,9298.174312403362,1135598,$1000-$10K
6fVBKiew334fx7VeaPicXp3B4v3RvreGJXon5Bu6su3o,9298.16479341672,1135599,$1000-$10K
GXoGKNCcKH8m1HarR4ks3hgAFfoRSpZrZnXNPqTFqyJL,9298.1,1135600,$1000-$10K
7dRAoNctBzMxCRfFidZDxhiQgu9AQqFnSUBXrii94jzN,9298.069050417223,1135601,$1000-$10K
5TKWwZDdZe9LCi96L9g3DnTp6NF2hUgu6UFNzREDnxiM,9298.053082231143,1135602,$1000-$10K
AgU17CdmfYMe7WP5NtEkMjatxTvPqKgfFdQYtA5VndTc,9298.028400866122,1135603,$1000-$10K
T8BuF8h7EgEU7LmVvGuWKcbKxxmfggcmzEeF7zcWexL,9298.00791347647,1135604,$1000-$10K
G8rUUBVwc387hQ1skzgZKx28DeH4z6n6eAbBFxDG7APi,9297.995627950284,1135605,$1000-$10K
DsbpeeGhN8sNQu4PzT5wnM1wPdRPbkBzaUZjaVK8MXUa,9297.984298428471,1135606,$1000-$10K
BTT5kBNGpxJ4MqPbEgb5LriGD9wfXVrHKhkep6xFGjmN,9297.938908707996,1135607,$1000-$10K
8GAWe633hEkEi4ceWbap9v4uUz3NMxN4dcpGCjRYLtAF,9297.925583450615,1135608,$1000-$10K
2CfudwTtuXzSedG9Tz5GQUxCnqZSwXAEZnQ3wcTorR3w,9297.906564070854,1135609,$1000-$10K
9YXgTE6n3gzRPJxLgBxjENZF1cQ4kSe9D78STUzPGGio,9297.87373868886,1135610,$1000-$10K
J4mz9RDRAiMcGeZ1aPAjeW9Z46MVryNZf4nQUQxvqAD6,9297.831085267648,1135611,$1000-$10K
DpJnPWMDidqfrFiG6cA1P7F6S83WiiMb6BCMQrf8RMvv,9297.811184773227,1135612,$1000-$10K
AoeScRZ8Pd7xwnH5XpbJJnxVbg4AF6iko3aEECjDhCUA,9297.805128997763,1135613,$1000-$10K
41Xn6tYAUE6tEEvsSENTyAscHx619GeAk3bGNk9pc9ef,9297.779121576086,1135614,$1000-$10K
9CVfKNPRL1WAxMTQuENUoUgopcJyJ9mRNzgHtPmXsVYq,9297.761197758238,1135615,$1000-$10K
9qc6pdCVcjbLgtYdTNKKt436vW9nhBJ9xWpMGmwNduaL,9297.75370454253,1135616,$1000-$10K
6b27MSBmPKY4Cni49ZDu4Bvk92NFg3uz2xf6VxTcS2Nc,9297.734895387124,1135617,$1000-$10K
7RFv19vMLS3bzf2143difyTZoKgFwHG34Rxb91JCWvQn,9297.717211344492,1135618,$1000-$10K
6CNMakmUABfb7KNqKbUArBGo748grciKwYgMNcWqpQih,9297.689915752178,1135619,$1000-$10K
8A7NoYfX4yioMNxUWSHkZuSVuvWumHPAN9FNTjFPCXUU,9297.675089098559,1135620,$1000-$10K
F5K7731zyZqjP4YgUoDoNPGeeisfmkbhRYn6HT5tUNyA,9297.65020612039,1135621,$1000-$10K
Hv56a2HwMyDKthwdhLWTLFZnATwqbNFwCegBPxpZiodz,9297.63708861372,1135622,$1000-$10K
CVw8H6Jmzk5aXz4AFf8tagFc64bxFjSpkKC13atVJHrs,9297.610492829263,1135623,$1000-$10K
EJV1aApXaBJ9ijjPBHcG1hS59UT7utesZBMcZPomjKvj,9297.59867645071,1135624,$1000-$10K
HAPFtm1TW8nt4WoSsp4zH1PxHchdq3GG4ZnM3Dkz87Q2,9297.585973103984,1135625,$1000-$10K
6D3TEQdqXoC69JmDhDuE72jNxuqnyiTAEAE34jvbosXT,9297.581545119234,1135626,$1000-$10K
GqnEmLeET1E7We5d9S1uhxACxtrA3pG9R233Eo5Y2Xub,9297.57442503344,1135627,$1000-$10K
7X4N7TL3sWdQK9iZ6RnybfHTJGmbiBbPpvBivzQSgVHS,9297.558357129137,1135628,$1000-$10K
H28Vzgnbe8FxhjDfjrg42j39U4m38Q7XoEcG56JpcmWX,9297.553599491419,1135629,$1000-$10K
Ci3XpNErY1EhDZQiE7JGeXv6tGGTzDTL7avNX5WxK6kQ,9297.4999566056,1135630,$1000-$10K
2BH9eaHjSdSaLCPk9E2juKC39uqzNBTpcjzsH6yVRFux,9297.498780110127,1135631,$1000-$10K
AfKh4bH9zvJvs8Pj7jmywXtZkjpre4ASF12rcwJE4ViM,9297.495960101283,1135632,$1000-$10K
EpgtBXVnJgUTFw11gvsfiVbTv9MWvzLsxryzwJNCXQgU,9297.48174357675,1135633,$1000-$10K
D6aUna9dioAP2f6dzY7NTqV3FW7emTQfhCRZYcvbfcrK,9297.481548904929,1135634,$1000-$10K
67VvFJjNobUdU1CG1WpDjh586xtvdcV3Yr8FHWPNkbPP,9297.471574372234,1135635,$1000-$10K
HzvJtoqCD1ZG11wGeMKXSRYRmmkdTyh8BHHueMmhAUWZ,9297.46907829358,1135636,$1000-$10K
HeuwUGN6MoxEVApBrFphrQ6MSmeRsfzR4BMCDuzERzyi,9297.456166773976,1135637,$1000-$10K
BjGw52dSkscQgxDJ1w8M53Fbzfp55xL1vJxNziuuSWMD,9297.455848278609,1135638,$1000-$10K
GkkX8nubZNco9DaS5rbkJDaEYAzfEu6jUGMZBhLDpEve,9297.42050243827,1135639,$1000-$10K
5xwrChaBMQU88pcNT6HVFUHxuCa4oQ8qPFtyT54ec7yT,9297.403779565191,1135640,$1000-$10K
3yaGQYpHALn7AsRGtRPUvJSVXVKSfX1eUaTZuCMfVZVG,9297.39529343134,1135641,$1000-$10K
Ey7U4x5EQNAkb2pJgBXRNssSLbUZzTZHzGSxwXjd5CY8,9297.381617170831,1135642,$1000-$10K
BnHiz6frZQSkPtnmYa1C4NF6SwYJpQZaKkqh7VfNM6b,9297.323076571982,1135643,$1000-$10K
9AbTRADPQtQ7mgZuEzuMEEAMq37YWG6BRhqwVm4GtDZ8,9297.30295239757,1135644,$1000-$10K
AzwuTUR7Dhmb6vE9S93xHkzpMnQqHb6guMUTz36dmZ3p,9297.290971285134,1135645,$1000-$10K
8PomKkdtkPTfzFytHoPAWEZ177qws7gQztsz8f6ZMgGj,9297.283525650455,1135646,$1000-$10K
EuBMjpSRGG4n5NkEx7AqrSaVW4YXSqUhSfbw1iPZqB1f,9297.250714814152,1135647,$1000-$10K
GagCaqxKBnPVYh1C7kU46Rre8jBpyRMg3HM1ikKFPCSn,9297.210745549357,1135648,$1000-$10K
BZNfrWbKEkfktp44fKCtS2D8CWEeE55cHvsrUPMhLWWs,9297.199563032047,1135649,$1000-$10K
5JZV5bcd2aFVExDPuFyWCYXgWnpmB8k6TNktyFWUo1vn,9297.183071506644,1135650,$1000-$10K
9WH1YzDrdvZs8aDuFLwQHHXa2e66ZcwdfDi7qXEjQxFy,9297.176176120834,1135651,$1000-$10K
8qhZeKStJj9jBtu4e7rwwUxuJWAkNbQbta7XpWM33cKq,9297.151985401022,1135652,$1000-$10K
JBU2iUgMDu2NGPhQsB3fFxm8cpjsfYkxksFemJVz3mnC,9297.146885837734,1135653,$1000-$10K
8a2PfeR5JiLtTCwFDE4vmzF92yZsS9x94FgpmznwE3rh,9297.14012502435,1135654,$1000-$10K
FbUpJkNUAqRGH7d6JmJ97i8yo6RqFMzpXjmR2agZ449p,9297.139625085067,1135655,$1000-$10K
UNqQCK1CNJmQ9YKuX2v2fKip8GGjAHx3r5w32WRDMCh,9297.12738261804,1135656,$1000-$10K
168471XzDHebDjECwBZz6s4JSgB3nmTNpha8mutQawy,9297.120964709315,1135657,$1000-$10K
4RpmudC74ZeSZBKLQrnhXWc31mY22wHYw5iH2HJGBgPr,9297.114432910634,1135658,$1000-$10K
G8NEmrgLuXGFpneCuDNLDh6hKfWFHZqtbnLoMUtqfUwF,9297.08986815544,1135659,$1000-$10K
AHraE5wU3mbxcbQv4RrwbeTXYz24D1mx3PWvMp3W94sg,9297.081940779788,1135660,$1000-$10K
2ZwecsQUyDSUNebGACxCTrtXZVyYzPDhshW3DrY6p2Pq,9297.063225753165,1135661,$1000-$10K
67F8wsWpyVxx4qxi5ERZ7fiNeNRxT7nE4sPi8H3wCAtq,9297.033464324402,1135662,$1000-$10K
6wRhtor1VywtYwdWDUmjSe5y29VnRH2JddyZ3v7TVKWQ,9297.00723413314,1135663,$1000-$10K
G61N4sK9TP9y1K6buteaU8EnvcYZef2zcYiviTBGzrnR,9296.996478035559,1135664,$1000-$10K
3sypf4LDwrYm9sXsbiar6tfoNjqknrUxYtNdqWscLdgm,9296.984182948712,1135665,$1000-$10K
9LRbPQxR5t6MMyiorXLn6piTLVbF5EoUxNpZkHdGFNnr,9296.971013742852,1135666,$1000-$10K
5dSB7Jj4EVfKvPLYqUX8dLW3jJgMr8eQKRuWKcAZULe3,9296.939513109974,1135667,$1000-$10K
4VYccYBkBcwbC1EUTMLGMZA2n2qvfmeLoct8kwbxLt8n,9296.92879811843,1135668,$1000-$10K
JB29jBxNhc4Go2hvs1RVzZcHFLsvTjMGPYZQ5R94fbpt,9296.92051577834,1135669,$1000-$10K
8FZoGBroaFT5JxsypvhZCSNUMNjMD5zPQv5ajCXS7mpW,9296.916505531392,1135670,$1000-$10K
8N3NYTpPHk4kcKXXBgMWixasejapfACotBiNEGairtAc,9296.890475193484,1135671,$1000-$10K
F4DzE9mbNhLuJZQaBFUobGn5qSwe6J2kaz3W3U39RPsu,9296.882821117193,1135672,$1000-$10K
DYXxQ2EYXVqLYz91fXSPqzsxTZrcR9yiN7JMs8wBSCB6,9296.867692805414,1135673,$1000-$10K
2xHQ1Dsd5vqp7N6HUFYovcugruxLYd1eDdXwbPWHkehj,9296.85044342485,1135674,$1000-$10K
5kBLpQYoRyemDTd82VG3XAcbV961HZNn9zxcxrWPRUto,9296.843373898451,1135675,$1000-$10K
CPPcDnji6xcVryBapFBXdrbAqYHyo3UppEq3F9hhW9Na,9296.842165140755,1135676,$1000-$10K
4hj43nfryxVuNWKPWxfzH8RQRhjEgdD1SqzBnr4yW8xe,9296.829734117628,1135677,$1000-$10K
H13GnJkcZcamzSVbo4nXkESSQ8JT3CAVQRj4FWfmzPvT,9296.82226201263,1135678,$1000-$10K
B9KUUycryqDjkThnLzwgppT4iT7VUTPXyuhj21q64yDB,9296.814502989673,1135679,$1000-$10K
5mjGU9fSEwybcMMpCJ6n3XVinYnV6RuFM93UrSwmW3yG,9296.751882625776,1135680,$1000-$10K
ER9DSuTqJncdF2R4oAZQRAyJ4xao9r2beV7pFbCrTCPL,9296.71190039463,1135681,$1000-$10K
tdNrt2itSonQgbGUxQry1xiLvBe9tcKVdCo78WoBmGZ,9296.684776759797,1135682,$1000-$10K
5LY4qJYnkM42G6qQDigLeYAnoXaVB8oTzF7SXwUcyqyH,9296.668283776524,1135683,$1000-$10K
FtUDst1hinhbe8jhZ4djDiukU8Jw7xSiWRwdFm5y6zJW,9296.659565116111,1135684,$1000-$10K
HMTXwBeeaKySwTxSmWxgK7hFzKZtCf3Lzvs8kCBwBS14,9296.658203674735,1135685,$1000-$10K
HojPRYSgRS8ZQ1zdnkWBjRKgbSSUEV7rV3EHXyG9U6Pm,9296.657184840687,1135686,$1000-$10K
BSzRSw9fVwkVxFCLZLeHEZoypXt4BtQYMT69GLABEDpN,9296.65202802531,1135687,$1000-$10K
5DcNwEVJtbP9yGynLQCKkHouKNGtAwGeiBhXaXYmyH7C,9296.621700506565,1135688,$1000-$10K
DVixgggyNxAxbTXeJ4yWPwE8vn41vUrhc5U6UutKJVa8,9296.5843210449,1135689,$1000-$10K
KQVzcbN7VGRSreXGViyceAK3sF1iaDQcBJgXTNwvPer,9296.576327158991,1135690,$1000-$10K
BkCVp4CZzLScS24ezM615Zw19iaSHk4bM2B58B8ytr8W,9296.571169621338,1135691,$1000-$10K
8LSv8Vs4zVppQZLU3BR15EMEdKzeGnbLj4D1BGhk5FNW,9296.56890609312,1135692,$1000-$10K
3u5m12p2eSaVbuPKaPPASfPuBCqqWpncc8PAMHCVsuHS,9296.555749152096,1135693,$1000-$10K
8kxLrngjveA8owbY5BNKxnV9ysBV4ggzxf13ZLLM3rMP,9296.541907665018,1135694,$1000-$10K
CGpVqZvti1LveqoyNW1dHPS6TdDMRQi9JMxrCbASrKqx,9296.540294432507,1135695,$1000-$10K
96docW4xvCBQ7DjhXYhN1XjTuFd92UZM6suPr3PMHKcb,9296.53706961474,1135696,$1000-$10K
AePvugFXtvMoEmjhnwREsw38iSxLVaF9g59WNJwgw1Rr,9296.516600565654,1135697,$1000-$10K
EtQm6x5XkStKiysaTdQfVg2yvvGgV9GckSypYnot1KFB,9296.51425547306,1135698,$1000-$10K
F1jkgoXFvygopw2Ffo5QUmDcxiF6m4JDDyh6Ywo1Dsxy,9296.506513860071,1135699,$1000-$10K
F5GJAJmb6rLAbqxWW4KSJTjfTopJrRymV9JWmSUeRNqE,9296.449093724406,1135700,$1000-$10K
7pNxMCVpaJvGvRABVZHikGxuL1h6oaKazbot1cbXpT4B,9296.422924474513,1135701,$1000-$10K
AMamPGhPbLghW6bGG2iNpbUE5y5ScXDEMUy85DJUrS3B,9296.389524055252,1135702,$1000-$10K
2fYwxVX87su1bs1HVkJxfxNjkRGi8EJWWWeHMGfrcdG6,9296.379679835276,1135703,$1000-$10K
FBpMNtmPbEXr66yjrJp4TV7165CAVkWVBZTQqncR35td,9296.362457086798,1135704,$1000-$10K
5uXbMGDKZkWvTdnxZggUhbC86QFzoRXmy2S5qUsTXjCx,9296.360061038202,1135705,$1000-$10K
AuNhC9bnEPEuzJ6ULdhFe3rJM5XyP1kayGBBZLevzPNF,9296.355664898918,1135706,$1000-$10K
73eu6YjK2FYbbWBGf1vpiXw214U8h6R1arTqxPcmvWPU,9296.343890973445,1135707,$1000-$10K
GayHwSP8VQFucDCCFBt9Zj5zh2S4P3xf6BHQsbQJsWah,9296.317634092497,1135708,$1000-$10K
Db2CPaVgvoqyCGXJxJxqTSwsSB3EEbiJktzGS7t36woj,9296.311242858537,1135709,$1000-$10K
DaNs7tCpWkJrzQrTXVLZefGxJvGGdPze9YJB8BUTpAqm,9296.30816577415,1135710,$1000-$10K
FrgX2B7KV3JkKX26MEEMBKkmXSHdCGwzjBnBNJt49b2r,9296.286849600543,1135711,$1000-$10K
7pVBcDYyBe7uyJrDUyzUEob6CDshcQc7VRVB6kyG9Gr7,9296.28514116405,1135712,$1000-$10K
AoH3S1LCrbfK7BzMJE8JeZsUT6VWZizzvzTDeYjkT7yo,9296.265720812698,1135713,$1000-$10K
9kFEsZzCmRNoZSbdMABs63zGRqgz4j8yrWoKkvZMo6QQ,9296.261750350674,1135714,$1000-$10K
3j1hi4vH7Y3C9vEYUySJCJS3KzY32SBJ5VDHLuALWCJK,9296.25570494504,1135715,$1000-$10K
93nFJo1foh7AnKmukVZmNMVnndfTu25cdhJ2kJwTsVAc,9296.247108262087,1135716,$1000-$10K
DwTQEQYzaZcPdtHgnXnCeRrRKCAQ4yoUnK26hqxWmLmt,9296.21830447356,1135717,$1000-$10K
DZnmTvc56t2tGB4X5uMQeJnbqw69Ebd7cy5SJn3gyKfx,9296.19098137992,1135718,$1000-$10K
ArZiMxnPisKxfNLTJaVcLUG8UKvPUGWwffii5WeguLEz,9296.181567251919,1135719,$1000-$10K
GwwYYHWcR25Qh4rsApHujKHPpFapj4DmZ5RGsVo82tbd,9296.142156670414,1135720,$1000-$10K
C9PX6Lj9wfD8otBn2xFom1MkjK1z8TqioVTSfCVZsEEj,9296.136581462237,1135721,$1000-$10K
FCL1idGjpJjW94w4HQ5kbM2hUACTg2YYKYTyVTzXhMjp,9296.134431460105,1135722,$1000-$10K
7cwiz7T55N8JQfUjg3288A2suYin8bHhxzRv8L4N7Je1,9296.13087999784,1135723,$1000-$10K
AyGBg587gktMDLbpEDNy48xdPAx8RzzBHX625mVxuLkw,9296.12671429402,1135724,$1000-$10K
9mex9ZvBH1Eb9rSSSngt8pGfCzFf8FrpdXNYf7HCL6T6,9296.103482920238,1135725,$1000-$10K
ELJqmzfgBVj7hjf6ChVFcwcuhgvvVCyCpSnhQXGXf9uf,9296.096604405468,1135726,$1000-$10K
BM7Mi8rf9dCGVtmFf6QhUBCJdzFmYVTfagLLZhGgJy1C,9296.082260443052,1135727,$1000-$10K
FiAQfrpypkL4Sk1PucqPBs4pqVzMe933ScjwahDhdpad,9296.071318141914,1135728,$1000-$10K
6PbKNGBzaM69VxRBHsnPH3aLcS5usRsGjj713iUmGE5Q,9296.067541168351,1135729,$1000-$10K
Hn2rYMJk7HVezoZBzFnZT7SCT9hJAZzkY5Y2A5DaRcWW,9295.995972149953,1135730,$1000-$10K
9D7CnAThj5WHZhTrxKHyfrnSyS9EqAjUL7YDoP8rnYUH,9295.972041210627,1135731,$1000-$10K
8xMEKCa78aHgV4x3X2GEfkLCnUuFsu4v2qg94b8TtRuV,9295.9573376274,1135732,$1000-$10K
HXATyiAgwgT9HhZu19qMuPAMfndurpp7zQ3YAvXu3xZc,9295.94738724651,1135733,$1000-$10K
6NMxseEnBdL85uiNuuKDCGqfTDru1wVmrGLs7KDE5U8R,9295.9422340425,1135734,$1000-$10K
CTjXwgVAJNWRcJ9wTMHr1251ikZecMmC4jYvXK7SF5Dy,9295.860900878251,1135735,$1000-$10K
Bd9MATz1fadrLjRe15ocyvEDfH8UPA47Qib3L98nBNZU,9295.849251684931,1135736,$1000-$10K
4SNKyr1ozKH13JuW32oQXpgFWAkEvmdzsQNvy4G5SyKx,9295.836945465522,1135737,$1000-$10K
8GxLit52Hy2bPoqsAg2Fr3wnoXSDoZ9CSviNhow1BRgt,9295.827202890257,1135738,$1000-$10K
9EPCK5LXA1idEjqANo6mxVbPY3L3X4YktnyqZGU5RRzG,9295.80905608675,1135739,$1000-$10K
JDNY9YRN9ce6CUZGi7eysHY5npPnTAed1JTeFWnNJHsR,9295.803455364263,1135740,$1000-$10K
D3my43iXdzjVkNBtbAiPv6HKV3BZrmRLNr9ujqNPaJeb,9295.784634765692,1135741,$1000-$10K
2TfajNo1iM7jHqcbpnijvpT1ZTWmjHeTmEHX339QkK1W,9295.76092922085,1135742,$1000-$10K
GZbsRSrmQUX4uLLgAZGobXNM8z2e2j1fPPaVsnwbEtqZ,9295.751272111755,1135743,$1000-$10K
HNfUyxTdqTVQH2q1cowSa4oS9AU3aPzEZmMD6xHfFqT8,9295.736854234803,1135744,$1000-$10K
9yxbudqqE4KWY7KZtLBoZ6E81w5cGMWPyJePfy997vem,9295.65970894663,1135745,$1000-$10K
Cq5i9g2e32zrPKz3jH51UEwHi4yJH1rvK1hAfzMmnJch,9295.657964042826,1135746,$1000-$10K
5DCmdaRwAjxqSpxwdgR8fgNumdEFw2a1AKCHVu9gZVCn,9295.65566848077,1135747,$1000-$10K
8saBFvPQd3ZvGx19oyzfUhsxBq1qHpTf1JehGVg7b9TZ,9295.644695895637,1135748,$1000-$10K
9sf9K2ViREmX7aACjpLXBwK5VZmrdABnwpPqxWYEsrnG,9295.629238478099,1135749,$1000-$10K
G2kJNGWYJmTG7Y8638ZTsZhHjLn6wHhAQMb1qa8fcWMs,9295.626182185504,1135750,$1000-$10K
7BgumNL1DFUr3cj1Zywb7uYrPWMwNcKaQ7GU5ec7BJPh,9295.614261114917,1135751,$1000-$10K
D44HPSEmAmVQcerxtuLdxDCnAJjfNXt7bK1pATicuSeS,9295.605306123132,1135752,$1000-$10K
CQbj6JiUGChyJ5Mur4gM8AqVuJMK7J97qQRDYVa9T8Yc,9295.598489791411,1135753,$1000-$10K
A8BGzzDwtsxCJmQ3JP2wekb6xpz4Vvc598BgjhZWojcJ,9295.5879,1135754,$1000-$10K
4kaoqtkio73NTtj17JDGvuJaW6JxwiJ9yMhnzm7N3Rey,9295.585200303822,1135755,$1000-$10K
B7iBYQfDxuQzhtEtLdTkkZvuU7Kfb1hRz3hy7gRxe8fD,9295.57147851378,1135756,$1000-$10K
5LaU6QUupYE689n3cdogqZQ4M1AKN6ies7Lprr6ymgYa,9295.561913123916,1135757,$1000-$10K
BeXMANyncCdJEuoaMSHabc3bz6rzWKTGdLJqQ8AANMzT,9295.559865059615,1135758,$1000-$10K
4bZmJX48yJitjbf5gG5z1Cnfcjbbe8MdxoHPcPk1YqKX,9295.507798594968,1135759,$1000-$10K
DeyT2XAZqBeLZhCbZRfdPYs6qpJYPfXE6jUUAnMpdXtd,9295.5001546341,1135760,$1000-$10K
EniYx9VbRr7UKrU2FuDN1r99jKxp1Z4e4PppXH6bk641,9295.482376524147,1135761,$1000-$10K
982LKF5MqkDDCEz6kYs2r6p6u6qVD4AFDzdHHTMqjHua,9295.46998863744,1135762,$1000-$10K
DWPFJ4hLtW8jhod7q5mCzND8ChSghToA6h3QEF3924Ya,9295.449678891551,1135763,$1000-$10K
Hzne11WHf1uCE3hXqkN4fwd2hpqtMhpKRsMDrfeRCSpi,9295.407885811983,1135764,$1000-$10K
9g5DzEnPR4UWZLXLn9wLBGPn8nQE2o1CjyEJtKhgxsGb,9295.37145592855,1135765,$1000-$10K
F73WT2VpRaeZ4cTvB9CQyiyNYbhih5ds4zup7udCWd3P,9295.352039001315,1135766,$1000-$10K
4tfUwGJQqqK9m4Kwd2TsM531eD2hHy63dKXunKWTDET1,9295.321318905895,1135767,$1000-$10K
4ME9RCP6dU9sRuWdCZNcvY7qMGWkUpCVEz6rLy5Pqhdt,9295.30371812106,1135768,$1000-$10K
GbUCNBg2SBEtj8t6oYdni6XCXco5j9Crx7z3NVBVUBNn,9295.280251825861,1135769,$1000-$10K
CwF9WQmasj3ekjsuNfnhnxtkZUqSp6VXHSPnAZTd7Snm,9295.28007024021,1135770,$1000-$10K
HgwHR3PgvZAWCJgsFkutn6kdwXi1JCmkmqXpF2xjjxcT,9295.265479826472,1135771,$1000-$10K
H94R8m1fGvXmqNXu8JdDzBCTpSLaYB4Tsoj1Cw2PghYM,9295.261465916847,1135772,$1000-$10K
ApLyB45HfjHVdVaiP76yqfKoWWtAqqJozuRGz2VaktuQ,9295.237626209324,1135773,$1000-$10K
D9u4xR34oCzAcG7aoSvHTsZhaqJSvjVahjgoet1ummgp,9295.233320752439,1135774,$1000-$10K
8EEPrKq1AhXDzRyrn7ycQo5Y9HjN78UX6NBjEJWEM59i,9295.213390191466,1135775,$1000-$10K
FrTVX9wtm3wGuyppApxqrnHXX6bWuXc2G9FoHcRDdb71,9295.202242109146,1135776,$1000-$10K
8FzT4xZh9digH1Vzx4oBPQ537NZuahUfPvZCZAMg7svP,9295.15665048635,1135777,$1000-$10K
7EYmeukd3Jf6kCCwvqLREVFWnvd15E8FpaXxhWH62n5b,9295.14330050192,1135778,$1000-$10K
8HXgPESGD1dod1edPdagegwaWXMo2xDJZBzb3ee1TsHM,9295.122606078661,1135779,$1000-$10K
ip28urTfWK35K7yuqoGGacuoruCw3JTCRx85rKgtfeY,9295.118057838023,1135780,$1000-$10K
DiQWxmVAkB2X4LXR1zSVvTnYxqU4tcJ1sDHtdjpFrbNo,9295.083066177607,1135781,$1000-$10K
8oqPFrsq5jNfe3NCJkeFznqpCMSDpb8kj3Ly9CWQTjaq,9295.057998688753,1135782,$1000-$10K
6t1FQzmMH2L14di549712xM8DQJ3NGqwcK1BhPxiZHC2,9295.056529657324,1135783,$1000-$10K
2JkajPQ4gxnr58czRdiEQeV7Ng7xqHhHLuEk5pNyNdqs,9295.050018392993,1135784,$1000-$10K
AEwm3QGo91nKfgVhVjd8VK8FLRR5ehddTuNWBmRtFMow,9295.041394412714,1135785,$1000-$10K
6Ls1sHmnEj34mbRZzC9xstEvx5wDUGjMDRWZpUbEhLsC,9295.041060630572,1135786,$1000-$10K
D5zQUmjyMJUsuudsSvQaoaXiVSb1Fr875sJEWLXNgxV8,9295.039430838606,1135787,$1000-$10K
HBVhVjb4xTGRMPHYCm7ZYxXhFzj5UXQsyMGZfeaMyMxU,9295.024336452509,1135788,$1000-$10K
G3t1ombCYdUBAr4dAEBhkjgq7gTDWYaFEdU37nXibX8a,9294.979073248709,1135789,$1000-$10K
4fiYR4XXUmPci3PsfjuWvN88SstabsNcYNgiw5ejAYi7,9294.95132228311,1135790,$1000-$10K
8UpXS6bJr7qFwEagaoa1GjatBEtr3DMfFE9KLMRbYbQb,9294.945647276068,1135791,$1000-$10K
A3HZDAzbjQce5k5kFN6J6X2AG5RuK9Ewfx3vUv33yJ5X,9294.920131206338,1135792,$1000-$10K
Fq7UzeKuKQpxbKqMFQuJaibtteBH99M4uhxCpMP6DGp,9294.911207236382,1135793,$1000-$10K
2RfPN59PnpBKE9HhyeUZPiDNe899tZp4cYwDi9V6Smp5,9294.902271487508,1135794,$1000-$10K
8QfLxhLUru8gW5ugATHB2WeGD98nJLcX4EHccgPHLykX,9294.89764610787,1135795,$1000-$10K
2e1UuQvGR2kDvS1jByybvcVEgdWkrEZzvw8bnzCN5G2N,9294.89292095527,1135796,$1000-$10K
HHoaf3mPyatZeDbFVerUrDV6rjSkskBNaenHcJfZj33A,9294.881767902876,1135797,$1000-$10K
BsGjzXQLXQoYBgF4c4X3GXkACV1Y2Pw1HjFZxRZMo7yL,9294.856869024534,1135798,$1000-$10K
6nrugij1M8mM9undKd3EN622SGDSARg5gWaaQ4uofBv6,9294.827651368883,1135799,$1000-$10K
3zEFgoqXW8MasdTw2AFTzbaozQm1zA7secbN8KSTHUY9,9294.788737070614,1135800,$1000-$10K
EDMRgAE3LHC1fdBdaPWzRciUU41gmoKJDeZ4tRtyNKi1,9294.782537723582,1135801,$1000-$10K
5Nfk7Y5zy85v9BoMzDKJDecLgqqkAJtM888tKoHLYi3f,9294.774063017283,1135802,$1000-$10K
H26cNTcMzZM8KdbYPhS5kEuejsJ3NPXyjiTRVxdVzi1h,9294.76112205782,1135803,$1000-$10K
CxwS3kJHr6CWzsk1hpiPNSEy3rTjJxUKEkmLgMejDGJr,9294.74147449177,1135804,$1000-$10K
DwfQW9SiShtv21X7q3sVKkJS6Ze7FNnErKjRF41MaVqx,9294.735956943885,1135805,$1000-$10K
13DNpgD7PA4VhH54n2XcTZ939N1i59zXnj3e1m37Rys8,9294.717291749119,1135806,$1000-$10K
EH8ZrMDV5aBfJx5tVw7hfKjyBHd4YHF1Zjk9UDRQpcjG,9294.68865699344,1135807,$1000-$10K
4yD1ERgDNmNvMct9Cw6mXSduwxyQhJm3TAYHrjzWuMNN,9294.669019877798,1135808,$1000-$10K
7JHrERM2o6uskGcoEB1uTr7Z6yirXyzpKdKivH3yLRRj,9294.65451949847,1135809,$1000-$10K
65d39FCnZXc2ZxW9LKegx7b9QMqT6zi7EbxddKDG7rmf,9294.642749666364,1135810,$1000-$10K
ACS42yNYYgXWnN1iGBCCXs7Cv94sykN13WV3JtzCTFT1,9294.61212812268,1135811,$1000-$10K
598SuryjrYVjx2n6PzjHAmgPFvB4Q5vqjHEGe3pWbQSZ,9294.60828127617,1135812,$1000-$10K
7BXNWhNUSVe77DaQr68zZSpTqWbFpEsscsKwmkHr2uCc,9294.58706428247,1135813,$1000-$10K
D7VFAuwkbQDmxkCogcRTRCVhrErexCVWbdLNwqwyJsSB,9294.570247582385,1135814,$1000-$10K
GZeLRspy4nAXGJyYouvC3eEsB2R8x8PvL1gqJgeyMgei,9294.548725266128,1135815,$1000-$10K
F6mRLkpPagaurAsHySH9LWp953kj8xxkcUrtPN9efE1b,9294.537737474415,1135816,$1000-$10K
FQg2WTKLgSBhd9PyCsDdy9BSNqX9hgMzG8Gh9RjXvBhp,9294.501457091961,1135817,$1000-$10K
FofsyxUQdRBGsRDCQmcWxrPo3UgB5RcvgATdUs8dxck6,9294.492875382699,1135818,$1000-$10K
HnVa2b36k8aDZy9TViVCF7aQgA5BcbG4KRSMSQxQxJPN,9294.466108902841,1135819,$1000-$10K
zc3SPM8HNHWjPU9y69sNcTFwjLxC7UyxiXRCTaHqnqN,9294.455474600672,1135820,$1000-$10K
9vC2A1Kc11ehLBJYVMQ3U42LBJ8AqEVqF7bQVXkcXwnS,9294.446457962746,1135821,$1000-$10K
2HCMmLJcW2mKrgcQxkaqWbbLBrFAGRNFcuu89DoFkdva,9294.44644691738,1135822,$1000-$10K
2qkmKaH9acsmqv3EaWEGetc6h3kvEvcPTxMj8hB3oJAD,9294.419748041182,1135823,$1000-$10K
9vvPmw3kiiJbv92AtwUJnH44NZ2TjuQWRTwc5nsLa3M1,9294.41929858282,1135824,$1000-$10K
5e3tqG5unT6TWkQzYLwPinHdaqAuLmJ4V6gCz7nUhNRa,9294.413933002015,1135825,$1000-$10K
2iPZiSgYCQ5janunSSjeovswQfvo5AhLZKLytvYzNZEQ,9294.41266909288,1135826,$1000-$10K
24Kw5PUoZBDmdWwcUpCz6Mncq7Nbz9UpuWw9gD285MgF,9294.411529464905,1135827,$1000-$10K
HaGxnzq2EBbS44n8LSKHiefbw2xdfs3cNDupoXX8GoLN,9294.371656906733,1135828,$1000-$10K
BzGufwDcpPFxEVsGUCEWkgwNAVY2egpggo3iwRNQdaKJ,9294.340079600735,1135829,$1000-$10K
JCzkZbNo5QENfTmFPsgP8Lze7axWzNwSMuLWEuR8wPKT,9294.33259229753,1135830,$1000-$10K
8XrAVowKmiQs4Yd9M4U7cozEcyVNHSHVqRhwdn9NBRnC,9294.329322207834,1135831,$1000-$10K
5s8WH12MBAjhSHV3MefrfLjJtow6PbgwVc2LfmAQDd8m,9294.30373703541,1135832,$1000-$10K
AAHxwY4LXfjKi9ND4mkx8EMVBp8viJSgNFQNtFmvvPwb,9294.274530277531,1135833,$1000-$10K
Ewo96s997TvUYYU1Eoeu6TBVhTx2GEYoi28hKwQTajnK,9294.268008853012,1135834,$1000-$10K
ECJ9exHHUEmJeUzUE6H1hGYufnXCGBEJp2Kyf6sqTVhx,9294.257100864106,1135835,$1000-$10K
ERuES1n299mzk9fZAm43GDUveYayQxekoZgp4eEYGV4Z,9294.25643972018,1135836,$1000-$10K
13VfEtSNVf9nM8SWayEdGwDsTtXg8swoM1BXSS1YVZMw,9294.229772228387,1135837,$1000-$10K
5M8n4W8h5ymaa7mrJiredkisrCwVFX9gcVRhcouG2Zz1,9294.229535590464,1135838,$1000-$10K
GKxqTr3PqkiuF2N8NjiKA338hPf63Pg3S3q5mXcoZbq9,9294.18064258038,1135839,$1000-$10K
29ahpRhjdSunVfqaSX6YHiyWDa35i6j9LakJnFrZiaav,9294.178268870788,1135840,$1000-$10K
CBT3i5vZZvqHnggx462soDrGgaRFfC6kCSTsp3xCAk7k,9294.16930629671,1135841,$1000-$10K
DfHp45garWEzkoEELvwPdsqwK9nMiCC5Mdsmu4oTmnsR,9294.167182914645,1135842,$1000-$10K
93NZoP4HfBWKHLDXVgUfaSgEYdyVGWX7AqqAhTLjDxPP,9294.164368876374,1135843,$1000-$10K
HzXtiB4pyUQwRy3vpQAs9GjhHd2QjUkBYRhiSf2VqCyW,9294.14645047584,1135844,$1000-$10K
9MfQGAAj4vKxdru5cqjGNR2yn6qx1wkSvb97JBTWRoMr,9294.14062826814,1135845,$1000-$10K
4VGD9wmXh3Wzn1iNsgydZ97VRSMH32c4ojFSE4kJScjC,9294.138737806259,1135846,$1000-$10K
YtkSkHcYvUF9qydgmpUiNNaP7auhehRY9JxXGL3TKSL,9294.11597778191,1135847,$1000-$10K
8ZmeybMYLiz4M8dynQ1qZbt2PN9UMHc9T9DinAJMwdgp,9294.080926039702,1135848,$1000-$10K
3FMTvGQCLVBzMjB82PKvT1z3DrWdztaTZX2DkLQ4YXCF,9294.059517185502,1135849,$1000-$10K
CBFovsVtFXsqLZhJcmsQXtWzmK9hRr63g7iHeCpFiMpB,9294.04937302307,1135850,$1000-$10K
J7tVK7ke7ytApfvoY1NF9VwNJZfpbpCymqAwJBoYR1v7,9294.027868574074,1135851,$1000-$10K
5XuPdsqV86geEdKuQ4Yetf5F5Kmm16DhXQyzettrz6fv,9294.027840467308,1135852,$1000-$10K
88xhU2pnnGbLQC9G4A4ddj2hJZ4NcG1mkLRHaQmHRy2X,9294.024068303564,1135853,$1000-$10K
5ypePAChwQhEbzwyxZRHZVkWHsn9Go2EadmikznVYE6X,9294.021138808872,1135854,$1000-$10K
7HuPdQwCZrJDG1sr7oGZYpJ1ALoAdpPhy6BG4E2Fbgsx,9294.003838171644,1135855,$1000-$10K
6BQeLZYbKHNqozQh5fH7d28yTRLtHNTrTrVCTG4Eo3hX,9293.99059586928,1135856,$1000-$10K
EpE51CUCZEtfpH7ZiV1oTcyGF4hWpEj95twXQFYKdcCX,9293.971758545642,1135857,$1000-$10K
4bAFmQ8LY2LDsAogL6wXGqVqS4RWfkexy93rQZ1MhkVk,9293.963403957365,1135858,$1000-$10K
CvjCRwBv2jkUCqkiwzQRFWXjZnAovLNbg3C1bnqgVuBF,9293.945977365234,1135859,$1000-$10K
FocoCRFGwmgRBxzd7jJdikq1YQrmtGn1D1hvHNUgEg9q,9293.926502739172,1135860,$1000-$10K
3ZEFG5RzHuYFjxgroq68Y4jmuNBfVg7UBApM1Y13dCsq,9293.902426938674,1135861,$1000-$10K
BKvhneC3znRqAq5cifMU3rVf2pUrrYdYcedcztRLgtoj,9293.88446179207,1135862,$1000-$10K
9e4d9zZSDJr9GwEdyYRDPSU3DXdNJt5rJWFPxsvQMfDS,9293.882422437107,1135863,$1000-$10K
JJdMmbHNJ9wGuz8t4j3fvmkZPViPEhqwpnoxGmADCoS,9293.88168534364,1135864,$1000-$10K
E4PsPEun7fB8QmQ8YuD1syYcQ8y7xHWbWx89HuZVgQ9o,9293.824041645361,1135865,$1000-$10K
EGNnKaeK35Qo4uKsNqQa11a4FiWgs2siB3jzZSGnwDtH,9293.81748469799,1135866,$1000-$10K
47dHme9km1D8JcoCuLqkn9CbF8Yf2qRSiU3u61BYJfyV,9293.817234078751,1135867,$1000-$10K
A4inKFPHmw8dTgsZRUdRcfhoZ97XuUPZ72836t6m8zfs,9293.781253699459,1135868,$1000-$10K
4Gfba9z6haUbsBVbpSCcEeugSz8RkGP5SjxyAGgvvhPz,9293.769089887044,1135869,$1000-$10K
3KGgMCo6pkTPXC4FbNrYFY5z1xfycv8E9Vb7nDwpQHfA,9293.76699925654,1135870,$1000-$10K
8AE6r4Kd4S9xfDq1PH7oA5CRbUWxSMMGSMbp4sukesZK,9293.75488735218,1135871,$1000-$10K
6F5r8UVoBwPChCrrASLknZes58t4XXZp3hJDbbsASTYc,9293.744837679898,1135872,$1000-$10K
GLEnA3mo5woTznoz8wJrVA546uUgbAr35xiZrGv46Gzi,9293.733561233857,1135873,$1000-$10K
CdFkT2GUxB8tKpF3SnP3TECauW3cPmvfT2cYwtwPLXh5,9293.70575774755,1135874,$1000-$10K
46bVKRAnfgDz38uTx85EE7D7wPePDBimHJNq9NXUWUMD,9293.70240749099,1135875,$1000-$10K
YknW57WpiG3pZkiGteKei5rUFve4ryJpEB8rCgkx1Z7,9293.700834773905,1135876,$1000-$10K
5fGbbjWdc6xq8BMTLQWyccy4G6aizjv67wQxhCUdJ4GM,9293.69994487439,1135877,$1000-$10K
6k7BDcYMDzRzFp4mhzS61dRhFe3PkLozzTQ2uWecLeyH,9293.69536068218,1135878,$1000-$10K
F59dHQ67UYtjpQMVEac2NGamkfEzDUESiVurHCb9Cv6w,9293.69526210755,1135879,$1000-$10K
EXaNfzQcXsJTiGMDV7GZd5o9yUacupvVuzgPHgf8j5aA,9293.688686789288,1135880,$1000-$10K
CEp1JyxDekPkMH2ZMzx1g4YcLvc4sWcXKsPd3GE1GMMb,9293.687773588086,1135881,$1000-$10K
CYARbMqAyaBFfvCxFkdwQ2TGQ5JXmHH5KYUUyoZheygX,9293.639079647979,1135882,$1000-$10K
DG2QGjr3YKgyxaWPunvrutWjCT7aGYEfbfAi2n3qBQSs,9293.63201166148,1135883,$1000-$10K
F4kzuEcWkTPaHpMYLTuRDrxkUpZVsgzas3zt1gzQH3iR,9293.63140022516,1135884,$1000-$10K
GCvGJHVd8qpsCD4BK1j91WSDMeXKAvHVmSMt3ygPcjtQ,9293.629999875924,1135885,$1000-$10K
4yxM5Jm9cdXxjQqpgZgHBbLSpKmNd4YuBF6w22mqCgiq,9293.629119147852,1135886,$1000-$10K
F3BEKy9iXGAwjMU3F7vG4LG3KRmu5LKGYhq7yyNT32wi,9293.611256558677,1135887,$1000-$10K
8SrAhLNDGzVeFvQQsg9WieBUwHwVse2otYZYmZjssUzb,9293.61105320247,1135888,$1000-$10K
AFy33Jtd3pM7DDJw9gmmzr2VNnYkXYi8yrXcpgpiAaf1,9293.574073034959,1135889,$1000-$10K
B8jZdSzcXExvtBftUjXrH1R7BRredyyVcmpLtuk7bsvB,9293.56475787449,1135890,$1000-$10K
3EVvFJ6ZdqwRDptCK8Cqn7Ns9XTWixSgmA6eav2PSXLR,9293.545338916712,1135891,$1000-$10K
6D38tu719QZpoEyZyArckoG4qMAfcGoDjtPM9VtLngr6,9293.540026392522,1135892,$1000-$10K
BBrKfmo8DzMhZPVx3aq5YApuA2uZfYqprfWU3UexDbbq,9293.518385495474,1135893,$1000-$10K
7UvHA3KLpc3QnhXa1Nt4VjxRP2mgr2mv5TZChDox5svr,9293.512910660895,1135894,$1000-$10K
Wyejj98gfwr5exw8i3sg3YP5Q5twgWvKZjvsvorT5tC,9293.494451000537,1135895,$1000-$10K
CjvLRZHT1FhHJHqSpJiyyUrry8U5pmuBVuj4VLcTtsdK,9293.468593921674,1135896,$1000-$10K
3YLYezmjgAS97uz9eiSf7rTzjYsWavDjmgrmuaqGke87,9293.467974616651,1135897,$1000-$10K
5WSPYwaTFyu5jSypr1oBU4jYzHvTvsztDxfgRZbjQ5XA,9293.457743789764,1135898,$1000-$10K
2Xve7jJShmPgjCS3aaf1bubZybxTRvx15NTkF1nMFsq4,9293.40684664839,1135899,$1000-$10K
5PzMbe5v6cZG5LjVeW71opmopu23Cs8hcqF7buo2fvMn,9293.365044751188,1135900,$1000-$10K
Gg1xcPkxXJANwKdbrkQcDELaKsfY328sztBrhm7CUdsg,9293.33239075926,1135901,$1000-$10K
3HPXXYHPPC3XZrndhKy5YtdHxqzv1jioL9wWdBsYfDx1,9293.330347940437,1135902,$1000-$10K
Efsd4MjnxvTsAhYVBnmSkKGZR8YYsMS7534wEBmZ2Unp,9293.326401112696,1135903,$1000-$10K
5ebWjPGcEiwM986e9JcWmJw9muD7UxY2dwHhxASCm54t,9293.322241977932,1135904,$1000-$10K
CGbPnnMebzp3ws2CKckvXm2LbCFf6mrqkRSWbmJnRd8s,9293.299826522514,1135905,$1000-$10K
Gw2wr7HofAETm1S9TrWoSppTL1HhB5N6z1ksxBJXsitm,9293.297794356706,1135906,$1000-$10K
ADmQvuJT5n1g3MKrcBC7fv28LAfSBHtK7PT6aBxjMUQH,9293.275767812805,1135907,$1000-$10K
7NhhSdyLKT7GH9Miw6Bi3E1qcnDH3vcCQF7pbTV2HVAJ,9293.270749013855,1135908,$1000-$10K
H16NqSqXnuzwojb5Wrvz8gAXi8oRFJMvuHPpojFssSPS,9293.269607281973,1135909,$1000-$10K
BjdrEkpVKEPe7kxuUxHnw9JSaDqADX2R8LHdBh5MXJUo,9293.254937228552,1135910,$1000-$10K
C2xWRr1i38T59Rrzw65kihLjmiaJQFkpTWmhMhWXTCvi,9293.250353583651,1135911,$1000-$10K
BdvVwVatCLpTqSC9TBppk2F46vKc6xPBYmrYnMqFp6Wf,9293.246214799987,1135912,$1000-$10K
DUDJx7vwBcAjVv3Vi7geaeDkBrSGDypipdJx2s6zqBXh,9293.24029355534,1135913,$1000-$10K
TWkVd5RYxMkReRssyLrofs9PV3GipeJf6XsWSvjZqj6,9293.232065909318,1135914,$1000-$10K
J79B45imdmsi2xwpAganFLYac7Cjm443wMrpcfUxJTDY,9293.229766982884,1135915,$1000-$10K
J3z3CuD85cz7rLvbQcpHR7WQp4jkNnKi1iQPtN3jt7yR,9293.213059735395,1135916,$1000-$10K
6vPXhW8xuWZ6DgdYyPB995UB4pCeb3BXKWuHpSgJXAHf,9293.202188944751,1135917,$1000-$10K
6126Eqsa9PW5mbWweayQ7Xm5WZR2kBqq8qnPvDFck67w,9293.168215287318,1135918,$1000-$10K
FMsepDJ22tcFT5MATGwpZHcFaB5jAKGreyXcugckVs4A,9293.143738806566,1135919,$1000-$10K
DBjoqp5eDUyxq8LDmD2moKwb9eSvYifwbr3Uu7LAB2CD,9293.127490515499,1135920,$1000-$10K
97FKi4nSBELZy5CiYpYV76XY9rffo3TcgE584QTBmgB8,9293.112872661046,1135921,$1000-$10K
5hWEvciDoZ6zTi39YpXg8qCecokiuSJ9YakiYN8HULM3,9293.112098445352,1135922,$1000-$10K
GGAUZdCAec6QBaNXBLnnZz49EWJQBcBAutXHZhqfBz1X,9293.105613452204,1135923,$1000-$10K
J2m7LcdeEFk8kFTpaTGgzH3f627ePLAHyNwn5uzTCA3b,9293.093585529796,1135924,$1000-$10K
2eFMNNGGx2YnEYAghn3mjmx8q6XWQZJvPJvzijRrvX8r,9293.092400296262,1135925,$1000-$10K
3gGz2rN8aoHAntuiszxKUuEFJKntbeStGfAbsL8gRugm,9293.06071257004,1135926,$1000-$10K
8KR1mwjNLkgDe8ZDi9uRujMnnayzVJJTiHkefT8C1kn,9293.041886309495,1135927,$1000-$10K
Bd6zFoNcWtxv1hGNLM4iNJgHqvCmkixNubStpLvk79uX,9293.034438283452,1135928,$1000-$10K
3WWU1F95Ae3x4H6rH96s8KNhC8oxZ191DaHwhQNTP8bC,9293.029723046893,1135929,$1000-$10K
jA8925DVdqcuzEUw6Ks1bRcQbszjzUhcnvkUzbE6CqE,9293.01709191142,1135930,$1000-$10K
AXdffzouGX4HU9UxxFRMEFNXpnM2AEKeGj1MmcGj9Qct,9293.00318703813,1135931,$1000-$10K
5UyxnXBvQBPwwuNhETD7Q8ZcT7pj7MjCkTZ9o5eTZHxW,9292.990864426374,1135932,$1000-$10K
sexemYc59ERoS9fpD1BD3PUxvXmSRTZVLJnEp38o4LL,9292.9531539157,1135933,$1000-$10K
9r2CjeoFaZ9ytbj4aVkP2KbZ4dR6pzCjxk9y17MyanEh,9292.937971986205,1135934,$1000-$10K
6PBep32NUPi2J3246RvuseeFSGTD2KiEYrFmCbTdf4DT,9292.918473551399,1135935,$1000-$10K
GaVyod5w9mYpi7EwsTuejnpHJhkL65S9oCgRzXeQCWeu,9292.906797671523,1135936,$1000-$10K
HfL74QkHVWgoyg3KoHF9DRJ8rXLfQJeiujxFgpQg1J6d,9292.89680954795,1135937,$1000-$10K
2N8hmZhZrsYg3odujtK2hM77Yc8nfWAsKyDvhCeNiXR1,9292.88224389944,1135938,$1000-$10K
2xk1bSM5f6RAoNMBtfQzLBSJFkfDLan4SgVkvBt8gQD8,9292.847759144222,1135939,$1000-$10K
AfAJes3edcYVtMrAXJoBaifxQ4ShnatiVDLdxxs9E9MN,9292.83732952191,1135940,$1000-$10K
AHgDvq5SeUmGhewcBz8L92NqAQvQEqNhufHk5eZXr6AR,9292.822859800875,1135941,$1000-$10K
FN78LNAg5i7L4XLaZE3jN9VFiWjLRUHkA4NgLCbVwXHV,9292.821979981061,1135942,$1000-$10K
BFfRwm8kw7jd1aqfRDEERx3CMsEuyxjVEjZGkGcPV8g2,9292.811181445206,1135943,$1000-$10K
71Zng8cNb82zjBuyvz1SaYcSveWiG9EjohDcKnsYB1v5,9292.79677725763,1135944,$1000-$10K
EUDuLbpAoYzamxNqyb8bsRerbpXgxL7p6aYZFAYeP84V,9292.76610362165,1135945,$1000-$10K
GMZ8PjwU1FtwSmsrm9RnjFTCtZnsHvAyrPcj7urhgCsZ,9292.763544732054,1135946,$1000-$10K
BnEzyR69UfNAaSi45KB5rkXjXekE7ErHEnVWNgYqFPzq,9292.75578249005,1135947,$1000-$10K
HG7LrtRMiy8k9tu7xTQL4VMEqGsbi7KZwXb3cYF3MtPU,9292.7345,1135948,$1000-$10K
ETVKaPBckcPZAF2pdnso56VeJ3gLd9bsJbGzbx7qqJcQ,9292.694764849057,1135949,$1000-$10K
7BdA6ksP4BHt7hSM3jbNUcfynpWJynG8fHvuCxGZzrLY,9292.693610691693,1135950,$1000-$10K
J9zvHMqoyRJG4Y4uzyuCukZ4se42AhQ1HppANJmxKkm,9292.60420089716,1135951,$1000-$10K
2LQbjDUCCnY5a16B1k7LscgLemSjswrUS4ZXGcQVLTCt,9292.596593511471,1135952,$1000-$10K
9BPwiBLT65M2fetq8VRkGhTvBxqwuRmzvkrWi9fgDS3j,9292.59098766105,1135953,$1000-$10K
3t7xgKYgHc1MWKumP9xqZ7f2YZV55PP32niYctdBfrEZ,9292.586647246513,1135954,$1000-$10K
ChJiquGJURXnCvz6fgHSNaybttE3EaXHtwVsF4sLr1Lr,9292.580965053112,1135955,$1000-$10K
DwZen5GPQN1q7Fx5LHbYGfhr9iz8jgK3GRVsQzfNXwcS,9292.579189473096,1135956,$1000-$10K
BiyTU2pnEaaAbxndurSg6FXXoDHc4PKgM2qMf9C7g7mw,9292.57219993015,1135957,$1000-$10K
Hg2gzMC5uK1S3uDnLSD3tXE5RF6crTvxWSKoyhWF4u88,9292.564276135958,1135958,$1000-$10K
DacL4jgocXWcLmMiyCt6gXbiURahhCCuV3aobN7coUwa,9292.543896866537,1135959,$1000-$10K
BWf2mYhwgTqwNqooKhBB3DEFRMMaHQE8WuoAiWLRex4J,9292.53839239404,1135960,$1000-$10K
LPNQGuCtvD4UDSMwk6HWnxoa2ck47XqrK5RgqarQfNY,9292.533936617816,1135961,$1000-$10K
HyyfXrYn8u9n9a99xWmJnEFWpqD6nrTZBSY9w4f8wgvm,9292.525396597623,1135962,$1000-$10K
7Vq1v4meZbLtg8UtCPqCNPjVahRMdtTuo5zi93QG2iA2,9292.51933220976,1135963,$1000-$10K
6qmAgAjMhEnSJokKcHg88dt4mw9AecaZrjgbyPU4rgte,9292.518556858087,1135964,$1000-$10K
Bg4Zq5ojdtJGnni7chM63LxSUtEZL2KnUiwJzcukHSCT,9292.517320083842,1135965,$1000-$10K
2nGSiLXTtJHQLFenZWhKUJ1GjKLg3ZJj3BJcqdcKRF1c,9292.514492060749,1135966,$1000-$10K
2S5Eg8vqAjiHZjxukJnZjv2UHW5NNvJqpnruPqrTQgkn,9292.500709066919,1135967,$1000-$10K
7kkLvZS979PKHZskkooejp8PQLv4SvNkSGevuk1hi7p,9292.44685931448,1135968,$1000-$10K
FffdpbzYuyogV75G9BLtFRkqXtFcTnRrMXLEuA26eVe7,9292.43999670805,1135969,$1000-$10K
AFNFSyAv7zQx2aCmJ35ttnat56efYJjj2nomLCSYpdh3,9292.439673970532,1135970,$1000-$10K
8avTyV4Evn2tVyZJMsRqiR1b9EWBWchcmWVnxYJcp7NZ,9292.438081699964,1135971,$1000-$10K
6wtQfCQrvo2ohjc3BrdjK7G8Ci9o8rLqBEkN8m7Tcy1i,9292.435393184716,1135972,$1000-$10K
GHhL6jNYTZ6wk46UGCcuuQ3jHikuLtV4B8Bbaj4ZstYM,9292.432220837114,1135973,$1000-$10K
5KvrunTpFdG1iWuKm4NQ2SSBzfzV8VnzoGjC23k4v2SW,9292.418990538208,1135974,$1000-$10K
DcKQVmhSkjEof5FeD5NxFDaigwW1rxk4YA4peXD4r6A8,9292.418052944598,1135975,$1000-$10K
D2rA7mkv5cBK4xJqQaT7ZFk8jEYzZGHXpyvYRGNawxqq,9292.41690027749,1135976,$1000-$10K
3wzxGLhEiBxcUqACksV19Em9jzeT7iKRjTsy9ywjtDQ4,9292.408668227772,1135977,$1000-$10K
3yiPm1LZ4MZ8ifiwj2Q9NZPqsjdGqShQCGVvsyTb82XJ,9292.385660126783,1135978,$1000-$10K
Dz3EVne7UtWmoGW1vrDAWZbKdvbzJfHT9CQezwWa4KDB,9292.38325025662,1135979,$1000-$10K
539ZsSatZo3GDpHgzncR8qt99MxNW4KnQAmZ5rzhPxMd,9292.334213254559,1135980,$1000-$10K
24uRcuJo9BAYcYftVFNATn4QLn2p3WfEcVrbukza1Qtm,9292.322326722782,1135981,$1000-$10K
CJyEw3oWveLN2RYS8UwcoWwnXRNSzKdeF4NBEHUZHNRQ,9292.319835138118,1135982,$1000-$10K
3rQ2DU8mdxtcyjwvYN6VWouNtkZM533vkKbzXowPCSkL,9292.26600151576,1135983,$1000-$10K
H6qvvkYEgCb6L328dhQZu1iaSjzxYULdWW3Q6SnmBPUq,9292.26203947035,1135984,$1000-$10K
Bj2ADo7An3upZgYRDVCgxWK4BfTK7h3gc72MRkaSRzF,9292.246248119292,1135985,$1000-$10K
69VsaM2m1GK2NYYGg3AH2MdMfCiwnChCV67pSHKGEB1w,9292.237620238535,1135986,$1000-$10K
68LBk2pShYXp4Z97foY3UXbTaja2HjBiwsBLBZikX1RG,9292.223397217522,1135987,$1000-$10K
GN4w6yBhuWQ86FPB9xgaDfeVP77iybTAAzWuAPFg1Jcj,9292.208638247674,1135988,$1000-$10K
5rvqN3LTqo1ShSekxLN2TkQJp9r5qWdYmFwUn99LEqW2,9292.19619978595,1135989,$1000-$10K
7FyzaZtb557gN31wWQVXTS9QwyGP2uS4JXRpcWoS6yCP,9292.194603423342,1135990,$1000-$10K
ELGHrMsnScAgLwYaUZcV5JCrN9NS9juajCitR4gHj5ax,9292.181218099144,1135991,$1000-$10K
5tSrE3ftaPPpHjPnmheHfGRNsahUaG7DGyk4MZTZbNpQ,9292.16886309986,1135992,$1000-$10K
EdpyXu31pUewg6LbBPA3atSUisKkeRq2soJJHoZTQhBL,9292.159264314569,1135993,$1000-$10K
2Tgsi5sZnLeKGBg8zXr6ALXU67XztLPKs2bihBny1Au1,9292.157230154826,1135994,$1000-$10K
77HJuyGDbE2JNtsJsud1k8B43cBYbNgAuymbdevmHRd8,9292.15184338255,1135995,$1000-$10K
E9bF3qb1MuQJd9BK97h8q7DbPt7DWMtpppNFugvnjBXr,9292.139595180864,1135996,$1000-$10K
CwpHezbsbnn8bXLDja8EUzykoqbn5v6VUfqeRZr9yNrQ,9292.11611339488,1135997,$1000-$10K
G7Qg9UVaJV4e9379JaoHgWq75XQpTA8CzhTkZjj8JrpV,9292.107604005114,1135998,$1000-$10K
6R2yoN3YEZMyG7egjrZwfDrqepYyu3UiAX3z1GX4zBku,9292.094525160686,1135999,$1000-$10K
GWipFQ6mq7Sz5jAW5bPDnBqEjtzgLqbqJo421pESKRUW,9292.08936699137,1136000,$1000-$10K
ELCE74nLEhiExBFkMCoHd89x5H7TfPEQHNZBzWswYv1c,9292.088012509621,1136001,$1000-$10K
J5CLyE2AtRgwBALJkSHwkEEftXc3EHpcaRxJAqB2mTsg,9292.086284900111,1136002,$1000-$10K
9fc84QeZLMvR6M9ZruNvZ7CKFAgipDUZ7ra5YRHu8oBk,9292.037762089905,1136003,$1000-$10K
5M94uXzcbipa8nkJVW18tdQYSRo3MjgdQzTNxTaiRi3m,9292.037108162078,1136004,$1000-$10K
AVFxBkCvRdY8xHnpYnN4fxutxLTLT9BtzU4aVjtFyitr,9292.02267304192,1136005,$1000-$10K
F9NAf6gzuVQ1kaNuFSYGKWFvsZaJxFH4q6byzjcLMdR,9292.015273437251,1136006,$1000-$10K
h26396Uokq2HKnDsybaGphVHJmiTgLUbzQajziDpcAS,9291.990855089933,1136007,$1000-$10K
8jc52ct499XFqKb7gQFCL4kn3k2rQQzJcFJ6mSDwxyMK,9291.956445593512,1136008,$1000-$10K
GDKZc3CCe3q7vpfrnuJ5Wv8xw6LX7iAVvbjaDXsX9qEw,9291.944290264852,1136009,$1000-$10K
HS1HfZZfb2c8vEXgkgJCMbaPS6TUwMiCfC5Dy3PtiSyx,9291.937530940319,1136010,$1000-$10K
BCLYqqw5z63GuytMsXT1aqgV2Z6aY5ogWapwBJ383XrU,9291.93506160248,1136011,$1000-$10K
J5Ai1omBgEsrP1abygaFykJ4NiWm2MsTEDi5Akc6ArP1,9291.879528853704,1136012,$1000-$10K
A2VSTnMQajpky2ftggMYQWNwaocTDDioXp1TrRASniq9,9291.870043080164,1136013,$1000-$10K
AN1gW3seCqfZ1rsrgfWyRmJiMttP9waAWB5m3Z1CEbop,9291.867130519038,1136014,$1000-$10K
4bQdjRRQp9Pw3vRLX2Lk6eYPMhYzzKnntoi743oJoDnK,9291.853999510115,1136015,$1000-$10K
9G9xfvdknZY1Sm9EQZPMxFsCQ8ZHfUWJ5LcxVkCS9Zuf,9291.81033683855,1136016,$1000-$10K
GoyuTNMpJaPLTNT4fZTkyPqhYJ3HSXzeJXbKNYSs7Lgz,9291.803080188254,1136017,$1000-$10K
76hDGizq3AsLfo6YSqtXZomWhs2wRcoxAFJtLhXwUon6,9291.798013439286,1136018,$1000-$10K
8p3nPTNgCthzyksE1V68W95H9ybzibQimpLPpAbvjWZK,9291.770845353978,1136019,$1000-$10K
4EsYfd4PmdhWhZGqbzaRy7QXzQYzv5VMLjknZD8asNYT,9291.765350611882,1136020,$1000-$10K
GAeKJ8Q54tnR3z2F1EYwCqPBK3p3GrT3dkaJKjkZETbK,9291.75676123531,1136021,$1000-$10K
6jyyfPJz47rMB6AV1f9WwUu3RWyku16KyUziDmHwk6VH,9291.754358141901,1136022,$1000-$10K
GVuuGpKRbS8Q832tvB9Gs8CHiGJqY3TQchau7Es8yeT1,9291.747091427591,1136023,$1000-$10K
JCic4eLnKdL897VTUvzvwHrCk24mjrKwJyd3qaqfbHat,9291.745575596384,1136024,$1000-$10K
EwF7evU6kHF22faptsCzxjVW6zKdbwGW7TeEkR6VU4f2,9291.742470438348,1136025,$1000-$10K
6qd9dt3c9KzsTaPW7NeToWLSjSBsEgCgxe5KiVMMYkin,9291.708956609946,1136026,$1000-$10K
CwJdzU21nrG5Lv1njANQUVdeEdw9sFw1iRPvYhYPDNFo,9291.660284275387,1136027,$1000-$10K
6GLExKErfH59b1j5LbVtAd68Lkq7GAbixpQNugAZQH1L,9291.6527231318,1136028,$1000-$10K
GVKPB1BQRQzefWLUx7fogptsF8wZp2J2yPhwM2hcbJMZ,9291.647544199568,1136029,$1000-$10K
Q222ESjP5T1nKgqSDgujCSYntb5wYBBSicHE8a8HnSz,9291.638076615278,1136030,$1000-$10K
2LDM5WaRqLRdrcz8EZq8KmZwu319cb564WQBfnSU91BH,9291.625285845881,1136031,$1000-$10K
3aFfcPgAFRkdBCNRV4rFWvRE92PSC4ZkAjMfsEMsJAbd,9291.62014303931,1136032,$1000-$10K
68WUNRcJmkxwFpT2WP65YfvgNE2yHXVWzCGnWEWLXLmW,9291.591789696886,1136033,$1000-$10K
78ZY1Vv5X4i3d4gQC8KYeZiok2DUFKL4iP6prpGC5VJV,9291.576494768648,1136034,$1000-$10K
5p5EjPD8mHgp6viFneB3cg3nFiBH5oE3aQwjyMPPnGur,9291.56546432149,1136035,$1000-$10K
GZb4bTC57xVV3rk5ypdbLN2B4T7PBao2izoVnenWskwN,9291.55674657524,1136036,$1000-$10K
CRwBg7XX5xg1QExfVMwgbVsjJNUD7Jnh8M5r3mB5QkqC,9291.525593474364,1136037,$1000-$10K
BveokitsbedpyYf2oGnnW4H2ELUutkXPmEykEcLY2Wm1,9291.51866954465,1136038,$1000-$10K
DatMkHSybjUWRshB86oGCpCSA5CxaaBvuH48Z2tvszMZ,9291.508764463984,1136039,$1000-$10K
9kYRiE1DYHqR8djbUJAsMVusbiJA9Hp9gbhDfGfCbhZq,9291.500957229591,1136040,$1000-$10K
5Fy8Zbu7wddb3akXuEDVJfWgKsaVqhRvkeHszV2KvHK1,9291.484549053315,1136041,$1000-$10K
AjHVvTn2C1b1i2JFqFxGKZUwz63XSpvAy2QcbPRwJzme,9291.47704970419,1136042,$1000-$10K
2LcLU3Y1R5XvstWVUrisgrbAVCpDA2Q8qmHDt5cywvy9,9291.474747470631,1136043,$1000-$10K
6cbfpuSDBH973GvcVPs5StMJ579efgfESVZBW5WahmxB,9291.46734495116,1136044,$1000-$10K
7kWEDNNc9SZL5oZSB7CM9REu6WehHj1XxqhpNcLKmD4U,9291.465880954656,1136045,$1000-$10K
2dyQzwFNYTAkokZwK9XEpWDrSpvbPgdAm5bJB3uozz24,9291.45868065282,1136046,$1000-$10K
2HtcJ3jVLcnwyXavjLS4yHbuBSmMuQ5RLRtAamufWaTp,9291.45683016284,1136047,$1000-$10K
CrDZWtvH1E8hsrcC9wJ7S2o9BC1jjSBU1TpG9sFnwZnp,9291.453896694167,1136048,$1000-$10K
CGsxxfnALW6bc8nuhQoKJZMLHAJ5G9HbQmxJbA8dnswn,9291.38460342819,1136049,$1000-$10K
4ypEvSHBwcDaVgD7VJt6QB5faZEysNknbG656HnSfHJA,9291.35650286858,1136050,$1000-$10K
GcwrhFbPr2YRHkqFYrcvK7voqtCKGw7m9ZPKrfbPiGyu,9291.330871260552,1136051,$1000-$10K
57DXc7qxX3iR1xbmJjV21dgJE8vNEHKn6dmwCQHuSj4c,9291.32624895121,1136052,$1000-$10K
3DWq5mPEsKixvC9HkGgKFR6MTdd2nu8rMUfybt2CD1Jg,9291.31135620531,1136053,$1000-$10K
DDJJHe4UUF9NdfoSzpY4yZmpfsS1KSCgvtegAMk9n9tJ,9291.31112045163,1136054,$1000-$10K
AUkPEWohFa7rv5NGRzc9jMqEvv9eZdcsFTHGAUTGjHjP,9291.303480555569,1136055,$1000-$10K
6rt3RtMK95xzYfHz2BxnS75b8tV6HKRCa9N4R4hj8Ta9,9291.29851318383,1136056,$1000-$10K
75wGJZvBBoredCEWh9T6jUH8Kqh2HXvZHdXvTo4X18Ce,9291.27799564475,1136057,$1000-$10K
8gsNQpjM6NJ1J8PPBZCBf7fCcbaozeks5so81joM6XsM,9291.228072323755,1136058,$1000-$10K
6zeWBtjyGpFyVeGLGzQbuXYugFhnS5ceNoaz82AeajfG,9291.226617957973,1136059,$1000-$10K
DeNyBacmaxyio93MhPyRw51GmSCzwf7WEj1FerCjZA87,9291.172928504666,1136060,$1000-$10K
7ZXHP3QwpQgYHtEhZ7GrWkvDEvsjDb32Uh3dk3PNheKA,9291.165051264788,1136061,$1000-$10K
FvrhxdU4PD9QfQKCPcx8fTQawUXfeivF5M8SJeELRyth,9291.161595510855,1136062,$1000-$10K
5VXjczm7h1AG6toJZxPbHfvF7DUiyx9VBqQFfcgVNSk2,9291.143061155475,1136063,$1000-$10K
8SyWLkhWctx6tg6dwbJdyEvcijBbx5p4S3qHMYhZXEaD,9291.13198475799,1136064,$1000-$10K
HPHj3unc1gfVesCupst9H5mqz31sBA7wo62xqA9mec2g,9291.104137285853,1136065,$1000-$10K
FGgqsgC372U3P9iK3HiCK4vjbt29JMn4XmUdYdG7q44o,9291.086938600274,1136066,$1000-$10K
xxHSsyqat3DnwK37peMSMqP52QyZR8FmFNRFi47izgW,9291.069777616918,1136067,$1000-$10K
D5AeLsXCcrKPHm5T4LsKse61ZeFKz1zhHkLXzRFekxqZ,9291.053194100656,1136068,$1000-$10K
FQrXWH5reKZxJUzJiRfYjoQNQae47doo229UvNuHnwjX,9291.036067680016,1136069,$1000-$10K
FZz9ZADsQesXrnUZF9zfQUCk8Nwmf42yH5ykZgXfgG6E,9291.02292027569,1136070,$1000-$10K
8MHYLMqZCrtkSe7LeyoaFaxZ3cJgahyafFNtUn1n2h9p,9291.010264699804,1136071,$1000-$10K
EsXL5o9AZuChbdWDHcxr3eFvrpUum9YwV7342tsDtd7Z,9291.008774962102,1136072,$1000-$10K
6ALSmdtTMyTtpLdxWZFFGUSdiEzx6aeD7iuz2KV3Wpvo,9290.985321289358,1136073,$1000-$10K
GnRL2RJukockcoEBkKcBshevbqAZEBCanvF5QbUhENHM,9290.980175766317,1136074,$1000-$10K
7mt5NRCkbe3mg898giTYSP6fjewZnueJRDy3jJuRVYcf,9290.975763002842,1136075,$1000-$10K
FmcHk2AcAK33AzNQJwS3Xo9e2zUidjvsEbovQib3XXt5,9290.974946073005,1136076,$1000-$10K
Amuqfnmg4oKaHoceinrq3amWjMZbiF2kTwbxgAXDTvyX,9290.967222090987,1136077,$1000-$10K
4FHcMSWB6xxWBBfVMjzJVT4v4UaYywEubVo2GGbFwL1t,9290.942094411124,1136078,$1000-$10K
GZbvKvhwTd5vCk2XXXTagGu5aCdimT2nvk4ML6joK4TV,9290.92430360892,1136079,$1000-$10K
7Y7VPstem98JbXu1bEScjUZwd5ayQ9T7BpsHhw4XKZMD,9290.877736524988,1136080,$1000-$10K
2oVT9FhENB3PgjL6Seipbh5MWTzHzeUvghfVPTbNwzdz,9290.870818353069,1136081,$1000-$10K
6H26GAmUrwrX4NRXMCZk9UUgugsj5LwWdDH3q4t2qiJT,9290.86892421494,1136082,$1000-$10K
5JhWZquYjpiWTsWPje9oYqF3tNUShUnjYv7TneeVzT3n,9290.857590101217,1136083,$1000-$10K
EbvN7S2ssWcUNjY7MQwvZqErUGr43EDrUBxJhRD4WPKV,9290.84715753667,1136084,$1000-$10K
2mgDf6626MDPMV8ESR9RAH5vNkzP2fm22C6X9jz9TVjA,9290.843867639338,1136085,$1000-$10K
3PPCwAjj8GNphb3cRs7kP1QVghEUX6gWUH3M4JarQsTD,9290.842144077124,1136086,$1000-$10K
CrgtYCYCgMw18QtqNsD6Xsh4rPtDCRn5z5Wn2okWF9uM,9290.805721910772,1136087,$1000-$10K
9LhdVQZ1aJYGDsraYJy63fChQLdEchcWa77pJui7fKFx,9290.780794528946,1136088,$1000-$10K
E8529qMpLQuCwisrK7o4CmctYCtsk5PML4iMPAJ7njiY,9290.778208562777,1136089,$1000-$10K
5CGsAn3akAzTjSwdw9okkCbm9vvSWD2bxtWjYmypt4Ev,9290.775131177668,1136090,$1000-$10K
7W9wzbwh1v2TioiLLjwXotutY4vC5KBFtbNBzSyAPdEa,9290.757416532697,1136091,$1000-$10K
7zzYud2UPxLxSW19uGo1SMyQxZBDVoYh829YJpZkBBKd,9290.757029405033,1136092,$1000-$10K
6DoA3nchgPWXUm3QXRvDX71P3YwH4YjD1REdnKVj1sc6,9290.741121431462,1136093,$1000-$10K
4asdtTFBnv2Xmq8Hvj2giC2rAE5kKnUDZX9a2XWzBhVm,9290.707389003695,1136094,$1000-$10K
UgDfWLsfEbxqXdVNFAye7HMEmrrxStooLUZJsTVa1S7,9290.698032611206,1136095,$1000-$10K
jPjswGuztEr6NQPv8QyeWC2fr9fn3f5F1wuAtMSzz9m,9290.620167472753,1136096,$1000-$10K
6jgTX9uv7DndayxBwKCWyeJumx6PiuvbBAPw3FDw8wVi,9290.61925032926,1136097,$1000-$10K
EGVh5riqDUCmU7ZgcRu8PmrVZffa8D83L233dpyJh87w,9290.617567600688,1136098,$1000-$10K
6eWYYxej1SXfdQ8wDQqJAbP6iDovmjQLoackdTk21iaL,9290.616522254091,1136099,$1000-$10K
7GjnF255UZ5Nk46Fe21QmGHNHQ89zYgX3HscdEW8GwsR,9290.604088044043,1136100,$1000-$10K
3J4epwtm2aZWLV5wups94qwsJGsCsG4GdoyzGeFK5iEf,9290.56240919409,1136101,$1000-$10K
FoFvah6sgMuVNo2eaT9ap1kzAkk48BPqp4MuYUzdAk3p,9290.543462431562,1136102,$1000-$10K
AdLF3z4NauokCeWhdCPoaQYZaCTALzJ5xQtXKxhC68wt,9290.542499211233,1136103,$1000-$10K
DVpYexN3sG3GeEbH2JaJZZRSUqPn7L8f1Vj3r712XJFa,9290.53654363618,1136104,$1000-$10K
Bepr2C2MDUmCT1HtnkBBXpDMuLKw6qYefsA8YXQVHtFQ,9290.532636793043,1136105,$1000-$10K
BPBRgZPhwboAxzbrFAroZyTTu5rWbbKewSKQcfeYnWsm,9290.486736271701,1136106,$1000-$10K
A1LBp8TrX2Jgu1Jg7G9cKMLraeYLLqidkeoAAHwbXwb9,9290.483699134013,1136107,$1000-$10K
6c8GugPr5wTddCMG11ep3cA2Q9vUqN2UY67HkTjZCBht,9290.424738701608,1136108,$1000-$10K
BHWwG3QXWUZMxXhLJ7SRbp8mb4U6JaYzP7ddS6G9eEXw,9290.42271415368,1136109,$1000-$10K
7WAZ75igM3RQWKg8nMia2xHht7wMfcBBEmjHnc1frYgo,9290.40130782081,1136110,$1000-$10K
4X49hwrgztSBCYRDv94NdcNaBAAkaLCCT1SdLu6oqqbK,9290.387176063168,1136111,$1000-$10K
BctrJGFFfDPnhzV9n69thWj2jKp5MXYV48N6RNmnCArd,9290.378636168678,1136112,$1000-$10K
7UotEuE8sMKV9BBdXsp72mcxzbAa7sqTWKpBjCneLsEN,9290.37277924597,1136113,$1000-$10K
5g8SjQqwmZkF3Qz5rTSU2iagEGBnX6iJBedbnNMmC8n7,9290.360970885631,1136114,$1000-$10K
CNqJAcf77d6ekdh8npNbtZsGUuiTTo8YL4dFy8FGNjw5,9290.350651301387,1136115,$1000-$10K
HUmUNyyn5mkeW4uYdqKaFdcK8S4EZ5KBH53nyzsgT2fM,9290.34967053048,1136116,$1000-$10K
DAo1dF81NbwEEh9ByBWGEqfb5hym9idqRFTaeLCj4PoB,9290.226439053446,1136117,$1000-$10K
8CF2GGhh271kjeY158BjwongcEifYJMNkNrpa5PArs2A,9290.201617169054,1136118,$1000-$10K
4RyzqJApgDUEQL3nDWpv7Zey1fKHR1VuWkiTe2HrLC7u,9290.200112062383,1136119,$1000-$10K
4DrpQFmzc2FoNZn2oJsEJhW6Mq4oewVsAAoEuBk6qbJB,9290.168245879462,1136120,$1000-$10K
2YaQU6dxvjnWhgj3yXzYW7H6foxg9tSawP8FKW1kkg9L,9290.139557447896,1136121,$1000-$10K
5UmabEQBzuC8RNHnt63Xate6wCit6UXpEitb27qKH6TV,9290.12545594588,1136122,$1000-$10K
Dto13EhttQW8invVmg9RcAE9ZhQ8xvWK6yc8ShN75PNf,9290.118453606898,1136123,$1000-$10K
3YaRdn4wP2AmXWiUjaLY2GPbCTGeL6wXuf3CR9vHxZjd,9290.11120025962,1136124,$1000-$10K
DJLi23jo7ZfanibCfi8opb3C88hJB78oV9NZTR21FbSD,9290.096760558807,1136125,$1000-$10K
Fv9rtBZ485WHYAP366oqK2MP5CiDN9a9Eu54hQyzi2pr,9290.094085460925,1136126,$1000-$10K
8nmMfj2eXkRdSyQxrpou3fkvf48PwL1R9WY7QxxU4VS4,9290.060024541543,1136127,$1000-$10K
Drn31EEmaywBntFuHz1RnqLWhmQHvXR4mE6qu8Lmc6ML,9290.02027009664,1136128,$1000-$10K
9ZeHQHXu3rvC3s3xTJHfNqfC8ZjMU8gxQUfFoEiS8krz,9290.011821220882,1136129,$1000-$10K
DwvizG9gkaCNT5MtdaFm2wERs7MefuiXoMbXeyrYTVy9,9289.998905155902,1136130,$1000-$10K
EsGyCQV3L2tbCXoe6Jbdy9hHzA1ttw942BoAc3ezScAi,9289.98036808726,1136131,$1000-$10K
FxmdBiWrqM13CtGfjrN6caFbfiv8oKwWUEhsquPwKH9x,9289.977531070452,1136132,$1000-$10K
3XwfW1QWSjQjhFUjUu7KdRRXdM9dqbpAfXzsREaXotQr,9289.961958703585,1136133,$1000-$10K
78F1sh122JRXjK5PiZzbgzxQZhrDtPupjEyf3teU8kME,9289.951911952186,1136134,$1000-$10K
GznrR48vE6KnamYzDvhvDbjNX9R24NYd1oXZBmSyr85c,9289.950688758008,1136135,$1000-$10K
4C7zv7BYUQXezs455BkiQZWKszxrst52gTnAvhnhNzCu,9289.89243097085,1136136,$1000-$10K
DRaNFi9EmVTbD977Npxa25GMP9ojdYBXEcPqYzvEmtte,9289.875194308122,1136137,$1000-$10K
3naYsRZi7FvH5HtMmThWRZbVB3BsQ9QfaYSd19UWCXDr,9289.868053430098,1136138,$1000-$10K
GVyXKy7Xv94gqNUhTwuYcQ2BDoEyQS5eYNvWeqEUwoqH,9289.844053083312,1136139,$1000-$10K
J4oXYjZidYZ53exDy3nmFhm1SeY1KTNXNxUaiWCvANa6,9289.82258563289,1136140,$1000-$10K
6JgDoWyVZqigPXnDDfPjhUXT3vtbaa1BHHcQtJWJfZgR,9289.789337039394,1136141,$1000-$10K
EHtuAVX2yccAyFbaEN2KS4rUaYojQxqFVojyfVCNC6jX,9289.775396205758,1136142,$1000-$10K
bNXMVE6YPXccrwsM7ia6nx1UkvXrck2bbKSSuaU1k7T,9289.761683219398,1136143,$1000-$10K
8XgHfxCyHksgFbTBvQD5rneQ4zZSCtruUBZ2YnsAwaH8,9289.749837672418,1136144,$1000-$10K
E2TZxfBJ1CkaKbytEYKBmUZAdjShkVaC6QFhrF3ct9Fk,9289.74854127028,1136145,$1000-$10K
Fn1tLdWcwp4oZTu7xqnhnE7HVDT4JyRFfrE79yUiQ42G,9289.745256634993,1136146,$1000-$10K
2V96ngtjy8FQtjxVCnA6PjczwAKBmJM5FZb9Nt6X4Exc,9289.743552523783,1136147,$1000-$10K
7UFYvyN1Rn1WVWouzwBCoYozFhqBqidXNMvqWFN1X2Qj,9289.740434243979,1136148,$1000-$10K
ESPGMQ4dW45opYaZPbdqtahCn7FF8qy8VJyPYgM8cZkf,9289.707379070645,1136149,$1000-$10K
EDyBn92iej4nCMW5aRgiXki82gLbdzFCJX8eAYoYYGTM,9289.705543048796,1136150,$1000-$10K
8G6aWTvCyjSXt1aY1P9YZ4RYrRwuFhwoYaagp4EV4Lhw,9289.666324686204,1136151,$1000-$10K
ABhXiVsL27ever9ZVBV7uetSBDQX4YLtPA2CDkJh5nTA,9289.649255146052,1136152,$1000-$10K
EM1ULbCZsVkyE6r1XzyPZpAiPBwP9HJXCiBgqxrXckum,9289.645246635,1136153,$1000-$10K
Y8xT9E1Pk2fGMFLWPZNYxYGr2XtNDEVEbS1Tb5YW82M,9289.638582797246,1136154,$1000-$10K
2WcyCvusmuFUoTPiZR4xACXmtua2XXeahgwhDfxi2gi1,9289.619405748072,1136155,$1000-$10K
5BrZ9Lhoj6kUwVVhn4ski2BgNqJMZeuEdKQDSkBKgXEL,9289.609001234092,1136156,$1000-$10K
4UZh3PAZc7MLhG7zVtxL91LB1JhAnjLVPCDjCL8tswpi,9289.600469800755,1136157,$1000-$10K
GyLghgebezYvfeUwgFksQpfMJHcMiqxTGcx99QJ2p4CG,9289.594658829805,1136158,$1000-$10K
7NFSrAo9EDBZtLrx8dCtHbT3PtXGhrEqwLxhLx4ZtvuR,9289.557626394722,1136159,$1000-$10K
5sm6zLoXBAkiXF9VzRTydtSjVKut8S5qiBuaViwkyhJ8,9289.557572790603,1136160,$1000-$10K
8ANShxpxXGMCPfsX3MjWJrRynM9tk2UqCwzD4RNC59jV,9289.551179878117,1136161,$1000-$10K
AdX1PoSPfPWapDcgeJ6DiuT6NvemDdJM9LjrqTQ16Lvh,9289.547653599397,1136162,$1000-$10K
4oJsCT5b99jHu6hoZx5njtH87tdyeDeeSQr3fR5r7hoU,9289.51455514501,1136163,$1000-$10K
2rXwECJwSUai454i29haSExXadnLxkHFhaYz7Ef2dhKB,9289.487048048148,1136164,$1000-$10K
4NUDvkd1FQEzK8i5XYGehbJNmmD1qMpbvVPDjFppf9mx,9289.485142991725,1136165,$1000-$10K
CKwfrvJ6uXzEQxCTd3r1K5C1ZHi1dUXc4gUJ8aVbo7h6,9289.444154471372,1136166,$1000-$10K
GkptDNJwMsG6D1yfsRu3qMPJtVNtwMjdi5BBxXK3oUic,9289.42762959997,1136167,$1000-$10K
7XzzP1djtXGkfFHbfJU1c7f8eSZYfADc9kiGN2juTSXr,9289.402981016194,1136168,$1000-$10K
5dv6Pq9SdN7KemKgRmR8U21CsENQ2EvcC2XJ8kbzPDgJ,9289.399716809581,1136169,$1000-$10K
BtKJCggm83LM45o2fX92LtGybaJ2Ywepj96qU4p2rmby,9289.395487593041,1136170,$1000-$10K
FdVgpTNhUrkgPQDu9PCDJ7ke5MemYf8vMb1NfPALqbEe,9289.393151863453,1136171,$1000-$10K
H4yEMsQSmXWmhZd1a7XXfmhTTT8MrFKiAYqfdGWB1gmt,9289.383505537415,1136172,$1000-$10K
AAPTtW5VYWFN5ufqRrxdgx7xeGarbAqt8Dsy7iirt2UB,9289.38126301507,1136173,$1000-$10K
GF81meEA1KpHa81K5rBMpSzDAUTh3kTZBKWzGosymGpJ,9289.37523833064,1136174,$1000-$10K
8qEivFT6hyyKapMVyorTqxSv9mpLvKF4WJB8H1qo6x5P,9289.37222081051,1136175,$1000-$10K
4XwvivuPNpUvwzXU1T53Pfnez2fjGPn49BTx897BP1qk,9289.330378162944,1136176,$1000-$10K
7sGZDHjQxU4oXzBLYUUH3sc6x8ifeoBAdjWeYB34Kpty,9289.328044876806,1136177,$1000-$10K
A744VaaT1ZwsMmmKsNnevyud6ZHPPZ5cAKFNTtaMFq4d,9289.322269881683,1136178,$1000-$10K
8uwr3udrJYtLPJSzf9KvJTBTAafy62pGai8rrDEcdV1e,9289.298104635214,1136179,$1000-$10K
FnciVE7cN9qXW8j1rcYEw2hw5UQbeScAcr67z8ht1uEV,9289.293633999454,1136180,$1000-$10K
AvbrUuNsHRUhpRTg9GbcESgzV4TTswctybPrtxot61wd,9289.286730317897,1136181,$1000-$10K
71M4ga89QJFEAdfits1p38XjsmLEN1pGg2A93ZugZEQ7,9289.286527447794,1136182,$1000-$10K
6NkhDgNT42DdWCByuxdNSiQzz7m9aiVGeqpLwf33YSoH,9289.285925307715,1136183,$1000-$10K
Ehfw5BuzDSFVJTQB32LZ6wuicLY8LQPWuR6RUfHePqQK,9289.279159800475,1136184,$1000-$10K
Eysaew7z7kFTxqpkm9D2cWG3Q1Nt7UuQBHu3FRPLwEW1,9289.260788644739,1136185,$1000-$10K
4VXqG9UiCbrpPJTrcT6Y9XZH9whUNqasii5CCPU8Tr6m,9289.247581739784,1136186,$1000-$10K
3vyzGNG7QkJnRMFRRhk9VGZmYFa4kcgnYF6agzv9qvUN,9289.210792574368,1136187,$1000-$10K
FCU3SGi4HquUcbNvSEbQc8f7t2ZpibpStvv4Ao9X1qA1,9289.168741916013,1136188,$1000-$10K
Bohc3JjquaB9HzgFDHTGGLWgg9mfFMCjpmAjYSs4HaCJ,9289.161741743463,1136189,$1000-$10K
9CYPPKFBoMZrbjq9gTc6XEWYTmt3YfofxoVWiBLj4LeK,9289.156279554702,1136190,$1000-$10K
6oi2sBempz5HE63zirrgkcsWKyn8FKrZywEEFfXNe2pQ,9289.152947981554,1136191,$1000-$10K
6XjdoY43EierDhor1T3CdTDkgRCsjCizAm6Wyoip3FN8,9289.141937386872,1136192,$1000-$10K
AtVkHuFcnoQiFc5aq1GithjuEwj1zFqFyMpRDHqPJ78Q,9289.13748139917,1136193,$1000-$10K
D4dDHcLsYLnWnThSnqbQCugnxoyLwf3jgFWmvbGQcnQq,9289.13096749401,1136194,$1000-$10K
BJLPM6GsQt92mXLZVxNV1qjT12pxfzTNvi6AJuV4enMJ,9289.08858420604,1136195,$1000-$10K
8d1MeGiHXwVXauivKmqZsnqPqHbQY82LGqj7uMUFz8VT,9289.043867249546,1136196,$1000-$10K
DcBRxPs8cDLC5bGrgL98aM8xnefVpU4VhRkk9g6gyvXu,9289.03331892184,1136197,$1000-$10K
5b4f4sGNiZbKPnbZdr6V7KndruhWucuvDmpUQLTqnHEx,9289.025824246763,1136198,$1000-$10K
27UeCmQ75LLbbk7TNHvfqFvRtZShXtvW1Pyxc75QTtC8,9289.023065494965,1136199,$1000-$10K
3Z5PieDhRKrAX7ef7YcUAwtH4EjkQK3t5KjfhTKxFRBB,9289.013993791803,1136200,$1000-$10K
DLD3B6vkUrZ99mZqCxkmaw74RnNNTh7AmyPCN26txxcP,9289.011440659026,1136201,$1000-$10K
7BwGsg9ytS3epUfrs46yxeyJaULtyZRo63Wnkc9mHWH6,9288.98928322294,1136202,$1000-$10K
7ELfXt4Lvn79GPeJFfnRLDNgqoEQbYWiAA5FsefANTYp,9288.953726927595,1136203,$1000-$10K
9Mf79Fd7YUfSyPYyNwt3oPUyLUeKspdCk8iV93DMEVie,9288.913162764333,1136204,$1000-$10K
7t4oGNNaEPRQBVmuMkHZhACW39E7ajyj5Hvh3XHezFre,9288.884568845007,1136205,$1000-$10K
BJmzB4Gj2WMZC2849kPqrReLPRuZFVckUr58MYkgFkps,9288.86886090931,1136206,$1000-$10K
H3sNDgi5RQe91nLTuYYpWMnuduvJwouHt221jYyMYUSd,9288.866757099542,1136207,$1000-$10K
C6CGEcQCAZL7Ap8YNKLugoV6HRc2LfT1rQYdDibkS1Rh,9288.857283830806,1136208,$1000-$10K
GLxhZymv2YKwcCR2mQvpH1SyCRWN54WZJE9ziXfHgtHH,9288.827608543388,1136209,$1000-$10K
JSNxQkzaejtKLscRdCxmaqgDTR9rE3qcefkxniqpbos,9288.816264054089,1136210,$1000-$10K
3AjfdzrKrDY1NHZsm61f3Ypj8PAaiPkf4W4hDUaA7t1w,9288.801538492142,1136211,$1000-$10K
kyTvkRvSuTWU6i3g39riasfaaBwgQzJ2qBKssCmaG7D,9288.785447650931,1136212,$1000-$10K
FAKQ3UFgeKaSjdh6tcT1eqEmcG5JAc7L75M3whZ4utpu,9288.770241948869,1136213,$1000-$10K
DLHP4wmmGDdMf3c8wz4XtnBC5PCPhaqNpmzEhYEe2sYA,9288.757428097246,1136214,$1000-$10K
GosoZCcy2tNiU34fQ1JiYprDfTMrRhSqLzFQwdcbYD58,9288.696292374756,1136215,$1000-$10K
6guTUvF2ReqobgMiykzRTxy8miEopwvbrLhW9auvbJRr,9288.67291765506,1136216,$1000-$10K
FWWMYKY1iovHTAbFXusdcVecVhuvQ1rQ2yFGpTei3Ye7,9288.664980942576,1136217,$1000-$10K
3jSC21vqLsSnWznipxTqXVWG8T8y2VAH6XrkodhAbykL,9288.64212911171,1136218,$1000-$10K
7EbwWbxvUEPumWWsYySVhT1WYzy3baPczzXZqgpQXAqU,9288.637536049613,1136219,$1000-$10K
FUZBkvzdThdphERcwf84NmAWw2kfSeTkRiAFNE2t1bDW,9288.617405095876,1136220,$1000-$10K
9Th56tZRyjjz44LUkWDuUxzzNNKBiANwtwbrP8ARGiva,9288.6,1136221,$1000-$10K
B5ejz28D3oSz5RUgnBJPKgUaDkDczCvqBsrFzkM4Fqb5,9288.5989650293,1136222,$1000-$10K
5WDxtpqV7ppBDUdxghFZC7GspjHnK8Y8hQnSoVgdcyXn,9288.585409062256,1136223,$1000-$10K
JAa4c2vz2w8j7jCZ7MkMR2P8Y8c27rKJ6bvdWABqVVJf,9288.585223504264,1136224,$1000-$10K
5APS6fcM7tYAFNhtSttopiXtQ6Zitc6KuRNeUdg6HnUJ,9288.57426103209,1136225,$1000-$10K
76d3hzJZPw9T2qgzqZTFh8HxWJ22qqe35U3K7zuNPtbz,9288.571428713,1136226,$1000-$10K
84fGYYD8ZamR6FEMmRQ7m7YYHAu17hQtGwCQkBhxpANm,9288.571234384437,1136227,$1000-$10K
7eoTWWxuRYwzYGjQ2TEAtW2j2FtFQeXiuKcSQN6obpVm,9288.567231401512,1136228,$1000-$10K
DK12y26famxkkmNu4mY4P3GQG78ndpq32S4sahqKk2gP,9288.52820373005,1136229,$1000-$10K
H6tnVtsyHiuqHsFzPyMDQG1GVe3XKxPPSKXZHNvvFt8j,9288.515092127616,1136230,$1000-$10K
W4NvDzTetMTs2kxBF17ojVWDx6dVBGb4N4iHagMLpjC,9288.51408801077,1136231,$1000-$10K
8JhMQujxL8UMduL8SZGW1ie2rMfTRXeWwAGRDSoHSX2c,9288.511689410188,1136232,$1000-$10K
ET5sKyYG2DEK5sk97g1SEziXS8DrqfjpkJopgWyrysHE,9288.484420035025,1136233,$1000-$10K
9FXHu38MGjBqgLMzNhpdr9jC7Hme5gJqCL8JFNhWQmLT,9288.476189292105,1136234,$1000-$10K
E1Ff93hWQaJvUwuXVavVNLr5foDpuSvsdQBuqe5NUqsx,9288.470146532278,1136235,$1000-$10K
CL2CP2RWBMsjiPVcKVSSLnduTBpFYEPHB3F4hV8QwKDQ,9288.45459252368,1136236,$1000-$10K
9Z4Tu8QqyuF2oLQX1vqAPptzsvjmej7k8JmuoLzQCgCM,9288.450748746784,1136237,$1000-$10K
4jtqAZpjESVHf8P7hBmBTr8uz1wRT9pNUwGBKF6HzgdF,9288.448853289101,1136238,$1000-$10K
4vTHxnwVyZ279FygjDq1cK8NGSvSN2JDWdvkz9KjjW7Z,9288.44589006263,1136239,$1000-$10K
BunqMmNe9LeGRGufeMoUyUrJWTunm5iAffJxKENcf6qX,9288.416788290022,1136240,$1000-$10K
6TF2Hi98ffuBWouuBbLbgGbuT1BQvwgcbQCG4pGqEycQ,9288.410557740932,1136241,$1000-$10K
66KDbc3Nr76Ky9eWv3XTWv46rsgjZmyUnFNnHLxPf9uS,9288.406178866782,1136242,$1000-$10K
BSBMwbhAqutFdxDzy4D1tW1JYqUV5jahEYJecHNPMHAd,9288.370476380262,1136243,$1000-$10K
95yTLxyfMbKnHGvUSQ2NQNgRUceJtSjkNS4eAvLWW8Eg,9288.319637951261,1136244,$1000-$10K
FdAuiV1YRwjfvNgk5JBBJ3SN37ZuboBLRiCtbvUpLEX8,9288.30948186497,1136245,$1000-$10K
Hg6bMSWg42g3S2ysRybuuqkA26EWrRgp7h62ddd69ajJ,9288.298419803024,1136246,$1000-$10K
DwzqVF8LsrNp1qMRh2kZqMdRA7tCiTEhtv5LPqGkyQcE,9288.281560586667,1136247,$1000-$10K
9bLxCY27NATR4FRjCxDt2ta6RaGcLg7m77zaCxhgArGB,9288.261591239689,1136248,$1000-$10K
CgXVSqwr4AiDZteX7ooH5cwRr118jimzbkY6YP5HSd1t,9288.245847209213,1136249,$1000-$10K
ETNWVdiJeUx4RUNYYBfsTsjnmLuGJWsyG3n3CmgwAjBF,9288.239624101496,1136250,$1000-$10K
8QEa9m3YLhdgMKEX9t3h9WLeseEAzV9y4qZSuDmvWkPe,9288.202015589039,1136251,$1000-$10K
H5WoUgJRRtjupHTWgudECsanSjCf45SF3q7XqRQpzmJY,9288.193310702381,1136252,$1000-$10K
HuV4ibwHukYYhiqDSBP81CU1sSb3oMUhu32aEgxRdvQg,9288.184404480971,1136253,$1000-$10K
CMRPgRdG8NN719Dhvuy9zNXSPvoGSRzuXsDjkujUPrWE,9288.181908410557,1136254,$1000-$10K
8F6StrHSENH322gndYsU7joSEFBTkuVzquz9odqrM3iW,9288.169381153137,1136255,$1000-$10K
A1eUTL5qW4tdY39Dxzucx6LaeZzrBYJK8zvJcRfLQEUC,9288.162648810974,1136256,$1000-$10K
5xWTzt8WTj3jFJWzLpegAcduFiSkBHdhoJWeK7ybbS1a,9288.142744792629,1136257,$1000-$10K
7RTY8o88yQC2iTiF8mx8L23Zr6RUC7TQS5ykUYZihyVg,9288.140536794834,1136258,$1000-$10K
CoDmH4si6YmvCTzP5PuWcpoGPUt36twvHKzLk5mPFxXc,9288.135271702207,1136259,$1000-$10K
4WFsnfJpgrDhLyufeaRXswpU7EdWrmzyZKMZMktAYBoW,9288.130039543306,1136260,$1000-$10K
2nhmhSbpk9iQseZSJ231VhFC27sKw8pQHSTE4ARNk88z,9288.108321728,1136261,$1000-$10K
7X8wWXxTr3ejAGbJ8PzNtf2srvrBqCFtXfXg1mKoHgDc,9288.104539716778,1136262,$1000-$10K
EAT1zFk11WyVbtEfu78s4HsvxdiSswBe3XaNJBnuWnmQ,9288.062889544475,1136263,$1000-$10K
3Vq1uXRuUmYhgoUXD2VEEZWbTCmkc7TzE69TMu4znhJv,9288.058633252682,1136264,$1000-$10K
7eosNfNrYr2oG6uWpeRdMq1bsap63XKG7FctZze13CyJ,9288.048285344465,1136265,$1000-$10K
8FFK32qT5r8trHtqTKV8pHrH8xf9WPx1PkZWovqMcRPt,9287.965689559296,1136266,$1000-$10K
DGUbqyv2pPGKekcwaVuEyngWczZrzSg3EroEFpg6yz9D,9287.96149756886,1136267,$1000-$10K
EtKLnmVCa23DbXSVC2bZajxMQ9Umfu4b16d5jCtbWEip,9287.941803135307,1136268,$1000-$10K
11eGa64VXgd2YkvSAae713u66qCwbmtjx6c7nrKj8RR,9287.929315148089,1136269,$1000-$10K
BD1c1WuUGXSAheJcnGqKNeP7HSau61s6TXP47HRguGng,9287.915359683177,1136270,$1000-$10K
BJyD5XoK3aoKrdt4P4eFAuTGvUiDutPaLmoGLc5NyX9U,9287.900345546439,1136271,$1000-$10K
Bf6rRgt6bMz2jbFzm5AcgSiroXSL63W6xc7Kz2VoBTYi,9287.900228105034,1136272,$1000-$10K
2LvDzfbFLBy7SjBiPPghUvVMVUEoJU6SXtbhFQ4YhAVF,9287.892471114394,1136273,$1000-$10K
HWC46tQSyeXBQWPazG31fP8hmLMCsxtLEge7mitSPu2e,9287.847004005853,1136274,$1000-$10K
5N8pb4dJ57vMA4VCZP7gL5Gb1pci3JU9CVXYMx6bK74u,9287.834170762662,1136275,$1000-$10K
4sHGCHvUHLdFrDWdqhXigBpkngKcpLUZEPJ82rVfsoxZ,9287.832993449663,1136276,$1000-$10K
CEPfM37LZJvNrxrWTBSVL6ygg2SQUubZLRrFvQvZRXN1,9287.83160522502,1136277,$1000-$10K
HCG7uF7gMeg3jjLftnPFKsZpJD821fPd93Qt1AoZg9gt,9287.819924572577,1136278,$1000-$10K
CmDp8CX49LwnCkqmbRGXW4ytDETW83Ziv85oxNJ1DvAD,9287.814942055587,1136279,$1000-$10K
Ak5Eq3vbHwbqsSfcc9CiJoHZtYKSRWEb4kBS3k3RrGqL,9287.8024994567,1136280,$1000-$10K
GjzNfFM4aetMET2AbSyTYoXw6ABddma6ZA1VALqR7JBc,9287.753361137382,1136281,$1000-$10K
H14SBZcJcCGZkVz7x9FjEHfGJwNuMLa5ieYjMRFjFgeF,9287.737165554307,1136282,$1000-$10K
AWdqGWgWMUizK6dcTBBX6KUue41HFuhzYrjvc4gZF2uZ,9287.732916629575,1136283,$1000-$10K
CzGYhzUrrKkE5Te9xY2Bvn7CjobPmJL2A5ysp4ToZ83j,9287.723155402771,1136284,$1000-$10K
FYnhZehSgMNVJUGfEeCLc7trEKNg22iWuKAhhTWqhVY3,9287.71436650755,1136285,$1000-$10K
7qkYK1jVEQAmusSQQ6jBvEgMKb4WYuPEJiEP1Qrn9B23,9287.710276660155,1136286,$1000-$10K
3ZSHSauY9jECc7rEUoyYpoyPvyy4kaWtb74P24LFaPWV,9287.701744189382,1136287,$1000-$10K
DukAQmsdyNhe4NHaEKcH6DTk6N9tmrb97Ki4VDiYcMm1,9287.69609644998,1136288,$1000-$10K
8j78Q9Gt4AHB8AqpSfseTUKWf2cbmAUB6UDHz98EYoRt,9287.68792941735,1136289,$1000-$10K
FQRa935gnCeGUysEsGZNd66G1mkMLiSKzLG1bm57Hzd7,9287.685772547578,1136290,$1000-$10K
AoNKeT9vSiKKZ9Eo5pH4F2ADYQtmRc1RwHH2eBsuaeMt,9287.680612637609,1136291,$1000-$10K
HtCUxdpDy9aYi8FRFtH8tScRuRUqXQtZhn689yhHkbLA,9287.65629411044,1136292,$1000-$10K
DYYmNV1dQNKVutgoaiTwsearbPAxsSQYdV2PkQc5mnrZ,9287.653391742968,1136293,$1000-$10K
25N29cZShWUKXVoMxZP91JtssSTm5yUvZMWwpSSBw2kQ,9287.632610171979,1136294,$1000-$10K
7zCBE92Vb5B4zCUK6xm4q4xCP3MLqJ5XhFFeb5m5BYnr,9287.61811711206,1136295,$1000-$10K
7VMgBheh6h9ERAzZEayxPE2KuHcEzHdC8LtKoWjJRJMh,9287.609704116881,1136296,$1000-$10K
EdZEjcpPen6UYVaCvQ5ZxGsRDfLDTWwx76B4qHBFMXWP,9287.599732126124,1136297,$1000-$10K
2rbJ8jNixKM5ShKzmkzHirRgmYREzh1uq24iZWhEsFwU,9287.591850733777,1136298,$1000-$10K
6mDwHMFJ6QjrYGpSDt6turs5T3GGAEiHQmQiYhuBJccn,9287.559809719682,1136299,$1000-$10K
An5K2Lv8JUyjoVPPSuNgbouGCKxQhQMWxTWwb73hhhLZ,9287.50797551437,1136300,$1000-$10K
F2GkeMBPEEvu85j8nsaeAf312qyc3XRyZcsHLdzfAEHv,9287.50443058723,1136301,$1000-$10K
2rTBhocUka1ip12eNW32wusUVXME2dE7pYps8oi1dEbx,9287.471936705158,1136302,$1000-$10K
DTiyAZwY9orssL64Fqj9SotfYqU3aXdNBZRivA2BTBTC,9287.46651882331,1136303,$1000-$10K
EzFnUo4GzXbfKXiXamN4G2YidvSh62HKckAQk98iPE4x,9287.454621853802,1136304,$1000-$10K
9xaizv3pEPZG8F3VCm6ZsTUTysP2T7h7fPE2PXftXt4G,9287.442185216762,1136305,$1000-$10K
EfHEVJ2kkePBkNYMJYF3arsiAtS5PYobKdQsjAZgNQwN,9287.437881955086,1136306,$1000-$10K
6ZjmQeXFGkJfiQXTfqdSWtNko9gkdsxMwvnGBRNq4zp8,9287.431255580388,1136307,$1000-$10K
opGjXujPsAfAwgtvWHdXxWbf1YaVDQ8v18GN31ykqHk,9287.425834238336,1136308,$1000-$10K
2RSXhbQjG3cEjLXHAABZLmkmvDBNXQiSmzCnaqF1dFVn,9287.42473773669,1136309,$1000-$10K
4oNNCAxqvy9B4zwMuDMLnNXZBj9fBNcpqgrbWnaNsQWp,9287.400415940536,1136310,$1000-$10K
Fc4SacdHybUiUbgsHbG5Wmx1umB3SXEUY7hu2r8EKH8Y,9287.368265254014,1136311,$1000-$10K
43y7FPD9m3J9DYEjS7cJNfhFRKM2Q68ctFgYjfJNiVZX,9287.366992164969,1136312,$1000-$10K
44qhxzUs3QUDFXMBMM8c3RBSJsZiYtAeDjYZgNEypiAz,9287.363684153788,1136313,$1000-$10K
2nF8GS4Lt3poh3EMce6YFqQeKCEgSezZuzE1r17rNRnm,9287.333381348157,1136314,$1000-$10K
HBQJ8H3zUaXfv4MqgpdiRkJ6T3RBegDNtLjJHtpMyQzn,9287.33228073164,1136315,$1000-$10K
5t7D7u6JT1RsAGGohvpWcqSqkay8Vm6kzg6k2HYS2Hxn,9287.2514998587,1136316,$1000-$10K
3AGTmRksnqc21rgUi6oVjDYoDB4dqBETHFgxTJLzcpsh,9287.24421139521,1136317,$1000-$10K
ygCCgCmEqQoN1Av5fUE2vNUPvhPinmp3oYyXHrYqPo3,9287.236359992605,1136318,$1000-$10K
8fsdsmqEDc5Sf5sp8nrgrEM5tUyGTYQppQMA9gSLtFEZ,9287.229119040181,1136319,$1000-$10K
HuAYniL4Xn6YjEwtr291FHWS8DdQ5zNiQEjQcKzYdH7g,9287.2287,1136320,$1000-$10K
Diw9Fk858Ls7bJcsD84Rz3SjGoJMEDUishQt9SR8hq4g,9287.225092415609,1136321,$1000-$10K
CHbavYWVVZfUZaD5JT9SCKfmDd7wR6ecAZBCZ8T7GKFi,9287.204196664345,1136322,$1000-$10K
5fEMWvkSLx1c1ZegN3sp4fZeL3EvNNudRJZ9XvD3vV8Z,9287.184327254929,1136323,$1000-$10K
28aczzzbWy4Ko453eDg1JRShjHU4MbBGpk9MPjx4twHk,9287.178381589998,1136324,$1000-$10K
6AsygPwWcFzM6SLxHCou2MhgG4QSr2YDwpUMvLbgoKdR,9287.14925479383,1136325,$1000-$10K
HuxPjnEULTssYT8zGPs4WH3ihhVRqxBi3L3MuHjZBcs7,9287.135251620404,1136326,$1000-$10K
86WdpzJYQoCd15oExSZ6Mp9tkHVQzwEoBze8ewhiLaiJ,9287.094911361877,1136327,$1000-$10K
23h5X915RWMZmr9Vd5jtkdB37KtQtMK87rJBRbdUSZkP,9287.090187696174,1136328,$1000-$10K
AjSawMFpzfMC89NL5h92AA21mhouvmimXd7jARj7Nx6V,9287.073337193231,1136329,$1000-$10K
2iBkc9gQjCh19K2kfLe7nDqWaU2kT4o5Kmihr6geHJM8,9287.055709363363,1136330,$1000-$10K
3HNEyxCGyr4rpnyAxURT84DCu5pmqzV3vLY3n4XC352d,9287.04299687222,1136331,$1000-$10K
5eaZJu55B86w9j7C3NFmAp2mm5FQ5c9jhvBmTLAHDLrW,9287.01700230564,1136332,$1000-$10K
ADS5AjfM6Re9n66qL7YVXmRwGMEXN1ovPcU3fgpq1nKn,9287.00245545406,1136333,$1000-$10K
8Nx27yjbAFV3QqLheMk16aScoZYFfDawnDJKc4ZHr5Jo,9286.976091773337,1136334,$1000-$10K
5HwPNLg4s2bmKz5Tm2cpY1DWjMi3sCJkX8wRFTBhpAR1,9286.939285907489,1136335,$1000-$10K
A23BXFrWFA5s3J1SUq8uHFxUPt6bp18BzWhuha5JYDN9,9286.9290620862,1136336,$1000-$10K
5rFZKT5WnG22h6TGrHUx7GJb5whnZf3qMVTfygRmnwiD,9286.914522541512,1136337,$1000-$10K
5w4JMyjQAKFAhcBXx6JCdPw43jdjFoFjHuunctH6z3k6,9286.906328827581,1136338,$1000-$10K
Guyz3mVdoH1QBm2aWYPKbGQuUhLuhrzEviZzHwtENxuL,9286.900487712548,1136339,$1000-$10K
4mGn7pvpLow6SyGLMMgDqs7uv1JJ9jwDF77oWN58MnL9,9286.874431885271,1136340,$1000-$10K
GkcYhPDygH44RkeRwgj5jyYqAVszUjtots9EwMsvCz2y,9286.866112408728,1136341,$1000-$10K
CGzYW88NUpkW7mbyxftcGZhzhJMEqd3MauZDiAHwPo7a,9286.859484413053,1136342,$1000-$10K
Ac3HDCj4KUxoCey8ThjNUGNXXJWJ9v4eZe9kVDqvNx9p,9286.854480389264,1136343,$1000-$10K
HE22TKCkVBtZWjriN2tHdSksc6PzB5CkGYKDjkBHgfsY,9286.838027877942,1136344,$1000-$10K
7Dxc3KrA1SxToVR2195kDhYGqsVfBu2Waj1M7tM9rSaz,9286.8311634086,1136345,$1000-$10K
AfSV5ctGXViZAFMX5RGmhSJkokro4pmWD1dmgpGLYdVu,9286.830697883388,1136346,$1000-$10K
H9BQj7YXGRLm9LJpmGyPsRVJHWtN7atjSzQ2Zy1www1w,9286.82520922731,1136347,$1000-$10K
5jgvospuNnhdfZ7fws3J2qdrAtj8vELLzVsN3qx1JLtb,9286.81942845308,1136348,$1000-$10K
3NgFNFJBp7GAZDgm9vinbowrEvj7f4wepKVzKeqhcDFN,9286.818865625719,1136349,$1000-$10K
rBzHRibchrekZs9RFYuK5MdBkNzfn54CY7M6jZboFx6,9286.811694515247,1136350,$1000-$10K
F9nUVZ4PQ5o3EGyWcRb6s7CVtwxG8tRyKLNrxciaerH1,9286.80040005743,1136351,$1000-$10K
EWNQ9Eo49urdGSXdHJjZwCa11b73LxgWpxSE9r2sa3ep,9286.797884065221,1136352,$1000-$10K
48Q9bvFAFMpV1cKpEY45dPS2g1ScduVsZZM5KoSLqRr1,9286.771735973449,1136353,$1000-$10K
FBSn5ghgLjMiYVwQYhZWUBYcKjs7XMDMYADfSTerqqFR,9286.756226269177,1136354,$1000-$10K
FrTnBH6PZ2dmrDzcKegjeZAjsNrTqsq5DyHFFk3TTyzf,9286.750338719368,1136355,$1000-$10K
G8DuKj9cbcPaEonDZszYfEVdR2YDiVcjWUvviZGgaLo6,9286.740041985062,1136356,$1000-$10K
HysD9GDvRodMuPDQywDtQZGSP1iNMhkV9D55yncb6zgu,9286.738190097769,1136357,$1000-$10K
2RXuzNR2KFcp7FuQ7rFU7XdzfsUoDPQZAjJARm6rigMG,9286.732588254024,1136358,$1000-$10K
HYjYp9cedHWDtcipdPFHn936rgB96JmQzazZrBThs8oY,9286.725891850465,1136359,$1000-$10K
HY6sC9MY57eR1UM6YCF2wQ8HiAu6q1AxLWhNTmWUtC88,9286.72024963164,1136360,$1000-$10K
7oopLvGuaebUK5wPshW8fMd4cVnKXHR1Ady6iaKjoiAq,9286.701629836474,1136361,$1000-$10K
7Zi2w2mZuEJKDh2tpMjrfYFWPNBoaFBrkTxuSEYGgBAL,9286.671005247228,1136362,$1000-$10K
A2ZBW9yPGyb73rd9jqmQsgvpcaKesZh84Bey75exDrct,9286.658829235366,1136363,$1000-$10K
CQFHRZgQB3oLWB9YPQATXR6izhnSSHooE7xyYUPPrsxN,9286.636682087013,1136364,$1000-$10K
ApHvNTTkqyta1sus3TcaATDk5k9GkJNzEwfDUmwNRAQN,9286.624846655288,1136365,$1000-$10K
9938vEKDG1PDRuDQDmydzFCqeo7G789SjABNWTjpuuJ5,9286.618943879666,1136366,$1000-$10K
6bWKR3qPFhZAY1TVjxAsnZybbjDbSQ6GEJtpXaVXDJMe,9286.606604090297,1136367,$1000-$10K
4WZX34HhkKaEfzJHir7jhDcEtq2aG4sUdmZ1TwLUZ5Vy,9286.589011031632,1136368,$1000-$10K
FMzN8PzARy2Em13eSWpH5nh1wKrB5sqoEAWGUsBun7nj,9286.556323492143,1136369,$1000-$10K
EkzRHyUpEvhjPgkhPyYNzXntvHRJ29kz62usuigRexRK,9286.514890619383,1136370,$1000-$10K
4Y88MsaBcDHecziwmMusZjnBPxs4HaZCWbbtE9L2rBem,9286.507881371876,1136371,$1000-$10K
4swwWhLXWCFXGcM1wcUjYBWFkWN8ucRFn8yLnPSFDjov,9286.506603808772,1136372,$1000-$10K
HbXZLTToVfieYyuvy8ByMPBjBrjPHSANvmUJELgCfYB9,9286.506506316131,1136373,$1000-$10K
6X8jAQHFdPEyMbztadXhVf5U8qrqtutPm18xKBgC5GeF,9286.494748692185,1136374,$1000-$10K
ARTjPuNTAU2snEp2ArZxxeM4Ncc4N5Gd7DQSUqMXSV1H,9286.490722972529,1136375,$1000-$10K
4GET16GiFgQasu4CKqRm1k3tYgXRcGNozVX7P6K1SiTW,9286.487838664258,1136376,$1000-$10K
13urDLu9pvs3cQjkQVTc4C4ysx6VEyrKLxwdiwEDpjtN,9286.480123630598,1136377,$1000-$10K
ybR5Y1YJEQrYkcWPzUnBX5mMD5fiqC7RiissY6efssC,9286.454644060228,1136378,$1000-$10K
G8RPqytrvDsL7YJQfcRZk3CNQuuqxyYrz9D8E9BYKN9d,9286.43649209204,1136379,$1000-$10K
3JDZXyMJiLDWj3x78u2tHCi8eZkPHYjtsy5NYM9ffN9L,9286.424651070458,1136380,$1000-$10K
EQFb6XKXftdif8S5i6qcV6Ap4m4RhdLBSqZgrMruubKs,9286.406151177142,1136381,$1000-$10K
5sRF1wtmSnmaZQ1uX9Xn9rQb35gi35mpBP4f5DcUpEza,9286.404730872213,1136382,$1000-$10K
5vURV94SGQvJKkLagqcXTHHSd2JhHjcdMqJMEiyhpt6a,9286.392963523238,1136383,$1000-$10K
6qgRBUc9yqo3EQrkpG49MaC4aSkPhpUnBaF1joAgLXrZ,9286.387547048893,1136384,$1000-$10K
6tRABZ2eTSHRip6zDWGtaMNgDPRYKtymjdTZAxHYpdJ,9286.366654024292,1136385,$1000-$10K
7RB3ACs7Hcmoubfn5roTpaVkLnbduPvmsDuAPFefPa2y,9286.336651180856,1136386,$1000-$10K
BgTpMpPqwXQW787wtw6DjKTEey1RnsYMNoKbBHmidaxv,9286.312548750951,1136387,$1000-$10K
BcHZNHSmHfcJ7ZgoCPuLduKUJNWJ7xt7nhmNaERt5iak,9286.30598857742,1136388,$1000-$10K
9fGyAHeVdM6YZcCpC6Eup5Sf2e3wWYGhhXvnc9hDsniZ,9286.27073237063,1136389,$1000-$10K
H3P77GsSsMxdmSpiFbjuDq2J1VBtAZ2vMQu5KnCjntab,9286.26630630459,1136390,$1000-$10K
DuTtvqBu6t4M8LLeaNt624ojHDXwK9DtUZDkbiC8PUPa,9286.238248197113,1136391,$1000-$10K
4JEjKBVsBnozJHkX7v5P431V8s4vWKPpUBTsRqd7aiaa,9286.236321097767,1136392,$1000-$10K
DZEuf9Q4vQBaM31Lu4HoGMTfy1mLVuuJtXVMV1N1QrPY,9286.221444807079,1136393,$1000-$10K
6arjYt257x8ogTh7TuefRNBJP1Ew94bo1WoQddPoMdpb,9286.21404454783,1136394,$1000-$10K
GRoAN4Yn4a12kmBCGstjbqvbfwWPQRvEGExBynSCinaU,9286.21208505511,1136395,$1000-$10K
FSCMn9JkpLFUJw973Z8Ek6yzfFScjfFrfiRhz8NEK7tc,9286.188461994741,1136396,$1000-$10K
W6J9Yi2TyCpw5jQEWzdfiE9zi6ShpEQtvhqYqZifqsA,9286.175362935357,1136397,$1000-$10K
sJZJxbrGAG3BxGmXwZbhEJuZpYE8j7Z8qjhQJ1MVtd5,9286.17532740604,1136398,$1000-$10K
HcJFCjq1y9GZgTpZoRFaSRrdZYsrBumbmUrr1b3jpwJn,9286.167541395756,1136399,$1000-$10K
4EXwyy1EnJoGkQm2KcXayForwHvesnVcmmUUHRX9kjuL,9286.140933362845,1136400,$1000-$10K
43SZEACWku83V4Cf7AiUbATVPSVBRo8Jfq7Eq59tStqM,9286.138883938913,1136401,$1000-$10K
3EN1gN11Cbd9kUfi7b1QGGuXKJVX1KSELHFMHWaaNMWJ,9286.132069979494,1136402,$1000-$10K
DLQNypfeFCuJKdPN2Frt6mksR9Bce74JDHVfsgMDsfwE,9286.120231163643,1136403,$1000-$10K
4j9X8sB7PNiy1hKg2WxuLJKDo4xJJKjgomCbyxdzHo3m,9286.094650391367,1136404,$1000-$10K
7kF3FVwkztQ6KrJE5LRabXX2cWTNWR5uo4Mof1nBq1fd,9286.084938778276,1136405,$1000-$10K
6WzmkggPwJXYErDGUBpMYiwGyeJb9NmYzwmBPYTrF4sV,9286.084248960422,1136406,$1000-$10K
AwAGK7mhzY3xtr4yAG2GyKvWW49bD7XeiuPxBMZjTDV1,9286.07397907877,1136407,$1000-$10K
J2aBDEBC9AoGTbkjnz5ses18pMNo412ZJHurrW5xihcU,9286.050102052657,1136408,$1000-$10K
GhvPxmxmssrksmtHEJG5UHb6pz2PPsKwyi2sSBqtXd4i,9286.049720434834,1136409,$1000-$10K
8fJzpacefaZoHqBf1uARJP6uaYdnZHFWSGqHfPup2zpZ,9286.034991037164,1136410,$1000-$10K
4rKXZfR9pMz8pUNDvYD7NDKKMbPGz8ubu7KcWohZEaCg,9286.00904219394,1136411,$1000-$10K
C7DPdJcyEj5A2ZZuhiBxedJBU3UdQLgjzYqjonHURVLP,9285.91124875979,1136412,$1000-$10K
53rDifDUxs7GyptZ3pi2jfKaUDpH5MUDREBqgi5XgRbM,9285.905651653406,1136413,$1000-$10K
6vikFK8uxHKkhFWr5aT8mzxpE6WHEHQpW37gv5g4DCzx,9285.903770020259,1136414,$1000-$10K
5rSPGdvcrL5eU53hMSQbK7xyN883CjScz3eiX7PuoEPL,9285.881017683156,1136415,$1000-$10K
7QnJSb9rvjpJJjozs3hMnYcduEz19ZUrD9qpRiz7BDxk,9285.87892903212,1136416,$1000-$10K
635UjAiFdmEKQoRbviNGhrD6wNk88wPE5ENRC8ezPRHt,9285.832669988815,1136417,$1000-$10K
2vg5kqeGxe8HNme45rDj3y5m3LiSu8RhteHANHjb4agc,9285.818322989298,1136418,$1000-$10K
5afyB9NkTChmZ8fr11myftyHZYv68UtQaGw8y4gFL5MM,9285.810003708408,1136419,$1000-$10K
4b5enZ4t6GSiP7S719uUftjq3A1ujW4hdzMq25jMHRyo,9285.794858174813,1136420,$1000-$10K
J2M7er1ZyMmBw4sbGEhAqgacVdSQvYqvCpKiC5cXGaN4,9285.758051159304,1136421,$1000-$10K
2JtdH18w3ooyuRfB6fF4ZVC7td4yi8Vv75JwU9ikmcrn,9285.751743756557,1136422,$1000-$10K
28ykvGA31wuDk5aPk6jWts1qe8XrAyVuRyXHR4UhCw58,9285.75128085742,1136423,$1000-$10K
4gyEiGfRm5Xequ82bV4i6zyuZV4ZLmpexddrCfoTV99q,9285.735414144428,1136424,$1000-$10K
C695RzNnsS68yPY7P5q7K8zDanpAxhWfVuqTx5BKBbPv,9285.730895416247,1136425,$1000-$10K
AsSh2rW1fM5YN6HDFhwynhKoQrJTKwnzn3oBcqsAq3Hr,9285.697537130076,1136426,$1000-$10K
3HB1nsAX3dLs1frH75FX6da9Q5232xysRDTFoBdv9DNt,9285.67469858878,1136427,$1000-$10K
ErREkUs4JvvTB9F5wcPcuCuGpScfhjxXRPxueshewS3r,9285.66264066401,1136428,$1000-$10K
9tjN2ZDQdAd87fLkEvvyjzsThcH5WyzzqMCizzBUoMrc,9285.638139737915,1136429,$1000-$10K
2r6DCyZDaJ5pLnjAtPXofyocg6iKwBvCZLafJTNwrq36,9285.621494688661,1136430,$1000-$10K
8mAhZNr3H41rixBULQJ9uVBMGeVsD9RJ24dpx27wao4F,9285.588541313527,1136431,$1000-$10K
91bvcKMFKQ3nbx1eUwdmLrqMViRwX7k2gMqaYjT3tMLP,9285.56971610757,1136432,$1000-$10K
BZWd3ys9nJQG7cMBCi68CQNQooxd4GRcDdNZFoZKRkFY,9285.553298287323,1136433,$1000-$10K
2KeY7nnwsFJ8Azh8diP9cAq6gWkYYwfWA9mK4CWB6fnn,9285.551012651122,1136434,$1000-$10K
7NHJBhNsxn6Dvukxc8HRhowCTEWE2JHQsNwSP4nKoMPG,9285.509171705478,1136435,$1000-$10K
8qqFobLpoAkFENsHSdoHLhFYDS1Mwc72SGSXqrpZd4WC,9285.505314545891,1136436,$1000-$10K
G3pxnudrcL8HD6UbqP3A347JKcLTaFcV7XP1S8sppG3j,9285.50355875987,1136437,$1000-$10K
3cfGmbAMvnmJGkAhtC8X5krqCkcKKDujGGchEgs71TED,9285.492680048645,1136438,$1000-$10K
wFY3ZkhF7RbgJA93JBjB4zAScipS5EbTivauZ3TN8tX,9285.487940011155,1136439,$1000-$10K
EbwT7hDxqHAA4df1DdbHGZuDi7G9JQcrhkJB7S4Vsinj,9285.430874266887,1136440,$1000-$10K
9yEn7sfMppvmemW4imWTpVH1z5MGUE2xvr8GhsmNPATA,9285.424081951764,1136441,$1000-$10K
3VBRKev8gxkGbGDj3j13US2AjJAn4MLS8DzABWRya2BS,9285.414761003503,1136442,$1000-$10K
B4K3NsigzsnN6JanTYxN9vKRtYgJ7p6shdS28n7jo3dv,9285.411848615382,1136443,$1000-$10K
7qCmZGCm2efoKzMw4rM92NYT3MWuhv71Aeew66vch6Jx,9285.395128573206,1136444,$1000-$10K
6UGZfZJEQ9udgU97qy5mixy5vT1f1BSFQD7k63Z6Zigq,9285.391760769764,1136445,$1000-$10K
5pm8Eo9yb182WMB2rgS1DKnpm196uFxcqHdBz5HLH7bA,9285.35058414551,1136446,$1000-$10K
QbsQqi8PDHJdsaMgYPGb33hG3yMduKCgQbUE1eNG8Wk,9285.34455100414,1136447,$1000-$10K
GH7QTSicWMCJAiFz2eZAzeChTSkC2hfpw5pAhwgRGzQ3,9285.337304360193,1136448,$1000-$10K
CzYiiACvt5eZYni7vMmH7ve4RAkt9pw36KwZXM6qzMRY,9285.322688426508,1136449,$1000-$10K
6RxLwHoJB7cPnzyrosorcpepHXqMkShYBeoav8zmd72A,9285.318140134932,1136450,$1000-$10K
CTWFMvDAkyVBLS4bQdVJqJ7F4y5n4pPEYewJh5fGHXhs,9285.312653284296,1136451,$1000-$10K
8GbnyLqRTrtS4KuE3vj6B96L6Y6nQMidaUNVRUYmYZDs,9285.305148390687,1136452,$1000-$10K
4w6vjQmi5VtEVBakC7KnU4sLT2rJmovvmfqG4dpYkWyt,9285.208859967852,1136453,$1000-$10K
5nrpapAwaLSEcpU6EEAHajs8yDGVRWvYjMhue8URPkth,9285.187815684638,1136454,$1000-$10K
8Qb1pAqVE7zUCJmpfBZ1z9qPVY5VVzR1We9E8BC6Ndow,9285.177333729695,1136455,$1000-$10K
6cDz8zvN7YD5DtEiR9KYC6RB471W7Uey2QzHbLxL4dPa,9285.16552762045,1136456,$1000-$10K
J34womQoxULAppKzwR9MmJREyKgFJY7HKozwFMhfS8No,9285.145061814965,1136457,$1000-$10K
ASBYctMF61WwBF7a4q4yMmHC52XY3aKdMZ1XdRUUu72Q,9285.130386270102,1136458,$1000-$10K
65oU4qEn8fe96EmdmV9CrSbS1V5977TwSWtn9pd5PpRL,9285.12174611633,1136459,$1000-$10K
BuNvoMQHQqmToJ4ayKziV1odQDKTpwu5oouW29yVGoSf,9285.106041846891,1136460,$1000-$10K
HRgH3e7orkBaoLxj64JY1MQqUU3r8UWy85aLMpgjZor,9285.101555705418,1136461,$1000-$10K
3sj9LHD2A3N549T3FtVo2qtf4cbtiioDFjguNy6JdKum,9285.096569075084,1136462,$1000-$10K
D1ybR83E8w6M1pPFzqCZ6jQxoSEreR9p7vuBEuETi7EV,9285.085837143051,1136463,$1000-$10K
Et7uJ6DetTWypqyK53sm6WAMJwTCeovtfXqXBDpkomPf,9285.075514887869,1136464,$1000-$10K
ETUEdkCrT47tdqTsCchy2i3NiCTTchpxvZgXcuzUstXS,9285.034584046763,1136465,$1000-$10K
5FiSUEBmXhq6fuCV9rpYsWnfw3dp5FeKBYxDkWu7auw5,9285.00949965122,1136466,$1000-$10K
E89trAhHbkuMiHfMBckjqGorjZ3k8SFt75brzNk9EfmH,9284.994505950728,1136467,$1000-$10K
HHXMtfN16JzNxPX3JgzqhtEFfsq8nf93e5jFCHQCtCgM,9284.988293057877,1136468,$1000-$10K
89euw7QjFsW52uoFbng3kF2vyQZV35JvSinKkUuGndj,9284.979090687137,1136469,$1000-$10K
ENPL7YyejH12Ys4W5vPbZDbpfyKBuAbfqEr5VEHVtBC9,9284.950537184868,1136470,$1000-$10K
HHrbkATBVBGJpa6wenHCCvYq66TrwnQ5VWQdCd6eh3Jz,9284.935754533954,1136471,$1000-$10K
5cShQJnWje2XzwUs4nt1iLrhRw3KzwVPm5Ve6PkmQVKW,9284.91559802169,1136472,$1000-$10K
9MwFznVMGTGhbTwqiUxybHDcKUccy7YYrUhXDCf9W2dY,9284.891554150607,1136473,$1000-$10K
a7qWYScrCN7SQCxmuP9XpZF3uyQG2NK5Wi3YGDUqVrN,9284.88515339675,1136474,$1000-$10K
97rWgyiRU8tVeEjF3r2cKmp3Lt1iypmB53aLBExgXZ9b,9284.876179408659,1136475,$1000-$10K
4gRby1W1xngwTEKa8r2kBcmFFgt8whBpTW4FNMV2t8db,9284.86393005024,1136476,$1000-$10K
7UCD66jxBGPvXpwU4FonzyQjGWZQNNTXvZ1fJLYxhbau,9284.86033862601,1136477,$1000-$10K
F71sGFj6NKAJFhkoRsST1fhZ5gZBx2r3LqoNYjyt8u9k,9284.845712409347,1136478,$1000-$10K
2tpcEUkdvoxmzvep9PbqzSHLif5PJ6bGNb7DKtDUnrB1,9284.83314715991,1136479,$1000-$10K
5ZqYZmdBTu3nxXijp8BThhThmA1pX78Whhziu1anG9xH,9284.825667666279,1136480,$1000-$10K
9iDLXbrqu31NAiHKJQw479sFN52CJMbfCkXnW6457Xai,9284.81963619826,1136481,$1000-$10K
BdwhHx6meEdCRcETwYg6UE86YrGespWXBSirBVrE8uAT,9284.777601887215,1136482,$1000-$10K
5pZr6CGMJdPkLhnCP2AdxbjwJfsEbAPs8sB6e71ecbDc,9284.777402516636,1136483,$1000-$10K
3FMex2n78sMxtjfQ5EkHQsL3TirLkvbLe26YsBzg73uW,9284.777105419444,1136484,$1000-$10K
AYSoQbPyCRSujtufLCV8L3acDDKtxYBYSNyGTUgx6CvX,9284.734764333034,1136485,$1000-$10K
9FhF86vE5wkaraeEMf2Af5UMR37FHA1HZQSvHY4bTqZf,9284.716996239222,1136486,$1000-$10K
54cvsRv9WWSRkJiGsXiYXtBttm3fJkg6fgoVsBtUN6yK,9284.69429702154,1136487,$1000-$10K
68s1ft1yYp9xJsTqVDnoZHZMbdaUGa8gpXxzWxAfxWAm,9284.658852234132,1136488,$1000-$10K
CrspHeG5rE7gJ2B8UVop9MH31doh9KwSKPZeVC8BJCfr,9284.657672412823,1136489,$1000-$10K
CA2p6hFvJQ66wwL6tu3wiUcNaxzKEYHD2zEcLzykiXhQ,9284.651446993275,1136490,$1000-$10K
9ao5XQH1JeuB7Qz3hSeH118qQC8DF7Xt5xMqKaN668DK,9284.643775218054,1136491,$1000-$10K
CX7MrThPkwunYjFnfZD6o2f6UwpqgyATK3UH3YcxawPD,9284.640747469519,1136492,$1000-$10K
5kzZvKp7tKu2rZz9bhSMAT4JoJnE1RAnJaTZPrmErowk,9284.624887606999,1136493,$1000-$10K
8q2E2HWHog5EJg9BzV4KHnNNSkfU2ZM4vwKFGPpKa2gg,9284.617991310375,1136494,$1000-$10K
6r7kfN1fhMEaeevFM3FAYRoL2VMjfsZjhdXh1C7YGHfs,9284.607999770882,1136495,$1000-$10K
94R6x889oxzC5HmH4NrmRxsc66duUPqe8tAD5mQSSoM7,9284.607455000978,1136496,$1000-$10K
zg1NiDF8s4h4vobBiM95phieoAuRnycNXJ9yp3mFz9H,9284.605756696323,1136497,$1000-$10K
8ccBsa5MGja22rs7N1QswUwjZRFKaj5vE6rqmRUZAVgn,9284.60253561811,1136498,$1000-$10K
BWf8dbDCBahJ1ev3vWM6oexvV97hp9Fi3vMyRjrmCEg8,9284.55758907872,1136499,$1000-$10K
4Quat5DPJEbr2fY8btnHzcxCumZH6TDJt7nURvmwDQer,9284.543254975833,1136500,$1000-$10K
9C4Cqg3onFHQvGQxGi8Xtre3MZLrTn51BH1N3HkdU65m,9284.508127728615,1136501,$1000-$10K
8PZKwtvF3eXtY7HTeFd9G77JnwVcqjhWMsvoE1HdS8gg,9284.463002294837,1136502,$1000-$10K
4zPNw8hmeFCpVD9LEdUUghZnHfn6es6xAVWzbeTpNS8r,9284.444561206323,1136503,$1000-$10K
BSVPq9pbxrf2QQFJkJSJSchZM1HJeNstnehGHRgVuS5q,9284.408130602846,1136504,$1000-$10K
FimsmobPCfkDQBwBsrSEzkawDPUpc5CkvkRvmmHS9d7u,9284.406573671944,1136505,$1000-$10K
J4VcPXqNRCk8aw8GGNGLUiTcKzCGspvjDy2SwtkSafuM,9284.395745591099,1136506,$1000-$10K
5xaPQgdzXo5sx3SWUUKX4P8xp4kMgajx82dtZtsUyEFy,9284.390224381397,1136507,$1000-$10K
2Y4BzUJj7zh6oTCwuDEArkv9kAJ5kQbC6etK4eiVjtoz,9284.367379581248,1136508,$1000-$10K
34kp5LZrjq98YBzdHHwQN5AW29s5h8eXWmjT6JUXLPe5,9284.339141315897,1136509,$1000-$10K
EocxnJowLHkvsgkxbuxaCJHGPJsM6WXaZGNjm86tFtjG,9284.331552512765,1136510,$1000-$10K
E7Vd35JKYa2NLR4PNkJYr3ScjuZ75boeQjhouHVTbwxK,9284.32879489683,1136511,$1000-$10K
A8EdV7SgK7dv44RYYop3DraYvA4rF7shAb8dkdyKWatt,9284.31702283372,1136512,$1000-$10K
EJDFtjamMgQuWw3FSvyT2tbbMSsGV7zMpxdcutntU3z6,9284.314258957771,1136513,$1000-$10K
Ha6j7j7bEHRpncGM4e8cxNGSL5mwVFmjgE6a5MP3a8eD,9284.27067492979,1136514,$1000-$10K
9av6CZCJdWEUu8VrK6zFfsbw1Awb3HfmLTbPq8nrEjQ,9284.236742567073,1136515,$1000-$10K
9rcWRM6xqrKChHoJPrpbD8teXDPGhkQLz3r8XLPdz6Yy,9284.231726285801,1136516,$1000-$10K
2KqC4GKLkDyvA21C68Mk12KMjSWDqThZrFUVknAKetKH,9284.226257697197,1136517,$1000-$10K
5ivwF4fMamuTtov6gRBeKpovt6S8764ufADsoqsz4a4Z,9284.209810820576,1136518,$1000-$10K
J2jDXxm4nJoUcA4tr7TBoWy78tYZJEXh567dSr9ap9K5,9284.190808108473,1136519,$1000-$10K
dzcVRXaVZ6rajYhuwGgmcfYJorFeS4KYUD5hA62oQb8,9284.177299365756,1136520,$1000-$10K
AM84spdubV8oKJ7EKHHNG6vRtWGsm9t1wBmViEWQpeLx,9284.172683913162,1136521,$1000-$10K
EAQaM16cohw29KtiD4cwmNdpRkzej3on9AA4W6ALnaoC,9284.14992711852,1136522,$1000-$10K
6eCyZxoH8j246UzLRzezv7Bqk3GUoihk6ydo6YQKiMQo,9284.13236173671,1136523,$1000-$10K
xw519rSnMdkq3JHu7xQsXVaj9B6MAoz9XB4E1GN3P9P,9284.116500473252,1136524,$1000-$10K
ETT6EdcVcLvcN5weQ35Pd9t8HXm2QLbhuK6eQENEZyhL,9284.110689068939,1136525,$1000-$10K
38UEDVwcUHRizET8h88HGFjbMWGvdKU31SiDD5N9MAZq,9284.10905481125,1136526,$1000-$10K
AfvU3NmeBAkJLFSRQgeANiTvWGP373NUxyJnhF5yTNXr,9284.054469605459,1136527,$1000-$10K
C5BGYHcVT68v6nag2Jg91EZA2dxis1VJyS1WqtJXeWFz,9284.027728865121,1136528,$1000-$10K
6pXp62V2k8sKnPf6qbXauW4F3GbW3bpauy5uVbdVgDo5,9284.009856319655,1136529,$1000-$10K
6yUhj3PeHd81LWrLUZkopHFB2nZGKCTb9j2jWMgW27bb,9284.002131862155,1136530,$1000-$10K
CVPSSD7U1BHDma7sC26wJceXWjtDKWJkUAiFyM3DEdZ,9283.98248679344,1136531,$1000-$10K
64sq2uEn5C3KmX6jsrXMVuAtDQWNZn3piEGwJH9npcEc,9283.975744551783,1136532,$1000-$10K
CAjgdPoHNaAog5529bH2LJAHYAs3hGf7rHM7A6FnA9MM,9283.921065517343,1136533,$1000-$10K
DKPGX8L3ZFJdsK7LpGzUufDZY24yPNc56pFG1sqvupYn,9283.916866390447,1136534,$1000-$10K
HuQZeNeNVx8uZPvdvixEFHB2VD8vT9mjTy3SQm9pnJx9,9283.878463029325,1136535,$1000-$10K
41JWqg9MU7sZC9TMNVESWF76X1oeH2CGK5xaioFS2Ecc,9283.85746756858,1136536,$1000-$10K
5Xwy5dHkTKqv6PAzjCmP1Q2nb3tQEPH7E65HNbVrPmxD,9283.85346488002,1136537,$1000-$10K
FrhgdKGsMtMvtEn7R3YC25XLZmQnPDSFM4DhJKu3UX51,9283.851030742759,1136538,$1000-$10K
5nfNX5UtqurhWLUFCAQxQU6LTi24QdE44fwu7rTfjjfd,9283.82690122532,1136539,$1000-$10K
FE4P1sHpUWiJ8t8VLfZJqUnguAwQWNYaeLsU7zF1TSuj,9283.824046756894,1136540,$1000-$10K
89zVedr1cQVtiA4zCW1zzmA2Uoszj7hqf2ZUU1sbt5FV,9283.819750509663,1136541,$1000-$10K
7cP23NNy1F2XfBdjz9zAEFNsSnbgkiP9PmUQnY8J5izu,9283.80736221424,1136542,$1000-$10K
9VGgG2CkLznYHGLrpWTj747gssGwFhewPx85uiz6cVZJ,9283.770951048798,1136543,$1000-$10K
6DGLmFPMzzqs6PacVQPsptMwcShj7YYsik3Modrpp9T3,9283.770673321575,1136544,$1000-$10K
5gTJt35UnGLAy6dff6RDX44ysYHHgC24vskhmB497pYo,9283.760064257005,1136545,$1000-$10K
E9N6oYa2dLC8zKrtP32kjnfDRZcduJD311NpmyKgwLLq,9283.729731755455,1136546,$1000-$10K
aj9THWLJ3vQfqJunERExvGWQxALPxnc1Hmfsqc6pd5a,9283.719958894519,1136547,$1000-$10K
88YN4buZZg7rY6KfiHkyz7eoMdtJb6a6cZb1Fq9Ds1Dn,9283.716612421467,1136548,$1000-$10K
BTtUmnviFbJvhn3k2rwGhpB4LNJRgYgVPdQ9KhHvS4XK,9283.70377343246,1136549,$1000-$10K
HidcrJsHzcJhZDE2DHB8obYN8UN1n5D2fBs6U8ngbZJu,9283.699433459853,1136550,$1000-$10K
H535c8gj2gc5WDfpCix9H1tVEUpPjLHDKTT1K6LUBgfS,9283.686572940791,1136551,$1000-$10K
AfqaLahtunKjK8JS2m2zbPTLeTV1FvexamQSSA48ifQB,9283.68077576636,1136552,$1000-$10K
H5PNTJTHVCscPhZRzzkfLPJoYY4DJHvrN3Bxv5W7VHME,9283.664714754192,1136553,$1000-$10K
8pH84ZLRi4uhctVyPDxY6jXvaYUnXRUE2JfPXSKKyVt5,9283.660584964204,1136554,$1000-$10K
HjR82ZPDL4ndBB7pxuyiiXTLrMHxJ55mpzPgJiXASbJR,9283.636136600573,1136555,$1000-$10K
HHAKtPwuPvn3jgBgcACmaBnUPK2hm85qdzh1CFtRaip4,9283.62943594059,1136556,$1000-$10K
FWW16Mr2W7TUzNM5P8knMqHGQtyHo5XDRk3ydvQuPNLz,9283.581418042424,1136557,$1000-$10K
9RUWyhtf1d3w8VkyTcBYCwF3BpY6jStmABQQywuLNtd,9283.576790318155,1136558,$1000-$10K
2VjB7gCLTYF5Y1ts2ig19FSmUWNgEb7xA82KuTnzQPEf,9283.567849715253,1136559,$1000-$10K
9gSa66Zo7c7SSUm6ebR9Hc2hNL2ieRsPmjyYdqJmdyDr,9283.53480583659,1136560,$1000-$10K
6oEAMAGELjXEZC6Z61X9zTn28N1SriNF3VSSmdfq6yLV,9283.533203407927,1136561,$1000-$10K
3Zz66uzbwJWCzGyrabrSP81pYFUjDF5ztLiVw9DVdi6h,9283.524254076827,1136562,$1000-$10K
2FSXa819x8rZTyjeo64aTkWsZX1g9E6L1KLqT12GnX7i,9283.508036421072,1136563,$1000-$10K
EDq9AumiUL9U335bEdiVaJUB81Ze9qNZT2ry1LpdS61w,9283.501357124997,1136564,$1000-$10K
B5zvpb71bJUdwZVbi4Yot3CEzJf56MNRFYE9hKd3M1Tr,9283.49845533521,1136565,$1000-$10K
AVDrZhTnnaU4vtwaXtHCowFbN1y1gLqyTULur7LBzEN9,9283.4658170434,1136566,$1000-$10K
FeMmP9MHe57XnVhpwtphc9SKgemhHPFeC87W9QyCixgz,9283.46036557044,1136567,$1000-$10K
6dLsrBfLB6ZyQf4U7o2DbK6XMvfJXjcp6zGDhq7Lr3Tx,9283.446993158499,1136568,$1000-$10K
6xFMSnWD7z7Ewgivzf4F8JtRSRmNj73Yge9qwv8zkNJB,9283.442195166066,1136569,$1000-$10K
GpaLjUKZc7zMbfW3P6upkVbaBm28qD5Dg7JPEKNUhbiz,9283.429214843072,1136570,$1000-$10K
EfXcXXyxnMkyhqpaojY3sMJuyZ1Q7kt6CUFTQ1NcDPsh,9283.419423209354,1136571,$1000-$10K
6zUDHf7N5Hiw2LGUHtx6KDjbJD5jt6H4b2U1fFFRkn3v,9283.40031482987,1136572,$1000-$10K
C6pT1GYmzHfgEjqn9Sq8uUkJosKT4MVXy3ZyECAiLHJf,9283.399636366186,1136573,$1000-$10K
DrZ8DaXFroSaqdk45PiUZNHWFXngWFyJ3Wjgq1kVtrXw,9283.396628320115,1136574,$1000-$10K
54u64iokTE7uKhT4rd1GFqWi6ondXQJ4ompT8smt9dK3,9283.335106818507,1136575,$1000-$10K
J5cg4mmkqRpQGGTGGh6cRBR4s4DBAMhZQQr5g2Ctd47G,9283.281941964733,1136576,$1000-$10K
EV24yK9mVGiRbuWXHKvR2Ghy9ghyzpwMrT37tSJL7NCT,9283.27805868301,1136577,$1000-$10K
6vFwufP9SX3EtopESW1LzKMBrs1mLBzyGMi8B83gU7dF,9283.275427535249,1136578,$1000-$10K
AFaboBTtE5NDTckTWRfrJZRJAVr6Fmu8EwyTo8NZNsKL,9283.210548947518,1136579,$1000-$10K
AXepnsaUcckv2h5huftoWMZC7WaAiWhdaJEizZ4PzgW5,9283.193523686701,1136580,$1000-$10K
FPm6bggdx82cdxmnY9xRxLNF927C1GhHzeaKaUqfzYVv,9283.17510128196,1136581,$1000-$10K
AQMWk5JLcPnzjmRMUeoPB99s8bD1xWQ15zNosyemtrsq,9283.17474281854,1136582,$1000-$10K
FEHkNKNnP4FoDBeJBkr8Uyvd34Dwb7Qyr6XuKzGJnzCo,9283.160885522379,1136583,$1000-$10K
B6ETjEiggqXt7hz3KBG6HjY7ZMjkBTuchMTenLKYt5JA,9283.137211643423,1136584,$1000-$10K
DCYWts7wr3HBA7Wyf4ssUnsUMcEfQnaKZzb7orM6dR7S,9283.073521933575,1136585,$1000-$10K
8C1SBB2WEfK7hZUzrMeqmCpw6ZpwGx4Asq4cSRiF7PCR,9283.04710069342,1136586,$1000-$10K
B9bd5i4yzx1aBzzW9FcxXNvVqrJ4EHJ5AiQmMgzkfWfR,9283.03539349844,1136587,$1000-$10K
EahS3nUMKuZQeKRXKfRNZHVtv4tnwBuCqsWaPLG5bN2P,9283.010434268033,1136588,$1000-$10K
2gbyeneXrLMbie4MhWwHVSnrMEX7MY3a9hCpxD8V8bYt,9282.962285626974,1136589,$1000-$10K
5jJmuuxdwWDovaDpW7Z3Dhuh5VqFnnRbeCjUPNiGA7ne,9282.959417518956,1136590,$1000-$10K
DUxLMxuqvmYwJNqkxzBv2tPt4qL8A4jfEX3ShXy1oo75,9282.95714479862,1136591,$1000-$10K
AYPpWazkkDaj3fY1KQh7NnkNXzNeccENxQ7uGVReqRq4,9282.951231581574,1136592,$1000-$10K
8m6CxijW3UhWQw4hdapvU1jh2HRTuUBo4rPcjcMuUDwR,9282.919873811841,1136593,$1000-$10K
5ctEqpwEaWmeYtU75DUkx1gLGn3FXQ8z26AptgDUoyB4,9282.911071409175,1136594,$1000-$10K
E1yXmWVG2U19SRUrhXP8nwDjABzosoP9AM3Gi7p2fqje,9282.90843484718,1136595,$1000-$10K
9iks38i6AXtZswH93F7jeNUhZBKvHTZSRnFBXCEXLi11,9282.907742599617,1136596,$1000-$10K
BaGuJTsREkcrjYukxhkAgs9e3iH3QLiCvhyD2YRnNfjW,9282.9046450999,1136597,$1000-$10K
HnTjJsbU9nE5QKhJy2LMX9GkiTxq2pC2kUkbdnqCwu7U,9282.904351043951,1136598,$1000-$10K
7Goq94XGrqKVEAVgAHZkzG7h3fHSaM4bbjeXmPwuUrS4,9282.898622804445,1136599,$1000-$10K
AbaYDdkJSC5YTn629paFUjzXM41Kqd32fbM2fEwpnNKw,9282.895853564516,1136600,$1000-$10K
HLnfhHKjBfgjWT34nRnur6v3qF72xH1fxB9fzxcLtpBj,9282.873311097012,1136601,$1000-$10K
DBZ65j9Sa2TKP6e58QWNF5nSNwperRDGcaoMw3NpkpHY,9282.8664922564,1136602,$1000-$10K
7Hp97G8wfEepCcTnWCKEr2SKspNyDCzeMLq9L1E1PPzL,9282.854614292217,1136603,$1000-$10K
Dmjk8xJ2Q5MSG34f9JzdYM5K3UCPkbahQBLjLzXbxT5j,9282.839313896711,1136604,$1000-$10K
2rL95H65HZk65eFKiPhYYBcHmyTY6k1UntvBK7x9aSa7,9282.799798473461,1136605,$1000-$10K
H7YnLN5FRjsNd2hmdEj1kvLxiTD19WTTrGxMThfn8vgB,9282.775022451939,1136606,$1000-$10K
9S2Qzt8TNQ6f4DbNSj5k6yjoeJkUqeaamdiiNEwZQXEP,9282.74326871157,1136607,$1000-$10K
3UrzadQqLCxqndvvHYW33XfG28Sp7X3hKurLWHLDYUKL,9282.706476591204,1136608,$1000-$10K
49ZqgegaGFzewFMzjF53LMkfTTRTo998etu2rSMVLGe1,9282.7058204682,1136609,$1000-$10K
2tTBfQNPHguQhWutDqidVZpKbqBV9WgMaswRFcUmbeaY,9282.703196388757,1136610,$1000-$10K
4pbPUc74EqXdU2G1KXNBHBxbrvGTuMS6Wj718f3nyujF,9282.68694563238,1136611,$1000-$10K
dnGwnrWN4x2SVfWAEuA9cZcK9EWodE5czyx4HUEG22C,9282.673964394173,1136612,$1000-$10K
GZZxNzfxC2Robeb8Lg2ovXMDiHqJwzGKR6QJHj76nzD1,9282.667973234886,1136613,$1000-$10K
F6nFYJtTMy6nY4jReWz8NyDBbJXotCJ98ctNk7uWheab,9282.663939327393,1136614,$1000-$10K
6fvHsfsamfcwSkx37pNibwzEjgNR4ySJKAYxjo5nM5zU,9282.62389011039,1136615,$1000-$10K
2XMGWN6TWwGQdzyu8m7JXSYZaSuuXTezummzsoca3r7f,9282.610208192053,1136616,$1000-$10K
75QPprosEFqhHk8XTYpCjDgxfP3qtdMMkcm57DxBPuYM,9282.58366734775,1136617,$1000-$10K
EXcGWnFQRXrnG39CghGvmfmbeajsYwGvsQ1Z1Udb19Gp,9282.577374659035,1136618,$1000-$10K
BjgpT5b5Ucw5hzHaqKRgq5VnzF4upYrq3Xs7AihUya2x,9282.537856706696,1136619,$1000-$10K
GVpPkZneTkMH732bjS5gcLz313qzz5rEqPCtkGfTDDuB,9282.534702260893,1136620,$1000-$10K
9LnP32w2UCGESjp4W8uh52tzyC4wPMzPWq87nghEGBG9,9282.508971625,1136621,$1000-$10K
839oPJ7bWPAMb19VyhJvCXR3ScsW1YYQXNoLAjkTvx9V,9282.498016679729,1136622,$1000-$10K
4o6Gw6Q464NhuK2KgxN4kLG5JBcyTFZpq3intkUDvzh9,9282.45346962849,1136623,$1000-$10K
BwvbWbw9WyoUvMYiA8a46vHunc2XZfadK8MsxhNU4nFn,9282.448681947903,1136624,$1000-$10K
9RbAK2eiA6qHVq6eu1fsUidnTiDkUsZxNqx5mnZBQaAU,9282.4470307642,1136625,$1000-$10K
DUbjNrzRHZ8q73zrqmrsNczquCYetJgSv8T8b7gAoKgR,9282.445784274183,1136626,$1000-$10K
EZedq6bBZyGtLR4pr5Fkok7efuAo9nUb98rFaHJTghzt,9282.435620214063,1136627,$1000-$10K
BizCHyuNiMUFxG36Z1t2SrTFHJYke9wpoP1WJ956EQF4,9282.418690089064,1136628,$1000-$10K
CWk2PRU2ju9VaK8dk1TkB8semShFN5mexT3wzgkXUA7X,9282.417176010058,1136629,$1000-$10K
GvMwYXAT8XMpm4Zi1JmuvvWxKJoj5GTcdJXtEHJawkeu,9282.405758867666,1136630,$1000-$10K
7YqCqViPBZCT43JZ2HTpqefuDiqhj3WeKkpGXKMesbFw,9282.400695242844,1136631,$1000-$10K
C36FZqNjcn118UmS1kwJo5sMZLK4vevPDDbVwfsTG3kF,9282.373584366876,1136632,$1000-$10K
5uDE571o6eg1m7tiyifMeMJ9y926cZQXc7LYFdBdj1DC,9282.315739074727,1136633,$1000-$10K
3DRbGcrizzHfM6HMvrc384993akdfrmcTtgpW6CRgh1W,9282.314979641063,1136634,$1000-$10K
3gAr2S1ZeGdchHGW6HwBHdDLZ3hwmqWbpRxM7T4S3W8p,9282.311520674337,1136635,$1000-$10K
CdJYqEieuGc6NQo1rAxaM7Bo4tkqueAXLfgk6v98ABds,9282.295827338454,1136636,$1000-$10K
55Wq9ikqAuvsT5FpShHA1X27ErCRu2nKWDUntiV9cRLC,9282.29240002156,1136637,$1000-$10K
8Xj9eHYSK3HGjq17mRSYX7tUVWWhXjDqkf4t5pehin1T,9282.27342387232,1136638,$1000-$10K
55Fw1ACgaec5aNzSyMNV1JQwEZ7wDrfFhHwsGsAsHsWZ,9282.242525929156,1136639,$1000-$10K
9zU6tYDbFfci2tvM56DJzyuZwJwjdXM9N4KSgCyoPoUd,9282.223048351754,1136640,$1000-$10K
6dgDxo3jfSiTXgjBR7fxDeEBV9f2NR4kV7vJaX9Z3RBm,9282.21982160593,1136641,$1000-$10K
E4GfGV4ErTneFp8pQ521PvCP1jGxjmHmasQRjKXrFSjG,9282.219080187891,1136642,$1000-$10K
2bii5zpaZBz8UBR9hMtkEKxvtkTyWwm4qWtcexc5BZ3N,9282.185999504918,1136643,$1000-$10K
48TQV3N5rvVkh9h9wmrxuVSq2mW8yGitjL93TqK28i1P,9282.1852303235,1136644,$1000-$10K
EZe4XMLABHRSSCGnuRoUostFE6YFg4wH7ParaHgwuDHk,9282.181539501136,1136645,$1000-$10K
D8qNyw15UDgkFRNJBpPxyzihgNngB7PVLZL8wAPCktV4,9282.162995560097,1136646,$1000-$10K
3Td6REkGuTj5FBGnruvYrAwCTgppVmTfMm5dRiKxo5gK,9282.155326007367,1136647,$1000-$10K
42fa8qMeqgnv1tVe7C1pYPxc2pwFZa89iYuE5WtCrjdJ,9282.149717756447,1136648,$1000-$10K
AEnEFCdcN2az1MGqDa25u2ZHx6o3rfRseFXnHyEuZoQ7,9282.130099080738,1136649,$1000-$10K
ENXM7LSzF37WC9DR4K96zYLu8qNKSd5XXvtjMGFsjaPH,9282.111684087602,1136650,$1000-$10K
3AfwDYWessH7KRj15cMLsp2H96Rg3ppYmqNqDZR1CVbP,9282.106181942645,1136651,$1000-$10K
7RmD1ohyxQjgSDjSF5mjjfLAvqc8kbRYBZoELZDMJp8Y,9282.068796662588,1136652,$1000-$10K
FF7nghYKR2kh4yc6LxHteQ4Gh75Mr5KjXK5FoM1j8c5U,9282.03844269444,1136653,$1000-$10K
56fm55eUnwg8LkNax1RRnPzWfd7fJjPs5SurnPLHvutH,9282.025308548344,1136654,$1000-$10K
5fR973hm1M9rUzM3cVAJrrwEow1LCAps7iTMVdHNijDS,9282.012529654989,1136655,$1000-$10K
H7PGoL47NPBkjX8117576qvyMjVPYhaH2Kt57mKcY15N,9282.005695507994,1136656,$1000-$10K
7GBAKDypkSzyN5vHJPgcBEm3EDPjNo86HkKxqGdd8HJf,9281.990759615119,1136657,$1000-$10K
5u7xbXtjwt51WfoATGiftCT3Hi8bkSnSie2rGXRJMs2d,9281.970049255624,1136658,$1000-$10K
J4E9JVEA4vxS4MrA95mvzrPiJwjSydmTGceSBZRtMoFu,9281.967785291155,1136659,$1000-$10K
EDguVAMGRm4zvFRDWKUDQEHJmDRPmFJbJ8KNU2jUBey6,9281.967533459281,1136660,$1000-$10K
CrGJ8Chpiyq968FuNrnxKTFz1gtdWKdK4i9MnnpMTBJ2,9281.950980199794,1136661,$1000-$10K
6h8keyTC5Kcr25XHT45yvJBEmQKgjJuoSWpZKwKWQkG1,9281.938535047682,1136662,$1000-$10K
Qd4vjD5ynFA4zMD59xYY6CuRVSDZ4GmHTWndNsGkBJ3,9281.928346039207,1136663,$1000-$10K
2Gnf1T21U4ZtydLVAST2BHpnNMos6U4Tb3BA9CDdAuH3,9281.901855436654,1136664,$1000-$10K
E7knHnAm4ZgnZQDwiyDs7MEfMtoiJFJP9ZsHhmh6Gg9a,9281.88905772411,1136665,$1000-$10K
ErEsXJkQnoygPMuXBtxQ416aMdfwuyewezaeTjdr6uF9,9281.883058166975,1136666,$1000-$10K
G7dGMXUJSzfpK1D2neyRvWNg4FrefwNYfapxaLpdQF5S,9281.755405950571,1136667,$1000-$10K
4iS6rSkXUnJyXvRH3GRDjY3yYwrUrFYgjyrvPD3scWXX,9281.747245199565,1136668,$1000-$10K
2mh65FMSAcGJfLn3j7R43KiK2FMaje3bpkMVzcaDPRH8,9281.731929008354,1136669,$1000-$10K
3ySYHzmxa32Yg7MJY2DbPijh7uWWcSihqGy2LXbRNUgW,9281.729441739239,1136670,$1000-$10K
7TCbDDjqsKZyYErSVjDW7LFXYjHR3BpS2hJ8eXqbJYqd,9281.716966989427,1136671,$1000-$10K
Er4ukbsu9BvLS1a6ZeULhhgvp7fLNAUo8w2MdsGHeXiF,9281.704791489217,1136672,$1000-$10K
8vwevHTAuGw62FcndukVNy6dDw8BtFuEG5fM5WvGP1M8,9281.702570051915,1136673,$1000-$10K
HufuULquGvZHrBBSXZyLteUegJK9LD5GtLnmBuUjjg7U,9281.702160251409,1136674,$1000-$10K
HUAZcZ8kvu7u22sfQQS3ZvEdxSGD6KpUoeNHLruovo78,9281.700286371877,1136675,$1000-$10K
E1miVqSM3j8UfWzVtjwTp8DHXNGtVUxZijw5VhSjemD7,9281.696420615004,1136676,$1000-$10K
FucZzRJ1pfqQow3Fi3Mh145MNaFnvPaDwWxdRxYscxj4,9281.657252741914,1136677,$1000-$10K
EfJ28z8ubAEa6NRd4obhd5CjRAo88F9zt1X3C3fAmfG7,9281.649524206452,1136678,$1000-$10K
8FW6a8QFVMFArhLeirwR8kGfBX9pgjYWmgYUBPCgqk5y,9281.6340005367,1136679,$1000-$10K
5ZjNGUL7ir1bsi4TAC4YjHkJUrnXP5iLDrcGTV2ZgAqn,9281.633780899885,1136680,$1000-$10K
8ynDrCWwA9jPpCdqYKq846Qm2oJYksDWNwttsjnvN4BA,9281.627460846503,1136681,$1000-$10K
BTZiU6XZzrMWdV5V6a4x2Xr77AKzcNc7y8RSEcwHVQQP,9281.609273165534,1136682,$1000-$10K
51XExNmuvByLo2MofD6hor35zMM2zCBUiBrNRHSGHSFe,9281.601346344707,1136683,$1000-$10K
F9zaqwTdf7kznEFBpUffgb2WtAubdo7tf7Q87v2udixv,9281.600043339646,1136684,$1000-$10K
BwpU1S8aucVePsKMw4Y4ZywyUCKEynHParmPvcP7yAEq,9281.553956753321,1136685,$1000-$10K
P2KwMhkKDkWL5JhTG4SqhHWRYKk8uuvLKtmcBB8AP9R,9281.524075292513,1136686,$1000-$10K
kEJAXymrL6Z5Rh1PbEbijPW5SzAvyBeUQXKYSUTqQkp,9281.508138558202,1136687,$1000-$10K
DtingSy633P71CXqmEtGiES1He52HuQxXYo5GYYYg3d8,9281.504997860371,1136688,$1000-$10K
HPeknR5TgzqMKnUM1D5bK8LMEeejv56EjPaRcbLVywdc,9281.49714304862,1136689,$1000-$10K
EQU74JNuLgoihqbZxVFr1MhC5L45aAu21XNZ1oy3uyme,9281.495324400861,1136690,$1000-$10K
J9HqyymxUvkNCz23gTC9fwDv1NDKQHHFSYSzFogYad7s,9281.473517026261,1136691,$1000-$10K
579UZbUMouSPHHfVt5jLfUaoxWbLRNiJBmbbemWu12gq,9281.451700848138,1136692,$1000-$10K
8XuRvJMrThLjDvCTMbL9hEekNGijpQMq7KQEoGMtajRT,9281.432563049677,1136693,$1000-$10K
62iS3ZihJMvbqdvmXRCaRYknhU312tEvzWYyeBdKyYGT,9281.42888357516,1136694,$1000-$10K
sbRQ6vRgT3jTBVbN2RD3nowFNu8EbtjytyWGGfM3uCv,9281.40647258902,1136695,$1000-$10K
32m1awzXkGEipxUghSVUfJyTujnsHNdPxCFLbyvNhaf3,9281.30834203732,1136696,$1000-$10K
7RCEaEUizzhzgihSFxKcs6MYVS7tHKde91TyeeGrttPQ,9281.293683124477,1136697,$1000-$10K
8AtA68NGRHe7oiJvUJxQJjSkg4NPWkC1bTLSLwrx7Vfj,9281.236911729615,1136698,$1000-$10K
98jyfuUz6EdR1iTBAks56bYwwz8kWRcUr3FiKLu6c3zx,9281.224579767148,1136699,$1000-$10K
6zbjVUwvMK1zNt1AH3UCbcxVAxfGXJhTKiVnUw8DdVdC,9281.22302074864,1136700,$1000-$10K
CiboAAz9Q31kxoqSAP6wwHBi3zSLrf6KzenumARdjAAT,9281.197018568098,1136701,$1000-$10K
mYTrt14PvExaiqBm4GvmeBMrfPLbyFdxzRaWZ8oFEg3,9281.19568702141,1136702,$1000-$10K
EpBrFQYymXxTWJbMzySEM38uE66h98YqGTMvTWGDv5eQ,9281.170640874738,1136703,$1000-$10K
EghFbQLZq6MdmBQdJavgLcnW61kgao19jvViK6Z89spM,9281.159238261609,1136704,$1000-$10K
CN9q6RCx1fiB7snaN5nT785azujmvSfsT6SXeRgFMDXu,9281.115415452714,1136705,$1000-$10K
Dk4kcAXKqW8mfGE2A5fFqiGQZqTpekrE7EvtLepmQLX8,9281.083956469007,1136706,$1000-$10K
9bNQGiDFM7Qr2Z7gFVifWt2vJVbVSyBFdydze2ibMoRx,9281.078912074949,1136707,$1000-$10K
7aHAUQZZEqoKSsw7XcNdSHfEKD9P1evKBnYEmUGbzZxr,9281.067344684032,1136708,$1000-$10K
H1kzTDFb5YJ8gsiG8zb6E6FcrRrxWGBN4MRxsHjBaBv,9281.056938967431,1136709,$1000-$10K
6UCgfiLX6DtJtQZ1fdtomgproHFDrk6DHRaQr7er2Wpo,9281.044317428608,1136710,$1000-$10K
ESvvnK9ENRVrDBeXWML78PsPfTHEoB62UZUhHmeqNa9J,9281.029590300079,1136711,$1000-$10K
HyVT9HusJjeE4K9xfNTq1pdnrKtz48SVy8N3drcKnD7q,9281.028140466116,1136712,$1000-$10K
2Eyed2xcepobVNE7P6CQhdnDnFJsjFZxHFcnWABEYrMY,9280.979360502031,1136713,$1000-$10K
46iucsU5DgBoCQyFZRxPC4YwpMvbBjMvhCeznRzkj2hW,9280.967301957699,1136714,$1000-$10K
5V6bgEAgVim3BKKGRTh3iruhF4vMvbAcXwaSymiceG4P,9280.94610972086,1136715,$1000-$10K
3Knk2ByuyT7WBREECPy9phnZyxLdP1eLVP9kWAoLcCQb,9280.906280470064,1136716,$1000-$10K
5uKLqkBU4Gzote5SnkLcXtc2yACtTCAAGYoszEasFw4E,9280.894971601592,1136717,$1000-$10K
Ap3yqPBCDQDG3DKc23K6Vt6r5dCqZcLmwwSYqPudNaML,9280.882090772357,1136718,$1000-$10K
5vKP7xn7sCG2nopemaAnnhhHP2YHEZLFAhheNyEKzYZm,9280.860849328521,1136719,$1000-$10K
Dhz2PKbELKUZx3L6JgzeMuDefNedMvpYTtCfEoFZPjmV,9280.857168601837,1136720,$1000-$10K
BVTQzHRorsfRUKfPEdcJg5yzEv9kJY1MBsqW6rc1sR8H,9280.850501161993,1136721,$1000-$10K
HsMqgFYtQViFYD8vZWaLQiDZHtfK2mW5cU31YvCtMhBr,9280.830106736177,1136722,$1000-$10K
H6eSDnQ1Yeh3WBJsax9fB3chSPozFVfi5vazTxLGsief,9280.826509702241,1136723,$1000-$10K
H1kF6UWxJk747wPEC7pHz6r6gcdi5cYSSZmSLKiDvNx2,9280.81583434848,1136724,$1000-$10K
Edq6YPzSjiVDDTv73yY7Hxks2SA74f5GdXK8P9trHWuJ,9280.797850136958,1136725,$1000-$10K
DXN17Quvt99dTEmxSR2aXE2yPjQaWv8EzkTjF6ocPJ2a,9280.781422537186,1136726,$1000-$10K
FZecR9xRD7EnjZMknAHi5XAqVVqofqBKvKPPfDH9aCSZ,9280.750230858024,1136727,$1000-$10K
9xeibu3wXXHjfW5LLfzmn6iaTCwLu8n1feBDcFawLns3,9280.713327486614,1136728,$1000-$10K
E8Zited1WKcrSnXT2GUY4FKoUShM3ThDw88EhgMkd5J2,9280.707965312089,1136729,$1000-$10K
9WcEvau6gMjWoq7ndpeFgDxjWFPb5Wz37BxNUXL4QZHM,9280.70098783896,1136730,$1000-$10K
AErMLah3h6XiTzw6K15oBgoKc3Z3pZVkixG3CTzFnuSF,9280.639396412796,1136731,$1000-$10K
GAZxpuwfXpNGfuGtG6WZpyAku3PFb132WzEddfCA2Bya,9280.627607802875,1136732,$1000-$10K
8Pk8MmCAbvipV1N2Ej8VsTUpDR7LBpdhTcsTewFXPix9,9280.614042269468,1136733,$1000-$10K
CBkk5KFbjxedkhC3Ns585mKt16HGSd4RDxgK3y7ZrSXA,9280.577960496981,1136734,$1000-$10K
Fpy2KK9UDpv3MfnfcPXawYAtmXCra8L11EP5BKvKGr9k,9280.551905246568,1136735,$1000-$10K
768PSUGUB4vTTfBTkVipLtS2FVKiVccf6dnD6EMzg2fE,9280.539725248032,1136736,$1000-$10K
6pUQzqZh94AQx5fuoypXy5TSbgFVp6WxGEumC2it66yC,9280.53562825029,1136737,$1000-$10K
EVoEkw7JZvaYz2rr5iN4fRuLVTk4QKgGEuD5TwVesavd,9280.531998906066,1136738,$1000-$10K
Dp93LasM4JmDGikkHQCH5e5XqAvAPSztqMMFCkRTp6QR,9280.502768171,1136739,$1000-$10K
7DFjPRw5WS1AHTc34Vm8613W5wG9vQrFjZqW5bntq55Q,9280.494468519108,1136740,$1000-$10K
4o4iE2z4793J3yMRfgrJwATkxJSSv3YZypRDzjNXLn57,9280.47303559977,1136741,$1000-$10K
6pYZ7E5viiiV5xefgtL1GYhhA7RtgGz4aC1vjHyKKNYC,9280.444930841013,1136742,$1000-$10K
9b6ncyncKHzZF33NeBJdy8EdDK1KE9SQ1nvbXdSrze3j,9280.443734505014,1136743,$1000-$10K
AgHWBiFmSke3Nuu6iKv7hct8LjaVfsu2RK7WMVfNMG7G,9280.438856487513,1136744,$1000-$10K
ArixLiYdcjFAyiuUNnzNJPPwkqaEH4kxNh5svZhXTFqc,9280.433616636667,1136745,$1000-$10K
3SaVtHu9Nucf3WuAR6KnxUvwkgJ6MsbcoyimxKsEUG6b,9280.433010032772,1136746,$1000-$10K
89rbxy4cUczeAE8mAsgWpa8nc7E5nocHVPynp8CFyovS,9280.408104206992,1136747,$1000-$10K
D6xzga6rncyXbiUW6vzH4XmurkNZSaqkA1VotVpMLYeU,9280.40171445745,1136748,$1000-$10K
7qSwq39VNaqaJEkxi2fjo8UJaSs2kA6tA2K6pjWi7ong,9280.39844773774,1136749,$1000-$10K
6VSQDa8kejfvWRRppRQ3Rh1udnvJvrqQnKX4RrwSHDQD,9280.391278423836,1136750,$1000-$10K
2P7PqcxKx6qbBg82MxtmKGDCBx6xkBrJrDcrrUMYt3eK,9280.2786275008,1136751,$1000-$10K
AesnbPPSAXhPX2Q6cGLWYhuYR1Mw9g8uxsXhPDWJutUd,9280.265361279107,1136752,$1000-$10K
2Vhtoy12Kk4BefX6E6GVzGjYCzPtNuRbVx6x9ZJegR2F,9280.250885651381,1136753,$1000-$10K
7uwEVvkmJpA1KvVTfw9ATjgdzymE2f5oxJjyRevqh2Do,9280.242705563845,1136754,$1000-$10K
6HeDtsExi7uKRGRduoLavgBGsp3pyVyQ1XiUouZC2fb1,9280.239179356358,1136755,$1000-$10K
HxRVzPa1caFCPdALajK6MxHkEz6CnjU28KAYJCY9yEoj,9280.13823428174,1136756,$1000-$10K
43yrQqCbSieyCnhZ5RTJTi4MdnLbXHVKLWpLUvWrXrq5,9280.1312968508,1136757,$1000-$10K
3wyK4DaNP2azaQcZrr4iwN4zNNJ8RQkirq1kMzviBRPF,9280.1255534395,1136758,$1000-$10K
FMgWz7pzbx6myZKAeg2NFatTKU9i9LgrjgTDs99Xbcsy,9280.12486564177,1136759,$1000-$10K
7bzEKecosD6JSXSp4YEfCQgBFNKHEhYif5fSJcp4SNw7,9280.112642620144,1136760,$1000-$10K
6M37FN2opyR4LMFQkJZotjDJrhYXPvNQoN7Gyf4grtrC,9280.09913874758,1136761,$1000-$10K
MDw668giVfVsCSe82tKzafxgqqydaMsT4G8TXbE9pfw,9280.092093173145,1136762,$1000-$10K
FMdennQfBg9H2CqmAATRE8t6HGKqotDBUJdyYHxfpAzp,9280.057884640048,1136763,$1000-$10K
Bk419ygffPxvo1Ca29uttAdBoRLGJLVJnEh9AKEuW1u1,9280.03666219788,1136764,$1000-$10K
5hNhrcytwu9NXdX1Mrw4DGrXqxMUyBFDWiUiDNsq9zM6,9280.034864713312,1136765,$1000-$10K
CBBtFUEBb5xvV4xHSqTGUiTgL8yoibqVshVvaShMgYXE,9280.015504584517,1136766,$1000-$10K
5UAYaWtgWjd7KDBgJJ2WrREctErV1KMDXMdtMRcUf58x,9280.010054533446,1136767,$1000-$10K
8Lbhk3c5fTKeNPTuppU9xLMtmZMWX4wVyQXAQqFw5khk,9279.996465386552,1136768,$1000-$10K
6gcEVuSnjYgE279RfdLPBpPMB126dLaf5AnvTWht8bRq,9279.989633359952,1136769,$1000-$10K
AihEvA2sSTKtYBk1dEYKhCtzekDnxw1qzjFAA85Np4ye,9279.953170982517,1136770,$1000-$10K
AocnmMSv1YTE7qmpn8HSZbmQqb4Jcuzfp3je65AMniTe,9279.951826703069,1136771,$1000-$10K
BGsqCfwkPbZzAgBfaFvJiSsn9c7u2e8rooH8h31JtVTQ,9279.948125452362,1136772,$1000-$10K
2T3t7HVaiYFqW3CwbrXuF1RTAhRDyGZGJYeTNSFgW3W6,9279.938133547485,1136773,$1000-$10K
A88mMRrEiCbQNMZdjvL8WccV5HR5P9bSv9He3qqTRQFo,9279.924261611903,1136774,$1000-$10K
BDxAwswBLpRSKM1zovVDNUZqgWrprKWZEDcoAjs1Djr2,9279.89796598564,1136775,$1000-$10K
7Mj8Pc6HerE27EFAQEWcFvTrRSWYiDLHicrYRZZ7LcSt,9279.890958217638,1136776,$1000-$10K
A2N2eKVH9r8eZMfwPXzP778Mr92Fs6i1zX83To9qE6Aq,9279.881492943958,1136777,$1000-$10K
8QEApE5CSq29VzKEAmZzh4BYBmx8t21EmW4Q6Ys9nmBX,9279.872125170441,1136778,$1000-$10K
4JCPBNavjK2mz6UzcDQCrohBjyw1ocL92yM5BbGefTkS,9279.866579721443,1136779,$1000-$10K
H7g9huNAPwHVYg7EN983S9JZHo7cK6gtdVvZqjYyXGCi,9279.855713974883,1136780,$1000-$10K
At5EsVazpgjsEdjQRdqUaWMiyM5Di5XvqbhFmvczZWMQ,9279.824953582674,1136781,$1000-$10K
FBQJ3YmUrxik6NGx2dj7cM3Uce1wv6Zi3veMtGX4oDjV,9279.78628891189,1136782,$1000-$10K
3aXCe8Zn8rSuYmUFqyjiYTNr2sTRHEGCGWyYt6z3AZE7,9279.769258359765,1136783,$1000-$10K
GSpjtvp3skfAvhV4UanZPne6r91wSjPuiSXndS7Y4RfA,9279.747121530054,1136784,$1000-$10K
HaRmyCHkpwW9gKP2XBESw1tTLBq9FVHeSSvDupMkL1v4,9279.734334193265,1136785,$1000-$10K
4ZkboipcsgmAp9JuA7funYszixSwMTv12EHunXGFQyzC,9279.73212956723,1136786,$1000-$10K
HAvhoJwnPA6uXjgHAGyXPTEpvctHb4w1S8FyDTX7uJGx,9279.728252687848,1136787,$1000-$10K
CSPDU3F6odvcY6ku3PDTH2JEPV7H5aQQH2wMxcFjXLYi,9279.68735727474,1136788,$1000-$10K
GN8YZYwzq6xJrRavkeSE52xyPt43i877MhZXWs5tPMoV,9279.666357510978,1136789,$1000-$10K
GLx3jQKTQRWTvX7HoaAmcKb5gz3uXvH4gkyWcoatXA3L,9279.577218720702,1136790,$1000-$10K
7FQFRPQVyjYLFrwBTXZ7NjVJWBZPSDCdhx6DaZ3wf1pt,9279.570401309149,1136791,$1000-$10K
GstUwB7Q89ZwEgVKUYz2MwgMiRSLBqAt2tHS7q31LJvo,9279.544256338027,1136792,$1000-$10K
AcdxwpXSrmHp9mGQmcYoapbioWvM9rS5nJpbCDpqNYEk,9279.517829968347,1136793,$1000-$10K
AeR5Vfe4aqP1grwZsohGFSE5bgCKVAEtFzXNvWi3xYF7,9279.513956637933,1136794,$1000-$10K
DphLLuwonViydnRHN6MqaEzeVT4TDwiXrPpqfBYVaQ2R,9279.508859114116,1136795,$1000-$10K
EkZiid4zXSEHiuJsbDs9m6FFoTJnSgmKU9TAD2aMscud,9279.50204795673,1136796,$1000-$10K
2tqFzqi3zGLaQiRdfe1kL9Dd5uvmz1ibBk8AXwtc1qCi,9279.480563323199,1136797,$1000-$10K
6gGvf9VMkhMMz5oNuFKXokbowBiCfnLGWjRHa93o4ppC,9279.435109506738,1136798,$1000-$10K
5fnoLs4Hgvp3T12CeKbz66Vj9WT6aHkYqL5NztC6T5dh,9279.43299070821,1136799,$1000-$10K
EXMPST2LnHzeCrFPgj4Jw5z9LMiT5GbgFtRk9qhNQEHG,9279.405297904827,1136800,$1000-$10K
ECsN2BXMsx29wsv4VSEtAG9VYe2Tqz8YyZ7jy8zqxU97,9279.38070571163,1136801,$1000-$10K
BxG9Ch5odJWeE19sqDddnV4ijjL9e3DcZ2dTkpQEWE6C,9279.369846170652,1136802,$1000-$10K
Akbsaw7d6AWmMnYF323mGR9qPBD7w3BHaYmwZDfaVHHF,9279.354132846149,1136803,$1000-$10K
ActcpQ74xBruAG6aH5mkpA4EjLimfLFTQc8xsgqKrKwm,9279.318499144481,1136804,$1000-$10K
Bg4bVUWvx6L5D6vnvcEgzsPXc9a9iCQDU3iCy6qJptJ,9279.312636495893,1136805,$1000-$10K
pcYaKhYdCTPDehkkBo46Pii3W8Z1BgJGVTftK75fXLr,9279.294621563884,1136806,$1000-$10K
y6RN7wwWY7V3dWuHtVbtHbywf4uJvXgHmByM1c5gS3m,9279.27776356189,1136807,$1000-$10K
GqQrkai72Wq9ybsobx8u9WRFsPq7yo4af8Zq6VAhJDWJ,9279.212208222736,1136808,$1000-$10K
AHNrYy3B4QDTcE6gXkuVwndu5th9BwvJwakd7XCNA1Qg,9279.19638311629,1136809,$1000-$10K
4YhL2BpoQnSuSZ8FYSF6hMTpfcZ9wUSUngR6Gc8d4fzK,9279.188220755464,1136810,$1000-$10K
CRjqTpKbMquSvEnmKVXWk2jba6ammP3iea9UR7p32zvD,9279.173250981352,1136811,$1000-$10K
7P8bgfPbCxvsFT5CQ5s26hF2DejZpjqYbut6m8hSyKs3,9279.17233424412,1136812,$1000-$10K
FsqgbEPrJf7GGMeTwZb36irjzs4TiLJJWmX4u6ZrNC4P,9279.15415074838,1136813,$1000-$10K
9pG1V7YsUs63cfpNFqw3UQzhsAnfWZHYQnsbJiu7adF5,9279.15261588369,1136814,$1000-$10K
D8pVgMJwctEvWe9rQ4UoJn3Hda81fNiR8VvXM4zziKu,9279.140084048278,1136815,$1000-$10K
8AgDJMcVaRokbXoz51VHgadpHfuk3oez98kT5wnsnuna,9279.139052936516,1136816,$1000-$10K
2hAYn217LUqmvAQhXERWTmTywHN21UTPQSewPrDERNPJ,9279.098107934324,1136817,$1000-$10K
BdFEXsCdfskZEddngzBYZTj5yfU5TDEQm7jE2UWmjeDX,9279.08642527453,1136818,$1000-$10K
CgrGWDGFw5giD3JMFuu9xPeLFnEU4TERCFhSRRgGk7B,9279.068368962835,1136819,$1000-$10K
A67QmkdmnfW2AoU2oB4PWpif79jU5DnUrYc3PRFBzhpw,9279.06592931331,1136820,$1000-$10K
G8MXbpREma388ZmBMSUE7RbyKUkP3R9SaxWbMRdUcBJ9,9279.02182602075,1136821,$1000-$10K
4jkNnJAFCeHtk8P591rSH4guzSyLr7GfQVUvCKMjoUy5,9279.018615219116,1136822,$1000-$10K
EiqiueHrSAN9Uf96ELjGhcWGERJjh4wJsqf7YBdavZsE,9279.015861527942,1136823,$1000-$10K
Aa3G7jbiyxy7pHHDC31CGZ1mmLgiUrthLjijyN1W3N8w,9279.013575648509,1136824,$1000-$10K
2uoECx8KLeLC6ZUYKX6iHezWPybq5DUW9casnbxWpug5,9279.011292521018,1136825,$1000-$10K
DRK5koXrUxBFh47FPFAQCY1846Vp1B2kEARPawj1vutv,9279.003717168946,1136826,$1000-$10K
C6LXvDfHvWVmBVU6G9obvV1dZWBechAvjvxKUxAZYaqd,9278.968534144828,1136827,$1000-$10K
2VQgLJd5UuzaUNSJkbC1Qt4UzVAbSyLkXViAwdA2UFKS,9278.927191850187,1136828,$1000-$10K
HWt5Sjvs8uoFfafwMp5f62aGsrizM89Zs2nnSiHQiqtS,9278.922885761582,1136829,$1000-$10K
DMWSYjRrcz59dNHwKpkLAe4zmTY6oAdn8eHBuc4dbn6n,9278.908914487136,1136830,$1000-$10K
6Da2m8yVVJoiw1sZUFpjCmmdMRoeqcT3EaeFtmbYukfA,9278.895602069322,1136831,$1000-$10K
7igGvdmWhLAFazaLU1KvxiLYhdH6erD9rPtVcRhaFvWC,9278.848506976332,1136832,$1000-$10K
8EFnRp24xe9bp3QyJnmMLiMEcs36LySsymvkBMEy9v9q,9278.838116821124,1136833,$1000-$10K
2XMuYJbdVccEifE4J8fsygQqMmekN1rZUJUr2VJK6Tw8,9278.829935129626,1136834,$1000-$10K
6LdjmRxEeUhvnTrGiKop6NebaQrHqrGZz5uLhAdELt8f,9278.82004492468,1136835,$1000-$10K
9KzHsyD8nbN8xbTKWWZYKR142wbJ9hGmqaiPaUxqwZzA,9278.805891236134,1136836,$1000-$10K
3jGGyZt8noyJBRerhY1Zy5jKBZtAHZvjvGJkeKff8kBH,9278.798705860809,1136837,$1000-$10K
ENVQQyEkSvd1wCPjZRCoYpkGDKaDUNt4XWafrPuFV2mh,9278.77326498046,1136838,$1000-$10K
As5ZnTz1tyfCRvocJtCpzSUD7N788ieo8CijeDdPKDDy,9278.75798354935,1136839,$1000-$10K
9MGaemTNYqnvy6L5tLib3w3FcWUmN2gBsYecHnusLXzP,9278.74969325525,1136840,$1000-$10K
Gnnh5KVUAAg9Nxacy4LFzN4GfSU4zYoQ6HSQSNf1UGvK,9278.749640725302,1136841,$1000-$10K
5XciW1Wb6SnGj7xQUG9fqr5HfN3aFsg4HWXTnsKcnAXf,9278.728166775805,1136842,$1000-$10K
AQ2JsEEGRi2qW2Uc9Vffk9VHeu4JF2mZhXfqMCxRFSWq,9278.65695080176,1136843,$1000-$10K
7dRCsJcRQrUf9vk35YTSfvYLrtvMKd4V8sQAeh8fgLhW,9278.643605805435,1136844,$1000-$10K
9xiekxXrWmFkiv22wyS9dqzmufjfPb6v6FV4KMYg5Tny,9278.639919874997,1136845,$1000-$10K
H4KFEDdEjxFzhu2V4QiDtePuwQZDYDU4fyogen6MNHbK,9278.634592741202,1136846,$1000-$10K
Es7cAbmv2ejienDC9JXv935ZbkFqqyfckPojRrsQzLfS,9278.632010026518,1136847,$1000-$10K
9JE2NGDKjWhWcxqZ9hbMpWzz9nsEytJewL3S3WMNMyfY,9278.625208527592,1136848,$1000-$10K
tsqmHjpQyXYtd7U3jd7gWRELxXBPatjutbq9iBsJTGY,9278.623612468888,1136849,$1000-$10K
6MzFaDqTvCUVNRPzct4TRfHgeEnH9tkftxnWUPuxAPMu,9278.554790257193,1136850,$1000-$10K
B5smU3WNM1totbRoEoeiWGTTprHVkCRSNvoiLVCBKeyb,9278.482793682559,1136851,$1000-$10K
9Z1s1Z9qrqdJGrkZfAfChmfKbDr4wJigbQByqKxGfR5k,9278.482584379162,1136852,$1000-$10K
CCi1C6Utxf9MFiVaWaFKqR7acus8cvjrzHe3HGdqV2aN,9278.480078016059,1136853,$1000-$10K
4qw2STfsQCtYVUm3mQi8488x5U9R1NMDxL2BMHAiWrXy,9278.421787093088,1136854,$1000-$10K
7i3T8ZrDN1p9NPqcpthzAmaYTWiFuf7ZYsEuktBrv1xJ,9278.417437925327,1136855,$1000-$10K
6kb5KWxp65zSwrYwagyfd2t25e3GJUVb3SDV68imX2q3,9278.38720712373,1136856,$1000-$10K
9ppgeGqDY8RJdhjR4wY8daBnURi91Z58EFiVSR2XvgU6,9278.374567777557,1136857,$1000-$10K
Dey5NeKj5KzL2WUzSuiXyhKeGJaEKxzEipr8o97nXK4D,9278.37179200055,1136858,$1000-$10K
7hpNmnjJ7QNcmjr3UiLCfTmwY1HLvNA8QiR22ZxTCmK8,9278.343513054811,1136859,$1000-$10K
7sQGjYEzYBsGEdzxGsrueHDD5BPLkerVx1D64YyQvgz9,9278.340872033805,1136860,$1000-$10K
5cy1LgQMQZcPKKAamcUsQgq9Bqo2sPhhaR6QS7SjTrRG,9278.335813146621,1136861,$1000-$10K
6xDTpGHsFniZxKyMfBJ9mTbGG5MZ46muWwr74qUXwHxE,9278.329752106578,1136862,$1000-$10K
BqTDHnn1UKzirf84343z6zrf5Dci3BDX3v8wAqDWJrGY,9278.317337348226,1136863,$1000-$10K
7Cjz995xeU5GX8EfWXXoVqsufsGPz8biX1CMYmfUwmK3,9278.31156222669,1136864,$1000-$10K
88WFc4GnDMEnWmfhXu8cHwt7S1FzaJqaP8rWA4uNPxHu,9278.306986071251,1136865,$1000-$10K
7C7M4oza6cFTRth5FSYFhikLp2DERm6TB2EaK2tpwUeb,9278.26848729856,1136866,$1000-$10K
CcH1cfUjnCPFgx6zTvXWB6MGfaWfpzGRGx9ghTMAoRvF,9278.264204274461,1136867,$1000-$10K
6xwYQk9TEXYDxC99YAocTsGwSzJVbrhsTfqq1VAxyQzm,9278.258089857,1136868,$1000-$10K
4x8q43syYiggEzEd5cd4AKQr3RWvecwWvegSL2jWQteJ,9278.245196532034,1136869,$1000-$10K
Bo5Lf4Qt3jgRgZhhUtravbk7Y1RuDyrCJ5d5udpD6fCe,9278.225090699136,1136870,$1000-$10K
56gsVWNCG4rhTqJ8aKSEkSUCpLmt7F555Jt14x5LGfDw,9278.216284666427,1136871,$1000-$10K
AvEWovjCP1PvU4ZTHCb5RofbgPmpURXiXyRnMPP6YRXW,9278.200125717474,1136872,$1000-$10K
FuZMXZSj4CmmXdodJ4kyECetWpN1S7ztqKaG8qiAqEFw,9278.195066687893,1136873,$1000-$10K
7acNmwaUSxAPHSiqsxasjn31SZoBfBUXcTy3i7rFbd3W,9278.192244836588,1136874,$1000-$10K
9mLyBMPSzKW6jjU8NYa9PV771UbbF721vMowfq2uuBkx,9278.14897202067,1136875,$1000-$10K
3p7cXSqCiNiMm7as9nYCz5Evm3HJcqrsgj9hcdEvQ53v,9278.134599621722,1136876,$1000-$10K
3MSR4HnPUBCgqpA2FwaFeoDb48UHw6DUvsvxBLkwy3eM,9278.125314319,1136877,$1000-$10K
CWwEuv178NXYTgEkSGmvez9ayHU4hwAybe9aftgHNfy2,9278.079740374576,1136878,$1000-$10K
BjYGvrj62uiqaCtAqKvetUxNPzjbBXuxugV3ZVPficqJ,9278.060144766792,1136879,$1000-$10K
9dgmQ17c4EdNb9ZDxb1BhxKRnxNqtiWMacU9D78C23ek,9278.03429083389,1136880,$1000-$10K
7ih9d4uoXCkiPwHwP7u29LPaKUYu3bC1R6EWVYkya41T,9278.027832236534,1136881,$1000-$10K
EAKkB54QW9vGW3woXUYSdGy5q3JgWgBC6ZmgKU8fRYLa,9278.025512252485,1136882,$1000-$10K
Ekds7SK35GbYsJ4ioabc41gHxj7o6SbX2xtRg23E69w6,9278.024503312467,1136883,$1000-$10K
2BiEr9hasZgv4vuKQtxKuDDSLCcZqfQwdysaTExKh8cr,9278.00590215099,1136884,$1000-$10K
5ULVJKhbypN4ZZs3sSows1YAcGPcZgwtQpnL8NXAePNW,9277.996420740554,1136885,$1000-$10K
Cj2Y9eGSbtFFUr9VxsEP5LVjvotcW5ezaTrGkZUzh9kz,9277.962546148092,1136886,$1000-$10K
EMXtZMj3UoXzfVLGau9E4sLgwDamsdfG4C5haRHXfxcT,9277.915488228355,1136887,$1000-$10K
AQA9cLGWbsTe5L9L7sgSrTo3krVpUNFfZ4eggr7GSxnM,9277.914004790367,1136888,$1000-$10K
HBDVHnfDqACAv3Ziyps37Ty6vUFbSNcZpWBqLUpUJKCA,9277.85982722396,1136889,$1000-$10K
6k32W4fJbPZssjb1Rm33taaxh2kyVqEc4PpgjqyShxpi,9277.855773969906,1136890,$1000-$10K
Dog7duPHPvDUGCcYrKLKM2SjuwfaL1Ruwzx4uyi5JP2A,9277.82981236128,1136891,$1000-$10K
CeHmboDW9YDJyovjueJDTgECQaYAGmW4aohqSxYdrsoj,9277.8291275496,1136892,$1000-$10K
BmmXk2GXieoddEdHLErPf9uqViLy26x2yBwPjoK36gwx,9277.820881551374,1136893,$1000-$10K
HLPe8Fw93QQP3wd87medPNHsfaj5nGzLFKeENtUUonCr,9277.81808624563,1136894,$1000-$10K
B1pURazcpmkSHQM7BLAfKz5cxoXJtBrat46g7j2GgK1w,9277.814219322276,1136895,$1000-$10K
6e1BGrnMySMyXEVCLwMRJ29M9FLKpi2saA6qedQ5MCfB,9277.800716912481,1136896,$1000-$10K
DVBqoYhDHah97iGhmoFztsoSSRCASj9PmjebaodixUfz,9277.773616373119,1136897,$1000-$10K
HjJZyyif9f16RFSA5W9avFqyuiRtZfHS2jh8oJroJkvq,9277.730375070993,1136898,$1000-$10K
G3x3U8vPUMiHtkh3vq9t3ieBXVH85Z7D8bh4kFNQP1zX,9277.689284137203,1136899,$1000-$10K
H5VhdDvD6LMkJ2eWi97KXrfaJNWBCqeGUa23obGJNhqe,9277.6439326561,1136900,$1000-$10K
BMq91fDkC1Cw6LggUBmKXbbcwuUXBmcypom2dQ3wqiM6,9277.63884853399,1136901,$1000-$10K
6z6gDP7tYLhuyxep5EbpseYzHS2TGhjfbwuknYWusvhQ,9277.61063464579,1136902,$1000-$10K
8pkHqQFv2sRcHo9nzQSz5TqLxqpzf6g6Xeeym7aZLPac,9277.603578584438,1136903,$1000-$10K
FbEhifbYiMX85KEziaNtdSJ2GW61hADtUiFXUwNdgBht,9277.583546016673,1136904,$1000-$10K
CqGfRaHdkEtH4PwhEiufDQXeid4R1mkU7s4ysHYoQvRK,9277.582265984911,1136905,$1000-$10K
5GfjjKzMpG4sA9CUu8NZzfPNG9DuSAXU76MDUyPhnt6E,9277.581339309088,1136906,$1000-$10K
CdkTLabzTymPKQ2rRwfqAQyzubFrRSvcybAmnV53dPXM,9277.574000228875,1136907,$1000-$10K
GVqmEv6FeLtCW1wSZ9b2ViDLjzf3AQK3VhifaXrku5Xm,9277.565084237285,1136908,$1000-$10K
4qzgGfeFKCvnigX8ZZPVXeFuf1R8EDcG6rmht1bRMXpU,9277.55057037259,1136909,$1000-$10K
2j5kfikc8T7RyZBcV8gEG21mN2fV3vSV8S5hEH6Fyzp1,9277.533181547395,1136910,$1000-$10K
8wgE6B6UCc4HvhrN1Uu6FVosSUHz3T1u7BbMdjBCPg9e,9277.52115080323,1136911,$1000-$10K
5oX7783itSWWi6bsv4LTh8Qd3wKYU7ZCg7ojd8yb7vFF,9277.519844155118,1136912,$1000-$10K
YwUAhiHweJbyorUot2wQsq6CC1RNGGyoziem2E79pDk,9277.512662339996,1136913,$1000-$10K
BoQHhpkyGHQ7BJ2MiKVa82BbM8jmsk1QYZCFj21sTjMN,9277.50277019552,1136914,$1000-$10K
FoDnAGzrDTkgWcpieuEjbC5gbEKJD2KEvCeFsxGczk7S,9277.483583077636,1136915,$1000-$10K
4ERFTzF1khPwq5eNSaRu9rgRP9P3XYuEzAxEnZqQExG1,9277.472671551612,1136916,$1000-$10K
5SPfRVnb5XwZ4gCovF8ADTHLCLAuGexDoXQB8fsEgznm,9277.460365563311,1136917,$1000-$10K
EfQDPTyXFUoAz1Wkm3Bgx2F7mYCU5bCTAQYRA3bRp14Y,9277.453078763243,1136918,$1000-$10K
4FqnG3MuuuzEKuvRvLav8Cm1jq4Ec78QZgbg8BqMxhrT,9277.4390330919,1136919,$1000-$10K
GHtMV7FomoUEVrKaBtqUyUEVSfWgEM7uc5wuKd4jCcVy,9277.422466820022,1136920,$1000-$10K
BuUxsP9GunSfhVa533YKAqANzBNkHKQMnLJ3yNMfpZEk,9277.42182616016,1136921,$1000-$10K
8j5cVtuy8FMVr9YZ5PfCVqXTo1LQAZ2wrgp7iBSvAyZ2,9277.420219618238,1136922,$1000-$10K
HQhUBKZvTkTEewbhAVDbiewebagXnXqvot3CLhdRT1rQ,9277.41251577899,1136923,$1000-$10K
HUS1CZ5yBRsJzNXukUHtCXA8yXLcQSsDAP9jn4HuyfTB,9277.40760665094,1136924,$1000-$10K
Af6WVQcdx6UnEyWUdQkXHDzxDuA345zQvhEr5aSdv9iC,9277.344850070116,1136925,$1000-$10K
CkZhuoHtvphyosQwM6mWEx52CenXBqDq2v8dWx3DCvmZ,9277.310479338392,1136926,$1000-$10K
CtzmvTEMXtyeez7CGXFR3HMCoDngCT4PUgDo1CfCuwZy,9277.296973573984,1136927,$1000-$10K
A1oyYkQo6xeWmcC6XCxQdMDUtbwn58gVEHv1R6rspZzz,9277.233591822582,1136928,$1000-$10K
FPHQbJw3A7uA6qzTcyqvscwH9YtciUH511s4sxVLKaqS,9277.229125732165,1136929,$1000-$10K
7dTWYRTgiTuJ9aXnC8QEJkskZEBUnRim2V9S4Xza7J2h,9277.218555691532,1136930,$1000-$10K
6UoLRHJ7Jq4fB5E2JM9kZcio1F1MR8wmoM94Gfh7MjY8,9277.2,1136931,$1000-$10K
AX933mFaKH5XwzBYyDxNuLVmyw1b68bAWJRD7HN1N6pX,9277.171591068443,1136932,$1000-$10K
CwuFRBqz2Qyf8mMCEPkdQ3PEQdRYyEY2yNBMqNMiCDhS,9277.147007381038,1136933,$1000-$10K
4tZzgo652SDPNFabr3rT65NgHg2Bk9KuVtnLPut2ER8Z,9277.104106305707,1136934,$1000-$10K
DyeSP95fxPJbFW6nDXCSKrsgKvHGs5BELocojCU529Ta,9277.101217823398,1136935,$1000-$10K
G1RyLgCGmkZkzKVCcSwFmqjTyGUgPogL9dra1ERUzXC2,9277.088632256302,1136936,$1000-$10K
7NouU3Uyrvg1b8ZpqHwCAzh4tR8KeDo96tcouWdPYjRc,9277.072213030164,1136937,$1000-$10K
4BkHY9eswLvJkSH8KiKgc6JRCBDmfQAR98E3t7KTtDWs,9277.056342761454,1136938,$1000-$10K
7T6CRgzC7Ua9aRc4vrQz3j78w9xEjLX46uboAUjQJpQq,9277.05455351514,1136939,$1000-$10K
F87Lo4sVmgMHyeSUiC7pgqSfpALRHiWMNH8VfpfXxPWv,9277.041293899794,1136940,$1000-$10K
3SMw3ZiE5ZmoNL8bmqzwFiWntaGJ2kgXc2ggJ6GGvHuX,9277.03706710467,1136941,$1000-$10K
JBwz5nbukvhf8ZRsGPwBgb1jjbj9DcQqLX2msbYff2Gx,9276.99898221473,1136942,$1000-$10K
7M3FGhRWMd5frufaCNv1kQUX52bhXRGWicLpXsTryxjf,9276.988271838523,1136943,$1000-$10K
3JdN9ugcgbmo9TPVUhHw6rrjjW81wjayLvNgKeBaRrnf,9276.98665147768,1136944,$1000-$10K
AqySEqWRm1sL9ReavZ5zwExkat5vLB2GLEoA97dKf7op,9276.978001449716,1136945,$1000-$10K
HYgUP5veTKEqpXqA5faGzSM77JJ6cGDa9WVVgks6yVZN,9276.977373187145,1136946,$1000-$10K
766aDBW2K7DCfoRXpTGbpJKvmpExX1vKt7sYbmrJTK9H,9276.9431135906,1136947,$1000-$10K
A6WdeK6Eaf7DGrSRBAihkQgfUcNUwPpYYGuD1V1vX4ou,9276.935186077259,1136948,$1000-$10K
HGZuaQvh6XgdkU2T8L8Fm3qHrhrhD7LMA1fNEUxpGzTA,9276.917946232352,1136949,$1000-$10K
AktqdbcJtCZj5v9MsNW9Lt8du2ziGvB3Y7SsoT6xAjvb,9276.915534363161,1136950,$1000-$10K
9VpiQrV5cqbRKiabxLYu754YQm8Y3n4ntuLWY2UZxWoL,9276.91493554108,1136951,$1000-$10K
6Nzrh8Gs2aEAiJS4BP8FYH3Pfo5K24quVWACjXPt65rF,9276.908038299347,1136952,$1000-$10K
2K7cmW4WxvBAau7oq4Cdg8bTLh6tif3kF5zJ87qo1Zf4,9276.90443319797,1136953,$1000-$10K
HnxLxuuaoW6kGgTHxtXiL6YAm9PFJvH7XtRfouYjosc2,9276.868764722964,1136954,$1000-$10K
6gBsVPCg7D9DTjUoNJUQzroaat7A55AoKQa7qxydknhq,9276.86788950101,1136955,$1000-$10K
5ea8SvvFZ91BiK4XqPsBNeJ4wYjHjJZHfW4qcnzbrjup,9276.840679976978,1136956,$1000-$10K
5LbVvvaSwLMd8J1pFC3QwTKiLjZ6yJHsaUn7g53cHYQi,9276.836770746364,1136957,$1000-$10K
4rJo3ATH8zVUeFogQuBx1kRKPqquAEwAhtLTZzLfLWK5,9276.832641563919,1136958,$1000-$10K
EoE1jgBaSu1LeNuD3UaFnaJxXyo1V5umgPqhxwDWQoEk,9276.828736967953,1136959,$1000-$10K
8QmkPMTRV6PQE8LjSxKTyEoisWiyY6RdFTsrUREEscrw,9276.764155796845,1136960,$1000-$10K
4XjeQbtsk1QQKfBWdJRHZV1THd66o4JerTbrzANSag7a,9276.721773865469,1136961,$1000-$10K
3VTA145iDRrTc4q5iGrAAA5QpGN3LnC3AzuaVnYWYdbc,9276.71724391632,1136962,$1000-$10K
H7icFTMk7ENBzhz1efo7kGw18XiVjM52sE6mLFbYX3ec,9276.67232528273,1136963,$1000-$10K
GWYYSWHEDCAGW6pY1WGVDHw5Fw875azPbULqJfbLe3Jv,9276.669334210004,1136964,$1000-$10K
FtuGgLsLWi84jQVwgKLxsArfUYJjdhA1zbSXvnohGTdS,9276.659451007274,1136965,$1000-$10K
BDv6YqPcmXNMfDnqcZnuBdWpT97yDdMPtPSZNQ4strrF,9276.65582586868,1136966,$1000-$10K
4UQreqz1tTdMxdi5wwFUfyKZ3Amjb4j9CDXufyERBW6d,9276.637731582607,1136967,$1000-$10K
nbb1pN1ed8CQife8aFK5FfaotwVRpzqsqmHGU57NU9j,9276.54080890755,1136968,$1000-$10K
D3SCHko6B4bauDD9TRVvteb2v1YyFRLTbc9wAPzQWdGr,9276.524234495977,1136969,$1000-$10K
2ZGy38dxEUhvgWNLvbLyp2ZH9rVEQvQST3oEyw1sdtZx,9276.45828258067,1136970,$1000-$10K
8UDWCVtEAG67zGyiWoF5r5Rx8YWQdgNbeC6nF5S3Cgct,9276.44649018748,1136971,$1000-$10K
FADwPyVDXo5F4gdQQRKZtdnUBy5Umo33exVGiW8fqAeC,9276.439480135314,1136972,$1000-$10K
4e6hE1auiXhLbBScWH19doeQyQGZpCCDLbbeTKgRCnvz,9276.429275895864,1136973,$1000-$10K
487EvVEvvkeVCBv6pPxnD8DPHJssLxHWNUHweJ2MBeXz,9276.413935617058,1136974,$1000-$10K
CZiNwVdppQTPPcxqKUp3Yj3Ss2R4apf7aZsPuC3v2vxa,9276.410656185213,1136975,$1000-$10K
Hu13UDcWUsuR9CW9AnBrJ5qm2hqwfdcEy79Q2xU1ptSG,9276.408674904827,1136976,$1000-$10K
6H2HsKb8kkbS9gyFywS1Ki4TxBUmWgqZ4r24HUuGDs3f,9276.391095248546,1136977,$1000-$10K
FkQGzEjee6VYYJhQnnBFhXcaqQxiMBBppZqZsJeGMXZo,9276.364480312535,1136978,$1000-$10K
A34UKNtY4TvcbUW2ukkYmfbxdLpD8HUVrRWSqEWij12R,9276.356368466222,1136979,$1000-$10K
DXnLjK3Js8uc453UtAedANW2cQmDv8EszqtLAcKWFume,9276.325206056874,1136980,$1000-$10K
ArVz5CSecLeLJrMrJhLajbSZ9c3t9ev3RE2Y7vGA8ed1,9276.318770541691,1136981,$1000-$10K
DiT5iSKgF9Z41ymogjRDDoQq7YQmcSN9fA6FQJhhH39A,9276.289160183343,1136982,$1000-$10K
654ddF5QvTPvgoHwsVPTZik3ZkW9tdqSw4W9Lb8Aazk7,9276.27725415088,1136983,$1000-$10K
99Nqt1yKBnmDWR8piQzUhfN88sSCPoCARXkEgsptezqi,9276.25507274752,1136984,$1000-$10K
F4GSaA2fs5AE7Nn7AF1rUoBpanEaRM8QC3xE33iPE89s,9276.238419999998,1136985,$1000-$10K
E3xK5AEp7bTKSPxW1pEKRxUNYrrC9yotUwUs9pn5haee,9276.23801200124,1136986,$1000-$10K
49P4z9uchN1pXUXZxiTyHbswRJZaWm3kCzJtF2cVg5ff,9276.236052894092,1136987,$1000-$10K
5s656mzN5K9bvM81xth9949MgvzpsYR8br5trBiD7ofg,9276.230519120694,1136988,$1000-$10K
HAhZB2qxuJUewx2ACwMgvgccbrpw5SCx98RudCjeJjoZ,9276.218564461979,1136989,$1000-$10K
6DEY4Na8rPrGhoBLeD4bosFWo5PPGdQFUiLAhyEmcy9Q,9276.217677695542,1136990,$1000-$10K
52SZ66NV7wBTYe6sGJk5REBhy37WM1vQDUSycxFS4YnG,9276.176003614473,1136991,$1000-$10K
8yY2QpbZ7ptQG8L8VJ6JLcAi2PvJb25tjUUtj5EVE5Ro,9276.163511369534,1136992,$1000-$10K
Bu5dC69dr1ZFPdX9kqxcgeMs8Vj5LnexLw6Q6YoNPMi1,9276.159625120874,1136993,$1000-$10K
BTWnX5xV9w34FLYhqhQHXCXNTWABifhwSGb3ifLGgcn7,9276.156396091294,1136994,$1000-$10K
689PihyLB9fhybfFFg5FqWHiAP2NUBUs1v3jQ2eF5R4c,9276.141468038632,1136995,$1000-$10K
v3gAFWgRb3EgCR3LVJXdAo7ospKcPwGrPf7dKxqb5nT,9276.133570228743,1136996,$1000-$10K
DLsJd9tWPzoWmBvLwEixkZQ5Qx4eaAYfTbvLpZK6zxoR,9276.110652680423,1136997,$1000-$10K
DE9jRtBgVj24tbang36XwPbWcvXGhviu9LgzfRa7UKid,9276.072259401977,1136998,$1000-$10K
865Wumj93amnYXaM4kJQixw8MbovPcoCtSWrxop2gajY,9276.06437336296,1136999,$1000-$10K
6U6UosgSRai3WatKWYFUcUsURNXi7s3GQg33cJ8ZDoeb,9276.06299519667,1137000,$1000-$10K
DZyxQRH3BwKtWHd3yASopGJnCawzNrX23g3WYp1fibYu,9275.983736899401,1137001,$1000-$10K
D1LBjXFs3Rjg9VhyTWHjMvkbHMVfx1fHPmPe6kJbvLeR,9275.936892769847,1137002,$1000-$10K
6RtEQ5jsvW4Q4csZZMbzQ6Re5isvMXsSsVY5GHpHTHry,9275.922396885415,1137003,$1000-$10K
A78nZy7fh7p5M7t1ey31BBpUyWGxpRXVBP8eBwXt25n6,9275.914498141803,1137004,$1000-$10K
8Jrx2QWkxSh2rK3XGFqnV1b6wP4ngrMdPeCA9H6ip9qk,9275.91153160335,1137005,$1000-$10K
6MFqcdGY7W9SrpgVrVMvEHnc3jDXRB4junV5kTuNsNAE,9275.91075572465,1137006,$1000-$10K
Dqc9RE2bgrLspw7e2bxGVNVC5zsRGCnqLvyKnB5ASipX,9275.8888767398,1137007,$1000-$10K
9GmeHss11MV1x4furPYP3rTRvxp2LhgQT5HUb35uvhtH,9275.886637400128,1137008,$1000-$10K
VFHXtaYpNFEZi9Qrs2MEzaMKLZsN4svVBibAbkjqZut,9275.885280084494,1137009,$1000-$10K
949UfkjnqsfLR1Dps2PoAxLFf79avK6xebVTsRrtyC55,9275.854579660367,1137010,$1000-$10K
3ujZEHMBQgYrYfjpnD1VyDiAR7Dgsa2N1SrpJEscjyJo,9275.847177736341,1137011,$1000-$10K
4BrGcfKaWzkum7qWztCSaKjz3SFZhDtAT9x5u5cb5sBH,9275.79309444975,1137012,$1000-$10K
6qNCoCP6jHQjpWSXkWo9RWS7m8tZW9K49bDZfUiE6dTc,9275.762852697251,1137013,$1000-$10K
659Ggy5VonWbpkqnJftBMETg9ujRqcUfLbKkBnoFyu9U,9275.760565095592,1137014,$1000-$10K
E2CS88pep2E9C8GhFc3K9UbwT29eh4cm7GNjqKhD2nDW,9275.755375420817,1137015,$1000-$10K
7P7nScnN3RxiPZjLfJrNwMuvXVHES8nCvH6gy3sjyv1g,9275.726103740302,1137016,$1000-$10K
NgXMxCz7PEF5sNgNKfV8yURLFbQvCNAVMzCjrhvqivA,9275.707381513468,1137017,$1000-$10K
Bfw4EPPEtEVk8SRFzY1zkLuqCPm1oQS647CQp2M2Nr6C,9275.685368226019,1137018,$1000-$10K
GpxzPVX98pB6LNrgJdcTMgGjPsZyszELYJCjGZqrFLNv,9275.677144719106,1137019,$1000-$10K
25GPU2D2Ytyf2UZ74awLBPt1o4xRC4kpd5nyVVCzJ1wN,9275.676169194794,1137020,$1000-$10K
CnGDtJzJpawjXSTiSBrQTLmAGhGUjg1wyndr6AaH69zp,9275.672741816896,1137021,$1000-$10K
CXJuQT3SBuWXnDmbBJhFDUoq5kS85XHvhK1mCWVFmx45,9275.66072862133,1137022,$1000-$10K
GkRQiLmzLt7bKASZUXfeE25NsLJEf6261hLzEUDvNWsz,9275.658771349701,1137023,$1000-$10K
2Ubxhy3TEGzZ4mNyFLThmuYEzRYQo2SeKNCF3Fo5UpJe,9275.613699309388,1137024,$1000-$10K
2dL2Jn9vQPxm3rLKRHPz87fWTvYaNDRXLNtt7oyHEkpV,9275.599921200801,1137025,$1000-$10K
AvAschnxc3pWttmv41SS6PP993MkXx4fjRuxGVbvyJku,9275.597503162122,1137026,$1000-$10K
7FGsKiE3NK1fXFXBvFFEpK6pAq9vuxTTKSYKWStMdVyQ,9275.593422030177,1137027,$1000-$10K
5LbrD9He5paWcxr8CbJ5hDgSCPrKMHJbKi7dZcpGYQRE,9275.591202003707,1137028,$1000-$10K
AyYaN3qECb8SL3Y9eYNVKkFdwiWd91NyWrGskf5Djaeq,9275.584483207855,1137029,$1000-$10K
4Sptstnpm4ugrC7v5vD3ym7qCDzp89zpRRegh9eSp5f8,9275.58379112954,1137030,$1000-$10K
ES4qibypT74s4ufAia6RyvjCWe1yG9WqAtwiTiKqgCPg,9275.58297857636,1137031,$1000-$10K
9skoDNBjmeTKYPY7Y64zYX4wni8B4DXqNgthX5rv2VPc,9275.57194647083,1137032,$1000-$10K
Gd3HyeR2RtJV6pxV4gBCmyhZJvxH9jZh1Y21QcTP63XU,9275.561082693912,1137033,$1000-$10K
AKQjQejcHA5fEgLye6ScwMW2DiC1ESnTxDwnsTHz27X7,9275.5347938939,1137034,$1000-$10K
84pwcYuM5Skk8ghMeiSagcVw6qedG2TnsTj4whA6CVPy,9275.520026735789,1137035,$1000-$10K
5x62A33QmWnKvTq4FxqgtfCjecKvVLkMxetyRs5Qxt1W,9275.507332355544,1137036,$1000-$10K
8rcWndkxv14XEdyXLBJ2hbTKj7D7cCbvM1BZsbzrf7my,9275.505712724778,1137037,$1000-$10K
84ZKVF5Sp89KhiC8KaYx9eyTnaidoFfEUDgHm9PLWJrq,9275.50024968486,1137038,$1000-$10K
BMr8uVto6EcSCj4e4pQKWoLLNgvycHiKsNZmrpXKVFZG,9275.47652213788,1137039,$1000-$10K
8gAGq5D4AAarkqg7qkkC9U6QF4gsvdxJwq6Z4h3GYufT,9275.475877063538,1137040,$1000-$10K
3bdTWVSzMNQYsDP7syPD1i2xmnBsuqfFgDE9FymmC466,9275.463534603208,1137041,$1000-$10K
CZkHgCrPr3wcfnY4uH7NtUBB2Yrh9g19ZfPYhjgdwfDT,9275.457657113973,1137042,$1000-$10K
AZaGHWguWneDXKvayQWPJfTjSDA1SYEmjB25YbKYi74x,9275.424472027835,1137043,$1000-$10K
Fr6shY3SYb93oZqSaEgr5eqcKmJKyriKZ8rGYurGRA8A,9275.420746088943,1137044,$1000-$10K
5J2nZdRaLYGLb33e7DoChaiNf9T9HrrN52rSdqjRbhHH,9275.396253712683,1137045,$1000-$10K
CyUN36c2NvQ9QEeFxWAiatdcanqWVkybp1o1W9ybd2Y8,9275.395786715198,1137046,$1000-$10K
5qUUGFNZvFkoCLEfY4KYR3mF46GQa76haNn9XM8yXNhC,9275.392884496136,1137047,$1000-$10K
CHZkY83UV2sYvvPwawoSGb4AoCo62uAdXsDpQz25KFEr,9275.385525232668,1137048,$1000-$10K
6CXdmZjZxzRTa4VQf3tAjt4ptzG4b3xpsv888nWQofzT,9275.3578443687,1137049,$1000-$10K
2suiL7puKcQ9JCoRcgpsTJizoDNPkX5So5eJiaH62qQN,9275.323937103045,1137050,$1000-$10K
2QhV21zsnopM6w9cgkHGMeBVNbHZENYsuhA4t3dcpvWt,9275.32106717902,1137051,$1000-$10K
68thNgSLuCAwzF8N5XHYHCmbePewSJ8gi1yVUfCcEXZQ,9275.295608661672,1137052,$1000-$10K
GesxJ1GpQFk6bP3bSbHBzYVCnGuobqrYdtmkp8AMAYU1,9275.271324554784,1137053,$1000-$10K
EqPHcWhZsfU3HL9H9eyhYNmEUxoBeCwDuKm1V8e8dck3,9275.270996346579,1137054,$1000-$10K
GhP2wEwudMMLtfmEijPHq92YLtkVSNetubnXpyB65fVg,9275.269922878428,1137055,$1000-$10K
CZ7R3J4CDjTMQyCDtxaNHKgM3x4WU6dsYqstSbrSrLcG,9275.231580859312,1137056,$1000-$10K
8oqUvEywqxVCgoi834kRYESSUzhsqCxBpHyRnK26Bx5B,9275.212873408398,1137057,$1000-$10K
4XVfw6rskupSJHBXXSBH3HHdtGodk5aTx79FoNF5yQ9a,9275.208774851793,1137058,$1000-$10K
HNL3V8itMrEsXqm8vzrnk5gqSSo8hcUCjwh3o7JqdZde,9275.202831680992,1137059,$1000-$10K
HS2y3R77DvqjM8LMG5adLooWwxeXUkRsixjn5h5DLBiX,9275.20169725445,1137060,$1000-$10K
G86mW8XD7n9AccrvRN2chJBas59JspDtMgSsuCFeiFV9,9275.189296321429,1137061,$1000-$10K
FZScHtNQTjn7ggSeij5tegQrYXdvzsrEAV49zzrRKdEZ,9275.16119748301,1137062,$1000-$10K
7vXxkiMtogi14879Q4w5TTBLbUhaRBnrtKLEaoPMSVn1,9275.15676508499,1137063,$1000-$10K
9CRgTNsmrAxy5pX8NuagPzG1tYWfXvXrSqph88vyPR7L,9275.14623528356,1137064,$1000-$10K
9DuNL7o5TdqPrmeyQbgJZdW91mS67vSSJC4SyTKN4L8v,9275.113139517844,1137065,$1000-$10K
61zQ4BUr3Up3JYRJPEJznrBY7MWahxTqcBJzzh92CePZ,9275.073021414806,1137066,$1000-$10K
9kF4wvWh3R3U3uv1eYMrUxfAadASBoiWpRyKCirLZWYR,9275.06318093629,1137067,$1000-$10K
Bus2eLvEZhTYdRwV9cSzhVFejZ9N9CahBKbiDQTMy13N,9275.05677627713,1137068,$1000-$10K
CHQEEXwsNnHwkrmqqdMFhghPq8RLnAGztUrZ9WTFm4eu,9275.04702191641,1137069,$1000-$10K
6VA2D18Xdn7z1H6Sz9VumNVPBWaF1Bm3TR5W61fwUfXq,9275.028550165394,1137070,$1000-$10K
9KUXkZSHKNiP8ewS4US5K5oNCbRBfnmSHa9CVE34whxm,9275.02368352549,1137071,$1000-$10K
FDuct8mezkf3pY6kEBGi6pfoR7GcohsZqnpHqYE4ARPW,9274.99940226502,1137072,$1000-$10K
94MgAx8VY4gneahWy1NvuTozwUGvACTYZQyoKRy2uEwF,9274.992210578976,1137073,$1000-$10K
5a3wSzivDroAzEPg3mQNJJdnJYRF3d2jSJmYHBDUnhc5,9274.978493484738,1137074,$1000-$10K
7NbpZnntT8MK3shMCp7etFbbEfF64DNC4cPptaVxtZnk,9274.959475634216,1137075,$1000-$10K
JADsdktwih5HLR51snxb6GLNXeBd1NMTRFuft8Ehiqn4,9274.95565336171,1137076,$1000-$10K
gMmZkhJHsbAHGMVoHMYbC6jnb1kSQX9nwyz5FFyQkFT,9274.937248874518,1137077,$1000-$10K
52XoJNrLDqLDuWsC7ArYPqLNMPomSFkw7cuiYsycw5WL,9274.92950392758,1137078,$1000-$10K
DzyXy8M3nzPz5Xt2zppGWbc3SX7Bfs7S5AAnS7urgBZB,9274.924844443043,1137079,$1000-$10K
2qeH6NMQegggWJvhymTbqdjJSZaGp2fLZos2joedV3oe,9274.88028029741,1137080,$1000-$10K
7X5dDdVaj66creV5AhqheJraUHaqb7fGRAPx7rDTHL6z,9274.876773000009,1137081,$1000-$10K
Aeqr6nR1U619HMBis4MyPX7FttdBSCEekPccPVQxUqzo,9274.864129959064,1137082,$1000-$10K
EbmWhkZghvGxzNMpNhqwpYTWXQnWV6XMc9HanWFUnKeB,9274.85077207784,1137083,$1000-$10K
Fpw4UBYRXEbVQ2MCejbZDFELUXAkY4RagK6o3dQrBopu,9274.841828455801,1137084,$1000-$10K
HwpdGbptZrmpYP2fUdSb2BvEgBGMVbCCA9dANFTCrA6B,9274.806913031807,1137085,$1000-$10K
2xtpw1fwxWp5aMXt5mVb9t3V1BKCHvnjhimHHGwJUenE,9274.73121556824,1137086,$1000-$10K
9Y5s5gkAJ5aYYXxGStJj8jWdVnoA7vXnumytCp67raws,9274.716900421552,1137087,$1000-$10K
DNiACTCLBQYWLf8vay4EvomHCBvihi4cLQWE1c7nLSXH,9274.70406663015,1137088,$1000-$10K
G7y3cqF7UayGUufGzho9o1NXCqXtVmGzjXUsANuJRzmk,9274.686996930071,1137089,$1000-$10K
9h23zvDoP4mFWH4CPbvxVncjUucDVEfrzArY8Yy6vNbr,9274.686158335508,1137090,$1000-$10K
9K3aGqYvvRKGCygXDuHG36G53PVaezYPS3fB2pvvaFzL,9274.681418279632,1137091,$1000-$10K
A5o6fCQpgtD2Z7Vat1Ah9MCMN6Eu27SrtazjuyZHxPvt,9274.66063558754,1137092,$1000-$10K
4BHN3NUUFaV9AnAnC2x2i53vk21a2nQT5DxtKPQwfWNE,9274.649965058717,1137093,$1000-$10K
DAeatmMHFdhBrQxVk4S6DD9eioUFmauupFfJnkV9rru,9274.641590778057,1137094,$1000-$10K
6XDH3juJhJueDecfV6thp6y48XNZTn6zL6Fvr4zyMYXv,9274.625086770544,1137095,$1000-$10K
5oMB2pTNTdQMQzxtFWMbJsbiY5X6exQi2xkWdNk3M7Ut,9274.620967035919,1137096,$1000-$10K
2s1VFjrjRjvkuknVw1bwxMY2T8skVeDKLjKnGQPqmqnJ,9274.591221171951,1137097,$1000-$10K
4cgocvUyw86dtztS1hFRC5HtqC1xjQBSa8FpnzKRtask,9274.58790571228,1137098,$1000-$10K
HRpyXqeYJoSUBDCaQqjx6oMsFhdsJT3HArRpr197biGG,9274.573580633009,1137099,$1000-$10K
22iXMmxhgtxT3NEg1TYTKjuxZYwPWfvdDVjRqLL5AA2T,9274.551967278116,1137100,$1000-$10K
BhUBVLTuH5HQQisFH2ZxBouJWkDhR2Xxi1nrTsT6tcxn,9274.484958963381,1137101,$1000-$10K
8KprfmTAF2qpQniSMSRVhaCfqp1Y9hqmGraszmdTnsYa,9274.484732691326,1137102,$1000-$10K
DhbJ5TviAGMXuFNqs8fTf9FJPWg8hrHt8c4VEAFZJrQ5,9274.4652541813,1137103,$1000-$10K
9JGXUvmcuNyF5HmeEwXVp95a76NNUZABD5PQzQzFaCE9,9274.447747338758,1137104,$1000-$10K
7yNPiJKzbUQAbPjAupYQFnwTNEXwVK2Ki6cPvrv5cN83,9274.432609185978,1137105,$1000-$10K
BrKU2RmCgHfbvPLhkYTFL8XRUGxTTDS1GdQ6RZdKTYFV,9274.355407570645,1137106,$1000-$10K
7htx2WpJY7Yjr84sSRV9qjHCHXTH3syEpZU5Hex8Ap4j,9274.35,1137107,$1000-$10K
HLGwUdQVCUM5vZtnEg9yb4i9xpWYE42fczMmXqVJCot4,9274.346994378457,1137108,$1000-$10K
MMd1RvaGzqYYRerJMfwRm6tQxhBbEv6KjKvPRqbXj2v,9274.336114173057,1137109,$1000-$10K
DH9sevVng34V4vEPcq3mUZKZasm6rcJysfSEdjRhtoNG,9274.301499707808,1137110,$1000-$10K
5eSD7SxnbmX6fuQbWyRrLzz36y34n49SjoAGD63jhAvE,9274.290342539616,1137111,$1000-$10K
CrvXCVP7HBM5C44hdsfiNHeExohrAUeaXkDwnSkFzcNN,9274.26635541985,1137112,$1000-$10K
g1LJb497YLsEnHqTZFneRic8phzjpT5DFh3Kcxdrq5E,9274.239894778068,1137113,$1000-$10K
AFKZh9kfrVSWDVAe6QNeF5wmHS5LT5KSufBZUGv5WA2D,9274.215364394602,1137114,$1000-$10K
7ZKzz4kWhuJbbqN9icTxyNDJi571Aeim34W594AML24r,9274.191488058841,1137115,$1000-$10K
8wghQhwxJYW13JN2rTG2EDrpAx5jKEm1U94z453Jxyq1,9274.1766717496,1137116,$1000-$10K
C5KcFx71yfUFkvnb6SQqwRRvUc8RsYFPEETHR25ojFxJ,9274.160239281846,1137117,$1000-$10K
E5KWUZUqs33jSwfMsERYsSb7VWTasZj6H26e3A4nBtQg,9274.150966815705,1137118,$1000-$10K
52dwXyQen3BJzDZuWuCbx4J2sjXtJWSZmnDLb9BpXpyG,9274.126722591827,1137119,$1000-$10K
2d2E1rHTwcGGDf1UuNRyBn3XymvVX7GYBHea2QRP6iLX,9274.111462796709,1137120,$1000-$10K
JDdEYHAhe45o4tMQvCfTVyh4bQpW8eNVvGAXAJ33vjdF,9274.09252802865,1137121,$1000-$10K
8Kfx6izT46TjiLRAZfKnaPQLskRAJCb9z5twEbu97VAi,9274.072366311397,1137122,$1000-$10K
2EfU6KsZzqq8851fxeHBYTyKKKfRrNBZgDN8vxKY3fW4,9274.028744905461,1137123,$1000-$10K
bMsKKxJ66cHVAXxUvLPTDtLyT3H279U6UrLKvTA9sFC,9274.024865119232,1137124,$1000-$10K
6pzSkvFde7tCcudnaEKASCzecD5yoFQU55MjiZ4FWMgJ,9274.00676442808,1137125,$1000-$10K
2CEVtusbsbC93vsSV4CkS2q5qHoy2zRum9TnKnVbh8Yd,9273.96948744323,1137126,$1000-$10K
H3UMmmHtG5ZWCqriHmpoCRWHEthok6QT4PPMyPtanEfi,9273.95251985052,1137127,$1000-$10K
HSiaS4Yw5NaCDw4oDk9HNFpUEPF9V3mCnowD3kw9uwxx,9273.950054386924,1137128,$1000-$10K
BGVFcBKUkNUpSQQhJv7c7AQfHx7sZiXCJ5rMk5YSohW3,9273.937127436036,1137129,$1000-$10K
B3yEuhocj4tGuKVGaj9uzqpRgSqXXkqhNGXkDA8hnYDw,9273.92774150466,1137130,$1000-$10K
4ryFRDcbR1Md4ZnKk8CEjuaBfG5DfT3upWDqTKRdUS4Z,9273.899346055097,1137131,$1000-$10K
Cof4oUSn32Jm2z51FT11gAq3qYeKS9cV5XMftWJE3cx1,9273.88252779023,1137132,$1000-$10K
8QDq7qfzZMYARX9Aa18ZXBy2by87WXcP3pQDtoNu8yAJ,9273.88217641889,1137133,$1000-$10K
6skxbNN4h8yFW24BbYusMaAxLbomc6myYafw1PQLx46F,9273.848005342446,1137134,$1000-$10K
9cJWJN9iz3pdF5YDmt66hVRrssSXdnhuRSKa1MpZMKBq,9273.84055070966,1137135,$1000-$10K
CfraCiyy35LvFWrQ7yvv1bfBcmZG7SRNBozmPgbXhfbY,9273.829918478554,1137136,$1000-$10K
AMYrWjpT73LAazARWRhewp3Nk2HbMy4xExwm9JgecmQ9,9273.810333933048,1137137,$1000-$10K
4z2SGY9JrQYKykGeMnFzZGT1C8RmfxmVscDoVj8phQ6P,9273.80692350131,1137138,$1000-$10K
HkiUb7fh6jgo3zjapQKNBHkgiBADcmAu3hcauZqSRuto,9273.798951944695,1137139,$1000-$10K
4mDEmvsv8gzWJ6e3PFQDrNPHd5jfNaL6Q2ac7gW2bBjf,9273.781883676733,1137140,$1000-$10K
AD328ZUxse6tCc5WjSZN2dM72JzgqB8kbF9TFWvB1XP,9273.77816372995,1137141,$1000-$10K
BbqtL8vag1YWN7FimCc6DgaMTdAT3qEBBNHJi33nCTfu,9273.77333408616,1137142,$1000-$10K
Fzu1gfhCELvYA5PjSGmkZSoxRLJSnhAEekzEvPwgSFD9,9273.766086490046,1137143,$1000-$10K
8CkzPu8fDav9w5c8i1Gb3k3VoXxGR4QJU1zooEsQxxAR,9273.764531116623,1137144,$1000-$10K
FQ3YFrLxRUNyumS2UveyzrERP4YXBNDUNcjQTxa6Crun,9273.739932269287,1137145,$1000-$10K
9Yuptq8qvhDVQH9jpUFWqNPdPABAMaGzPuFr8FNL3q1R,9273.737607712954,1137146,$1000-$10K
B8aT2qc9QUeaowUCWPgb5cffos88MbEjMyK3G8HajSyX,9273.722122816138,1137147,$1000-$10K
5gFuJ9WQitLeFhvv1w4q15fz5czWERnyY25x5AU5fqTg,9273.717082528394,1137148,$1000-$10K
GpfiFyZULvxiZmkLCHLbfKc7XPuL4W7wbyXMFNbLWH9,9273.700464797179,1137149,$1000-$10K
EmaqtRzgLZwYfH2oQeEZZh3QDMRa1h6SVeke12Eu19LH,9273.688695653274,1137150,$1000-$10K
FMYGXh2UEMxmRc2s6FsxCvxVQnRy3F2vXZwjA3DThcTf,9273.682867189727,1137151,$1000-$10K
8bPUCRm7Fb3vngoTpt2Texzda4TGdm6ZyzrNX2D6DNUJ,9273.676025216013,1137152,$1000-$10K
7G7BH3i6DuDvtTNX1qbmgp2AGgHexUy1QucLXZrRGBj6,9273.67136324264,1137153,$1000-$10K
DuRL15vGCCoUw7YwQxY3kQqC4YNcfSG9GrWgGeCM6c6M,9273.670416181154,1137154,$1000-$10K
9e7gFiAwwuJGgo1pDbuYr5vRmRf27RhLHiyG7x61wKWD,9273.666082521484,1137155,$1000-$10K
322uijshxLqXgfsSEnc6m4LeduAYjG7Gtzgubrtew7HY,9273.665370217246,1137156,$1000-$10K
BLU9qUxjcHN4kdV677PkLXxSc4TPRqNUYsHdNRdo1rs,9273.661600163296,1137157,$1000-$10K
64wwqgEXtYu4noQevt8aiNJQQo3rXHjRus99bLsAEnx9,9273.63495905191,1137158,$1000-$10K
8Yt58DQqYwhktCFKqNkdh1RQtvyKsUtQogPWtrdtbtAM,9273.630260617469,1137159,$1000-$10K
HbfYjoA92JnbuWQ8wD81PT7xtH9rg4PGjKL5fVf6f4v2,9273.621115139991,1137160,$1000-$10K
ECGDxQoMh7CKEKRjmZ77Z8YYjKaz3PoFLz5r64yThzra,9273.56904495076,1137161,$1000-$10K
DkqPPLsHysZkndnt27CMimUgMEU5q9C24kmQRfPyyPw4,9273.566489173525,1137162,$1000-$10K
EheKJfzqa6SrZZo8bDpvYHarBxkHGGCAMAdxNZFoCSrs,9273.558723437229,1137163,$1000-$10K
3bH4q3mKsCmph5hNc1hdifhwewzkwKyYQPhno4p7WCU5,9273.527255367382,1137164,$1000-$10K
9Gr3bD9wQL475PncU85obvBdFj2j6bMtqqQ7ncivrGgz,9273.52559638672,1137165,$1000-$10K
CfCyddnSrfsdkziGcF6zj8EJ35vtbwgQWwye9JupF8Xo,9273.492724117834,1137166,$1000-$10K
5CMxSboXv31bixL6tifvYoXRobTQf4ydtSf6dPPT8fTA,9273.477655714234,1137167,$1000-$10K
2NRHLvmmw92XNj2KkkttA7yPoELczMeXutekfEnNvsvT,9273.458736694902,1137168,$1000-$10K
HRkGWe1wGSsNL8BLPnPfeuZ5UpViWRRWvmWn2E6kiaV3,9273.443741430016,1137169,$1000-$10K
7He2oSFsdZZ7MHEYG87q9zENnCUh7dudEpk5U3MymrUi,9273.442415823396,1137170,$1000-$10K
9ezNX8J5g6q6yFUKDrLd4u5dnMSkjYjShvkc3rrjZSkB,9273.42832070796,1137171,$1000-$10K
9nhiS96WDjrYZNBZfA11GzCGxpdGsh5xQrC9po7z6dM2,9273.424862816666,1137172,$1000-$10K
7rB3uk2hpMogmCGF4t6cGvE2YdKCtEoJWvcGNZD4pXbC,9273.40094335384,1137173,$1000-$10K
AhYRYyESE6aRUbMk7HJ8DJbPaDoU71Wcvw4zuhSRwYYL,9273.396532263761,1137174,$1000-$10K
9KVvz22DGDd5j2yHJ3vtzjUWWqShXFq4biDpEUd814n7,9273.376395053161,1137175,$1000-$10K
FiG6ooVsKLxypXYwmZV2scJ9vsxkjxnbT96J1NG5Dn52,9273.36452753042,1137176,$1000-$10K
BP71Yq5Vcqc5V77yrnKD7ufiiv9KcUAX4AfFHVQWwUhA,9273.346724491299,1137177,$1000-$10K
4H6apXJrm6b6EkXVBbXCfhSb3K88JJvB61shLjXfWk5f,9273.342133517284,1137178,$1000-$10K
DWQpQ5NUG6nBBhmNmtmTrKetbnEEATvkcukwz8QEi2nC,9273.324935410741,1137179,$1000-$10K
5EkkYc6RJRbDx9sBrxEWMGyWPR25tSHekpSRQwYHJAZZ,9273.324572548438,1137180,$1000-$10K
8qmYwwJqarT3mpp9evasXW6WRa8PzwiMtTCtaaJy7YQt,9273.323104049652,1137181,$1000-$10K
B8R3Tm2eSVzuLvPFZs8i8bfy8vEopXz7vfULsgD72sjG,9273.306759736137,1137182,$1000-$10K
Ha5mpWgakkcNr3GyxmUwdnohgPc2uEs5rd3kMUMtwtez,9273.291489485908,1137183,$1000-$10K
GYvhbBtcCA5B6Je9WYD3b7PXBcdTaw8FqPKPNWvFkQF8,9273.28623277015,1137184,$1000-$10K
6HCE8ufopYWKbY4n2oZRV12moDWxViZnUrA8wMhdf39V,9273.280447092066,1137185,$1000-$10K
7iBP4xN4TDfx5tdZspT2edESJr4K8dAJ9QfBKjUzpL23,9273.27973042025,1137186,$1000-$10K
CWTYxdosik7UCAN9VakKP8qfthP278kb6cwKGL29UD7z,9273.25358951055,1137187,$1000-$10K
AVv4nFpWUBHCt3S6YzbErjzbjgBDdhxD4npDyKCX7Hbj,9273.24835966875,1137188,$1000-$10K
CQgAb7a4d6z3jBNcMNjHDY4G5BbMqc2gHfCYkMoNp8Af,9273.244226761504,1137189,$1000-$10K
E7cFFfXgYZdbvknTwVvs3XZvuTV6oP2L4FSi76TnMXuF,9273.243284042841,1137190,$1000-$10K
3GT59vG4rLudisjqxjXAeRd1PXwuUF8CYLjBnsgciepU,9273.238469234637,1137191,$1000-$10K
6KMnezYqctSrx1BPq9yfqt9fSy6y1Ye6NGro8VPj3ut3,9273.233616341595,1137192,$1000-$10K
97QJi32u1XBMss7Bk2fkBWp54268FBDpVJNz8uG1ctkP,9273.229470532127,1137193,$1000-$10K
A4MYpMRLgmLqun91hZ7aMY3khsCRyTbFSSWL3qn8VYgG,9273.229393445765,1137194,$1000-$10K
CJpXX336FHugzgqCGtJzJxfLvcQVZzn26WzSf4H9FqQc,9273.207105762644,1137195,$1000-$10K
EnDDTd792jSEJL18vSdrNmAv97XCB6ZqhiPUHs8um1rk,9273.204388639251,1137196,$1000-$10K
qTUufdYdq6B9SXqPyRYM9JqsPguY59VWVMU5eJdp63n,9273.19942178095,1137197,$1000-$10K
BMcavsS4rrJh9akXmxLyuiuMTFBjehaPwAiLN4Wc5738,9273.190871773484,1137198,$1000-$10K
5RBecXA9SssPN4CMWa1PqoCCLEPsq9zUfsos2ZKzzdHk,9273.18133931656,1137199,$1000-$10K
FqRY24gncg1zFdP6iiMPYqTns8taP2uYNvY5fKnfcWWG,9273.14901011514,1137200,$1000-$10K
FdfuxwRWALkjzGs2bBMU2sXYijZpY2CHMTggebq8HdU2,9273.14662422809,1137201,$1000-$10K
JCxVcjvK5A6m5NmpqA1AtiHEWkfRFmjfg9QBujPCLAYf,9273.117189713299,1137202,$1000-$10K
PHTkMhY9xQ6m8a8J65yYAStZrMWXb6Vy5aTVdNJn2Up,9273.092694834526,1137203,$1000-$10K
8ZshV79LDSx1vdW7USxoyESm4K2inch2aYEqsSpv5zYy,9273.091044600034,1137204,$1000-$10K
6bNSXz2Z6AKoYnu3wCQH7NmRRHoEcnL2ZgCKHnyyzn6z,9273.084466972126,1137205,$1000-$10K
HFs39Jz8mVqFm3qHcB1UXyFBz9NejApqahVP7G7UH1Z7,9273.081743396846,1137206,$1000-$10K
DpMpcUPhDkGSnUwbH9GDCpxfha1bgJ8ebpMWfiS4Kay1,9273.06250243843,1137207,$1000-$10K
Fhty774LwyvJB34jAUiVGd62iW9FCwFkFwGxnv4W8xrM,9273.001242399941,1137208,$1000-$10K
DbfFJ3BHuurMQk8uH5iTtGWNmHDQnLbtYkYTtZhjyAnE,9272.989290436037,1137209,$1000-$10K
1wXGKh5AjMQZ88pxGvMiLqTSiY7y3WUnxATVPFTqJF7,9272.951875387378,1137210,$1000-$10K
HWRpRMMrEoMDkvaEqAqi5uBTt2rLuHGiZJojBuRLhBC3,9272.951277845503,1137211,$1000-$10K
5dKBN7UEmFkgp1fn3PkrmGZHyrazMrDGdSZRFknf6Qu,9272.9201972456,1137212,$1000-$10K
EGwpHudCMRpGcDgdwFR8nMD3PzXnupKQYbH8PLR8vPV8,9272.88511872385,1137213,$1000-$10K
Bij3BXex3vpNSCVYyxkRDZCiwcyDSBDVVinm5Tf9X6zN,9272.882343632695,1137214,$1000-$10K
2KfDt2BUCsVwLYDn5m4bhjJKDsKFTPak2TyRJ5k4z9BP,9272.836716237178,1137215,$1000-$10K
4SwKpeYkoFTR3S7KELHj41prqqv4w2611pT7XijTRqDP,9272.825697141841,1137216,$1000-$10K
GTtBgvrZq9ARD3xZMQKGBD5NmBhkWA72Hmo3ULV4Qj6L,9272.820881555721,1137217,$1000-$10K
7z7G4L8AYfLgnbv6Jtq6ESus26pLXAtsxAtaWB7sSjNG,9272.800303889295,1137218,$1000-$10K
DG3TbpYcqhWeB85h2xhDEe9dqdKBegkhLa3Ce3QnhqK8,9272.782835852538,1137219,$1000-$10K
6mGFNy6jNerXUSZfzRfLSG6CPkuYR3x5qCajkCbW86HZ,9272.763692723829,1137220,$1000-$10K
9xNraEjDceGGAzAB1ATy8C8dRRriToaXeuGQQHk99WxJ,9272.7476218347,1137221,$1000-$10K
BDnGFiQ8CAxCqrN8JcE6LBcTnLPcDVew6YB8PVP95wcP,9272.706316586238,1137222,$1000-$10K
DNTuvvFJPtSEvN5WjVZHZxJ96iXZFEnbAXtPJJz9D5Av,9272.705151496355,1137223,$1000-$10K
8GMskqUFM154pxstyVCvpVg1nQHqvNjmepzFjf552vhu,9272.702553449179,1137224,$1000-$10K
ziCZiEBUHsE9EiTvuMv4kvxyK7hXrQycAHqWENpoUgu,9272.683296920326,1137225,$1000-$10K
E2H8V1Epg7yTPd7vnuqsobS79fWt2aM44rixYGN7fgGr,9272.672339791312,1137226,$1000-$10K
9EKnBJH6yi4Bqk2fzHAyZ63GxZExAu9fbJx7Az17stDH,9272.647851725116,1137227,$1000-$10K
96UdsG8AGt2xCZMu8pJXPXSLJQjTBo2KWzsCZ4kVt79A,9272.631022108999,1137228,$1000-$10K
BQzb2ySpJSN9hAqqAeBScy9aXoQ2mfbKcdsNeMEVkq1a,9272.609001244376,1137229,$1000-$10K
Ac3Pryv1is6XVSApaL8fUAg5mPhAT4ZbSbsC4ah3pjnv,9272.567501108804,1137230,$1000-$10K
Ar1fhyGqvFt9FtMhCXiSPuD3rx9s4Hn8gXomCNKut15U,9272.564941099638,1137231,$1000-$10K
CdEMxZr5QLdcCHYApeDmd3hCxhcnPzKKx5DiX9XZtFfy,9272.55632547002,1137232,$1000-$10K
DmzYPS1qJwqyiVdRfTtMy6Gm8npVdWHVWz2H2H5Ym1eY,9272.54732139727,1137233,$1000-$10K
27bsBN7MSw5fQ1sistT3t5bJc7troLB3YNXKzRjZu5Cx,9272.534752585992,1137234,$1000-$10K
EveQCMEv5JL9Sje9qhHZF4K14wfrefmpfpK7jEcwtcRS,9272.524347053222,1137235,$1000-$10K
95eq6L9s68VeSyfvfknngGj85ntW8HMbZnJHtHC4hsEu,9272.52002783284,1137236,$1000-$10K
53BoyxtP6GWGKSSFrkVvYBobbTh8GEZbxekxikTDRc6d,9272.516257556308,1137237,$1000-$10K
8skH61GT7yZEsGTJzbMQoJgJHw9pUMXi2RtnEequj8dQ,9272.510949511801,1137238,$1000-$10K
8CwsxpYBVV9DMM9ohixuKjcc77ceRuiGbV6oX1dYttFX,9272.508039257333,1137239,$1000-$10K
7HTHyzcPermpm5rzRhtLFeWCXZ154TtXZD2dqfm4pyjU,9272.50367531733,1137240,$1000-$10K
GLUT8KJJgWqz9aoN7pTtJiWmAUMXe4jf9RDY5WDHXCov,9272.48426059896,1137241,$1000-$10K
EfLdJeME1DmKtL3qSWvtvhDwkfXitGiZ4yivJTHizesN,9272.46134026192,1137242,$1000-$10K
4DXnSKeYaqzFU29gBcMAq96ceU6GccMGpYKhUf5CH8Ht,9272.459186645629,1137243,$1000-$10K
GqmaMC7mzUJskSC7nGupZRHaydBeYtCT4vfLoFLQb6d6,9272.396251231497,1137244,$1000-$10K
59cumhP6Rd42AagiN86L7pveAh9G5pF7dTQU6TmnS3xe,9272.37433001454,1137245,$1000-$10K
3dAEyeu4kGPN8iHDsTvdn7SBzySBd5HVEEhPhRbx6M9N,9272.343050570305,1137246,$1000-$10K
4GTP7ymmooDM3JkpduNeW9dCripu7TPLdk4bhxKs8EaW,9272.308683915693,1137247,$1000-$10K
3YGLGSXkxYrqTN4usnRrFauid5hEAD39vytcu5s4f1VT,9272.252206167377,1137248,$1000-$10K
12dFULMx35YVCmxumgaZu1RvEJTFvdMtJtAP2ghLyVaz,9272.247813136832,1137249,$1000-$10K
FhCsFJig5cz6gfyHUredc1YYJxhkGm3xYeHAkWetf9je,9272.246775243471,1137250,$1000-$10K
EzydnSDiWLHjTCgyzMRtrgkgg4pp8x7MxJT6CRmicvUB,9272.240694001594,1137251,$1000-$10K
61687KuDuug3pTVSzWcR8n6ii89Qdb5eM6rMbEtTxcG5,9272.196850167458,1137252,$1000-$10K
FiH2kYG4vYw2ST4fDrKyiN4u4c3D8aSuZWN7zMB2kV8e,9272.195257671128,1137253,$1000-$10K
659cutu9XL539FXTdh8przvSwipvr9h3iaQKokFJYUyj,9272.17884922883,1137254,$1000-$10K
FBw4DDDk63rKuAN6Gfi4QG8B4AMrQKUbz3SdkuY5XozJ,9272.177423564119,1137255,$1000-$10K
GmNWH16iBKUtSbDWYdHCbzSW9LXVnCDdDZxAEuceKY14,9272.162419328584,1137256,$1000-$10K
4M4XWm5hmDfnZQqwz67aX4JP6ELVfB4CY5HgKfXHtxTa,9272.100041865968,1137257,$1000-$10K
J3m5m7rbxCfiW9Tw4q8cM6ZcNJ3oaZ6sMqGU19nFTnau,9272.089538212853,1137258,$1000-$10K
BZ8BKKmwwdaFTPREp9yAqjCLpAwChjpVEF91RksbSsNb,9272.08550175385,1137259,$1000-$10K
EYYge5rPdwXs4bhmugR3VsvbWj2H4DmwScP9qKyYHNx4,9272.050112312749,1137260,$1000-$10K
CK3YK5M9dcN1QGiz9FvpkmdCdqm2PEoMKbBrKA4LwnF3,9272.042655877834,1137261,$1000-$10K
6LVxESr7ujQptxrKkvbFSh5Ht5q83jgbKxpgnR8PjdK,9272.037031697939,1137262,$1000-$10K
DfzwgRoEe9ErGDiCaUcRHp6z4sG1euyRBRqTNQDsZfR9,9272.035647660325,1137263,$1000-$10K
FE6uwbbp58un4NjBRxEyNS7F4v1qjWxKy6Xpq1eVem4Z,9272.008204618993,1137264,$1000-$10K
6t1dacWTJZxXDtT1RgRBVTK3kzvS2AP8MmokMgNqdDoJ,9272.0054975536,1137265,$1000-$10K
J4zHpZu4eG4agat7maEVyYvFbLf9PQ41V3ETLMB2TjUP,9271.973587584558,1137266,$1000-$10K
AjMx3V8MGVpTqUNd1bt3E9o63nyG519zzHCknNyDbfcB,9271.971156157551,1137267,$1000-$10K
S2fG7PCVUu2m7yyScLjmqeAeo775q8ZRgGCAc9qmBYm,9271.947206958663,1137268,$1000-$10K
AssPrPrHHhXE5qCws9y2kZ3LLp1FQhJd6X5pCxRWNxqw,9271.89819543947,1137269,$1000-$10K
4tqHxQD1xa4FrgboRrp7mcxUqVN1dzUwJXbaY3ZZiB4r,9271.880432693944,1137270,$1000-$10K
3nfEhCoZLdasMxYnVEWEVeiUv8VprnBJiuGhfsoiNzFo,9271.865648497838,1137271,$1000-$10K
3yuVQYgkWKrNAGnnFBcjCuAPkafMkjSMoeD8nHakusi5,9271.864371410511,1137272,$1000-$10K
3JBjL81KW1BgbRxXeMQ14thxz1NeujCBN3D2dPewg98D,9271.851575614299,1137273,$1000-$10K
D4fjDAn3dGBtinpMcVC7eiPvRnaGCH8KbyX47gAuGHGx,9271.823199583134,1137274,$1000-$10K
eEQgmeGZyiKhEWT9BiKSVmM8KsQuC4oARVcgwE6t1WT,9271.807080138276,1137275,$1000-$10K
81FcHnbALo5oR7ET6BaXghCEtY8r9n5GqA3WSQDpkizT,9271.762957623401,1137276,$1000-$10K
2J6QDzV51PRXZbbuGgUb3Rk7Mb84QMSbWLJXYDhPNpkW,9271.762867376157,1137277,$1000-$10K
2Qgh2LXVsqmA2YZS39kFqUnPFXU6xRGFRv2rmzpSMW1Y,9271.755950149782,1137278,$1000-$10K
CSBgtfqe857efLwE4eDjen74powQgcV9SMEUBMW7nkeJ,9271.728171878336,1137279,$1000-$10K
y2zHWxkAAH6CzfKhjaR1yjZXCRRHbMKeTKDLauFMZUz,9271.72750870607,1137280,$1000-$10K
BfytP8zWMzVryCdS9X1PQpuwymX1kdyZqpmMnXL8EvHH,9271.71685314955,1137281,$1000-$10K
2E5ha3X17RNw5hnYHhN8hDLmdKDCADqpBv3dCmRxMZGx,9271.713758455177,1137282,$1000-$10K
HMboYqwLFU5EETCUwUYD2hSCcyWFo9nbDENuRyKeztSE,9271.695656096523,1137283,$1000-$10K
AmafgVzHEXG37ZxgthrEiysTSzJ7rroVqktwTFoH1NJL,9271.671861357008,1137284,$1000-$10K
68mhoxAnReeCqPWdCQUJufVRy2iYMhmW3VLHQHjo7YPi,9271.663501375035,1137285,$1000-$10K
C22VtQWj6VRJWtQgDg4iXaS3XUfdfiPiND1md65SYTjf,9271.660350925058,1137286,$1000-$10K
FLF5EcXK3q7cNdnJRUBGPqZmenzmeSYKjUMTRuXxKJ6i,9271.64751053253,1137287,$1000-$10K
FhJw49iGkCV3g1rgkgftD9sC4WKd3YNqMhchqwB9M1cD,9271.643283862251,1137288,$1000-$10K
ASwsQaqvXrwnDAFR3g453VE5wjNQfD2DkcjUrtCXXyeE,9271.640530881074,1137289,$1000-$10K
Df3gkg1PFEkVqnGjC3kKz5UNPWUPxgTTrd3y9Z4BbG9A,9271.630430247305,1137290,$1000-$10K
BtyWkjtEvnqKmQnDxzzDTzvYw4G7biSVd9AuJHVp2zLo,9271.624808747161,1137291,$1000-$10K
Dseji3SWS94Pi2SzkFF7gYZ1ye6MK1zJdbw9FTL5VFbF,9271.60341748829,1137292,$1000-$10K
AViESxFZL9Gj7RWfX6XpUSkPeAjWYa1HkdqhexCY2ifR,9271.557054223837,1137293,$1000-$10K
BUvVLRkJKhP5uYEUZNYAuiquFnJ9MBZYPTi8MPTjpaB5,9271.54961212567,1137294,$1000-$10K
3enGvkjvaAUKAuAku9Z8Fk2mK33BYH6uyzjTvxnFT4J7,9271.53938510192,1137295,$1000-$10K
hVt5kJamQHtaBowoqUd1Xeg5mW9b759fcJaVaj14F29,9271.502601507404,1137296,$1000-$10K
4q9AY2qLftD11wPL1krX21ozkmg3Mwn7ESXLCDjsuEwA,9271.481365399439,1137297,$1000-$10K
2F4ShxmXxgZ4LQTRRdZy77sNbfi7JagBFdU7nxya9A4T,9271.46744001007,1137298,$1000-$10K
X2HnGcjn7TL9KRfHfTmiUhJFZ25ap4tMUUVpQDJwdAh,9271.451324701087,1137299,$1000-$10K
4jaFYK7Ghr2WhbQEpF1cg62A7hkDXgPu3NjDZCNXzD2B,9271.439887388047,1137300,$1000-$10K
89HZe3F6DTdkctU74sCQtK2BGvq86mvnsvvFqWrCGX4p,9271.412805528067,1137301,$1000-$10K
919mJYRWJUTjcReUdzP75ia7TdjFVMwn5MeECRHxivuT,9271.407566199074,1137302,$1000-$10K
ArJmZvs6hQ92rzMsGYFgBhKeq7cGB9ZUsFUC3egTc9XJ,9271.404416984175,1137303,$1000-$10K
G71Rirq4jgXsE2UbtUNm4RdG4gj8wubLXmGtWaysXZ4H,9271.37156734233,1137304,$1000-$10K
CEpGWsRStaZZybxYQdj4Dc5HNuaLi75bqyzZWaiAPANo,9271.366165323208,1137305,$1000-$10K
4FJkPUgM9VXDoiwTb2PQeZQr1Zugp1EHXzF2kZYhdSSM,9271.348089329686,1137306,$1000-$10K
2kJfwvuqLdjdTqkLjfm21k8CmrHcHsPRV5ss7xNt1dy4,9271.32967320835,1137307,$1000-$10K
4WmA6dyCbuMg4Kh6PHhnNk3JvWR1aNzyfWuUiyNC6vCL,9271.305178451928,1137308,$1000-$10K
DQqSoGKoMJh6EeXwq7vGrYttUEtGdaJg9XVPJTYs96XG,9271.304981463902,1137309,$1000-$10K
4R4ZthbRbV46LRQKFEy5Qtsr782ykaKJydzExSJx11sP,9271.238737043932,1137310,$1000-$10K
Gd6tZLvQ6D5wS7zVvirqx1paZaHHBZRAhWG8jEnSiRCt,9271.221606263181,1137311,$1000-$10K
hLnmx2umQMxob9YKKG2gsHCGhsUirYZ2piP2EHyiAEU,9271.202554554358,1137312,$1000-$10K
Ef5WSNXrhuei5LTgtoZitmWBiaLRbbqUmybjhYfWyCKq,9271.19857523656,1137313,$1000-$10K
7KRYxzGyF2DBs6pgeQNw7KD7GhJd8smie4dDREfrRugw,9271.197988121283,1137314,$1000-$10K
DU258GvzZ2Mx1gseojRzSTQKhcDd4ti1LyK1KpBrBuzJ,9271.1419692846,1137315,$1000-$10K
8EU4Rd3kN3NTegEGPuEhtPD2fTBqZa8b9gus39w7wS3s,9271.137593531776,1137316,$1000-$10K
B8weg5rrdT6FCr8sStfx7MKkFbaB47NEzQT68Fy6DGGA,9271.10724435951,1137317,$1000-$10K
CYxrSjjKTcCQfHqgBUMdHs1fHAMx69UTSJNLkRXz2bMk,9271.081104017854,1137318,$1000-$10K
GuMCYogRE7h2ktjnftZJrzuS78v87NvGd53bxRLgqz1X,9271.059546239707,1137319,$1000-$10K
bsAAoXicxt7XYSy8Foscgoav1ceCdwNELWd3FYKMzvX,9271.033741112475,1137320,$1000-$10K
CPK13DQjxLVCc4DMkW8QsJQVPuPYUxH433ctp9UGnEUK,9271.017114044409,1137321,$1000-$10K
4xC4Pm1qnXASPbjoPFrTAcEPYfcZkAWTfGw3ygrpcUHe,9270.990140450296,1137322,$1000-$10K
HgKeoBXKTZik7oe7HrXFNbbR9UL4MtgwnrRaKNnuRcZ,9270.966780170314,1137323,$1000-$10K
BJN1i7e12wrj9Yw4QMjfq4cVsRnHaYUsbFPBS9hnSHQJ,9270.960350317337,1137324,$1000-$10K
7FUNnDPVMyhcjKzZurozfPYT7f4syYcrWKJhL9BUm8oY,9270.938398310576,1137325,$1000-$10K
BsnqMnZKSucTeScpegXVZLeWiE9ZQeNMSHq2S92BRKrd,9270.864813731368,1137326,$1000-$10K
jatP7S8sgAwLgJRZZDh5UwAjFAYxGqPMz4Tw3oPVWe5,9270.861579389937,1137327,$1000-$10K
CXrx5PD23gzSWhYhgvVNVtXs5J7irLgnHvY28qkE7e2f,9270.82294277297,1137328,$1000-$10K
93XnDqbaDtQ3Pt5egrTZkZYqeuY4TTUQZRrL1xXTiAKb,9270.81467545384,1137329,$1000-$10K
2kWHvHcaamv6bVJKbWyn2PTychSA9NZ2fjnSE9voMWQU,9270.81241099036,1137330,$1000-$10K
BY3qP8LzLL7JCbs3WqDZKR7pXB63ir2jfjQTeKSKyQeV,9270.791062525048,1137331,$1000-$10K
GTPuV6AZDENHJE34VurktAswXGnoYLXjQ62gYaBCPAAd,9270.771376720564,1137332,$1000-$10K
CVAMU35UmzDGeEQeRQAvHPLqFVv29sTEL1FQn4ubX7XB,9270.765318244648,1137333,$1000-$10K
uzsJAfmQ26dmDYgJQdBfDV6uXYtFhiTrfB8WbWsa6Nt,9270.746161422287,1137334,$1000-$10K
EcRaKoJPKtmURfSVPLURSmPiLAJqCBqWdUiwr884yGGG,9270.709636085965,1137335,$1000-$10K
GXxGqN2rGJwtfUBLHGEuAjqPj7px7LESZuEqK4Pibbb9,9270.687287313553,1137336,$1000-$10K
EjuCeEfidNMn91EEUfuT4urZtSvVvz3ad3w3qGvGb9bw,9270.666797210146,1137337,$1000-$10K
4bUBwzSThxJmGWZeUjQVwgBn4FoyXzyLBBShDsukarv4,9270.645641782925,1137338,$1000-$10K
4BTBNiimWC8FG9z7HdV6jsKi8vB6rg2FZBQ354pUb8V3,9270.641934060228,1137339,$1000-$10K
YUBrxrjFdUpjysN61r8jFJEzo7dfBmwg6BdFxwpPRxN,9270.614259399432,1137340,$1000-$10K
DdqGm81neMani384kxyWWdkuKhVphdpfUP92uSnA2dkf,9270.609530271653,1137341,$1000-$10K
3dhKrSUEmCAK8F1rTQorfhQiCtKP38AK2hTmZ5w7WhJL,9270.60853981452,1137342,$1000-$10K
6JiNHtUyhgonWsqqHa8uXC8weeSuMFE2TNYjUBp2Jwm3,9270.602317855373,1137343,$1000-$10K
C83AuT8ZNJMphLWqyFDB5Eee2uQrvosmQcYSvjdYe4j3,9270.56072832911,1137344,$1000-$10K
4NZsvy1tXuByUgZfCvUhdkCJ48v2y6tGZLEUQWnRgjjA,9270.554717358023,1137345,$1000-$10K
6rBJH3wze6S1wVq971uCnJw3DyzozxNs728A9mU56G1g,9270.525416864397,1137346,$1000-$10K
DHRqcHpXwvv41j5zMpEzwJahJ8bWynk1HavrCATMT7pU,9270.481977184167,1137347,$1000-$10K
58AkuEXdc38dughW2HHDMbaEHoNvCyw6wrbwRqZ8GJuu,9270.47730837576,1137348,$1000-$10K
4TJqVghfqan4Eqg8pyEL8a7dPhwmbtzt5Nzdw6mCpXHd,9270.47676393252,1137349,$1000-$10K
6eLremHXpb6C7GF4RLrc3E9Uzb17s2K2FizSduehXwRS,9270.427205972277,1137350,$1000-$10K
CModN6woBEBmUMxqWtnu9QRxNYhc7xyRhiJZLhqnAbHd,9270.417978378688,1137351,$1000-$10K
FXAttEWjwURv69LxjvjtsLyEzKuAp295onF4fdz49je8,9270.393821909609,1137352,$1000-$10K
C1d18iMfhx839xBSiPfHDrXDKYaVAcoecEBc3vRvy7Kn,9270.389670698703,1137353,$1000-$10K
A9BPZSWXtpUaxvVwifwndRzyzLe4BSQb4nwqCPrEAKHf,9270.38841061649,1137354,$1000-$10K
Ac1npDdvDqKTZCqRDRSfwM3kNGaTrnnvL8znmKDPZJWE,9270.372010938197,1137355,$1000-$10K
DaXg8mNPWvicP4L6FD2YzKWxYQDo91NKZEdzYofGaRfW,9270.365453909828,1137356,$1000-$10K
D4RTpt43LxtzSvWcdQhF4MQhFkaaQbuQVmVckMUDygvW,9270.36017808261,1137357,$1000-$10K
FcaYxNsLXBgtxNZXuCJMsGeFczoYLtzPjynodcei3Wf8,9270.342559049392,1137358,$1000-$10K
F1GzweeuVkoaHn4C3Nbf7u7aLcGExm1dFFq4jZPQWtf9,9270.319802935803,1137359,$1000-$10K
3pTe3HjZH8kxgMDe1VLnHkTrTZ9MTqWTDhPmiSM4ieKL,9270.299486757382,1137360,$1000-$10K
6XyKUHZJ1rosEthA8D6Di6nkEuqnRiwNsm1J3NWup6pW,9270.292840307311,1137361,$1000-$10K
Bc3tgS3U87iwm9EmLEPVVCJuzugRhhX5iu8pruSSXPY,9270.290935943085,1137362,$1000-$10K
BANANAvHyfydjDGF2eWJebLGiuLv4jMeRy1WZQdN7qu3,9270.284555107468,1137363,$1000-$10K
2QzJWNagCZMpvqpU1GsnM7p5xaYK7Yn4VXC5yz7JdTMQ,9270.27791673689,1137364,$1000-$10K
FsQniXdHP9zg8hz1tfNspXvxPkADCdVcvMEojnGpmNNL,9270.27442219362,1137365,$1000-$10K
EzuALngCm96UWHqmFWVRuJ7iRK5E2tFtH4x6itzxfr4o,9270.260831249108,1137366,$1000-$10K
HiHvCMPDkbXeDxPjXxLWhpdV12v4fBVTomdddr1czADu,9270.247742224672,1137367,$1000-$10K
FgKK76Dp11vfCz78J12XoWiNvMCgP2C7HmMcTbim13wp,9270.24622226389,1137368,$1000-$10K
36BfQc5KHGdev4PoXFZ7LSjs7ryCNCfo9etd3w5eGex4,9270.24548886989,1137369,$1000-$10K
78EGrW57mxMnZihLaXPTnVEHzUGnHu13EU7ba3T67Epp,9270.230867720178,1137370,$1000-$10K
7dFgG6grfAKckjgs4x3PGzJjS28oCjQjDfQ5KeqE6PDn,9270.201661178262,1137371,$1000-$10K
6oQ1tiM3v46j3oQ38WbaCLD1bncXMs489tLhCik9A4y3,9270.191739527854,1137372,$1000-$10K
GdvSibpVc25Pp4s1MkWi12j4e5PGngBamDaNRce8ocaV,9270.191722322554,1137373,$1000-$10K
FSsf382bLk33F3R9F3Ab1BwWBZbtMEimhgoCS1hGLkmd,9270.169203233476,1137374,$1000-$10K
2hJypXRkpiFyxwqPS8h3bfHg5QkVSenyiHDUXvJAKMy9,9270.1624194228,1137375,$1000-$10K
9j68L5zWBNHvp88jYocQzj1csYCHAksDGYLXZvSvKXBC,9270.152344623039,1137376,$1000-$10K
HVDZCwqVW6DeYWBDjUzRk5XKuu4L6Xt5kBcyRGNDStVV,9270.15046717728,1137377,$1000-$10K
CMCbpeGfHMdgAgTndzHoMzV64EPQ2bqSgsxUQj6NzC2k,9270.1307833585,1137378,$1000-$10K
DuGPYx9rQ6qUMf3abKvdSPbA7H15h2HUcrtafCgDEZSF,9270.12684846697,1137379,$1000-$10K
By6ADr1hG3gqsQcTj36HYcfmeZMLWDAGTfpqtVSwFKXC,9270.12071953842,1137380,$1000-$10K
9rDPsEGTuKnqYJUUfDLq7GKGGLamuuKr8bAUaKFCM52p,9270.1002451672,1137381,$1000-$10K
HmLU8qZpUR1R5ayBQit8PkrrhSABTHJp2zdnht9Va6Xn,9270.080840296798,1137382,$1000-$10K
43h1b8DyQ8sJVZ6GfLpoW6msnE5THmPCPBHAp6EDc2m3,9270.07401228928,1137383,$1000-$10K
rwPHXNUB3hnuDNPo5QGhGJMNSbsvmMderhKMrXnjtyU,9270.060403169422,1137384,$1000-$10K
9d8DrwUKcAf7WcmwLjxdPmS4zk6mE2zFsbJ5EMiuFH8K,9270.040560218034,1137385,$1000-$10K
GFEmmXpbpptB1S6q6KyyZehC8B7eBnfehumbyKYpAgvY,9270.04025080856,1137386,$1000-$10K
3Bba2n1gMmV6uVoGp3WVbS127KsoYEJ8SaSNzouMgP2j,9269.9898241055,1137387,$1000-$10K
GaxYaDDxULevuRi3VyKHgTBLmj6usSJ5n9XanrvqUQQC,9269.97106908691,1137388,$1000-$10K
266a5Zq6JMa4Jhbpopyft3NNSsdhupTyjEU7chows7rK,9269.962551289698,1137389,$1000-$10K
7KjMqcy1EemH35pJM4fGjirv19XD26eAceDQncredeT6,9269.958887307306,1137390,$1000-$10K
4ScaNPb8ggxQsGWfzXEahEiyLuqB48Q46XhCaMaEfxSy,9269.946039761855,1137391,$1000-$10K
AkYhCXEXHd66guwnnAhbitAnKJerQBvGK28HvujDsSZH,9269.917460214838,1137392,$1000-$10K
5iNxMfzHJnCk2kgpirDfyE2wMqeV6sPKDm85waNQYBc7,9269.913838857246,1137393,$1000-$10K
4higv9o2PjM3K6YykePFeygHKV7WBqR9uejU1jmLaTmb,9269.90817301641,1137394,$1000-$10K
7guABJ9UN2U91qi1V8Qzy5ZSehkT5NMeZymA8hcPiGJa,9269.88435901328,1137395,$1000-$10K
9cM9hEvQhK7c5N59ZeEycgVztjfRX82GaNcgsrbPYQVt,9269.839650212753,1137396,$1000-$10K
7G4TKEeixxaUq7kHuEtdwRmC3yURKhi8yBJA2z2uHB3g,9269.837719185793,1137397,$1000-$10K
FhAtBvg9v2BMY2ifke4Gi3SYQsC6pUGyAGxi3unuWTSW,9269.834187153934,1137398,$1000-$10K
8HbRDkkAjKCJqXN1G1Cn9TcPW4xEyjS8H2irShqctZe4,9269.816921655889,1137399,$1000-$10K
E4GzwA8XAeVxR6PRzwg4MbR8xbzMHJJd6coSyUycJdKU,9269.81290159505,1137400,$1000-$10K
EpDL6i9Jcm319H2WXGG5a9b32ETyfUtHaNyHZ1Tgykiy,9269.787340319794,1137401,$1000-$10K
76FK7rkAFpbSzPvt8AGn2b73wz4Cf4gda13voUcxRRTw,9269.774771354332,1137402,$1000-$10K
CBtVkMhWJwfR4B6LEkd4ngdEyaJryx6fVthdpPLhsgeq,9269.762547007891,1137403,$1000-$10K
7mwW762JGKGHqUt1wrLm8S3WoPXGvKS2GX6Z5yKTC1y9,9269.74096515711,1137404,$1000-$10K
HVspkxofjGe8w8N1neqJG5ZkbcG89VP2otZcFF3ojB81,9269.737958921678,1137405,$1000-$10K
5wLwWJxHixgmbNkTtPnRs4H9DsTki6GroSM63RxUMt6C,9269.71415506464,1137406,$1000-$10K
8VXMf7BNo2W1DPhQTC2h93kcFT1tEARDKY82mwzdozdR,9269.690276180441,1137407,$1000-$10K
8YzpSjSaLW7rEbCpcWhv9bZ978RVETk9fRjL24aqzFrM,9269.680255870078,1137408,$1000-$10K
BpqxkhveBNordSws2NXEDLn4fXTd4fbnSPV8xHtq8mXY,9269.64971480605,1137409,$1000-$10K
GHn9sG9qSZwMWvKKr2fWGWgnWGD6TNA6eJdRcS6KBTUy,9269.603832758978,1137410,$1000-$10K
CbQjxacoA3yqxFWJbhyRGV2dh28UJZdP7aL2LXHZA24z,9269.577240545279,1137411,$1000-$10K
A8Zq6Eq9Uf5nqSEbreuQZS1LHKHx8iHrvLrzgBkDGd4x,9269.56447618971,1137412,$1000-$10K
FGbfBNvQH1YetwgJjrpss1MotwYP4GbwiD7KrEm8fDhK,9269.56095562023,1137413,$1000-$10K
7evDedtXoQYf17VjtTopz5SYyQ7FcWdPcNrjLbEGQMhc,9269.499975293344,1137414,$1000-$10K
FNap7oawdLcgg7UDjX89pwkBcS87GMYvk2ZNc2MBqsK1,9269.464781956702,1137415,$1000-$10K
2wUzm2H8V29UrUNazxfsn2BggkKYUsNcyr6ZSXfpkGbo,9269.449506022354,1137416,$1000-$10K
DRKe8zhchPTiLKKf1HCaH8yjsAGRGrKWMfoDNE5gm3wx,9269.41623898302,1137417,$1000-$10K
G1pWtLhJ2zvGCmn5W89tAwGsM19MMLbFtp5TQvtSERgd,9269.40586525561,1137418,$1000-$10K
4fuxEpZZqio5DnPY2xJJ7L3zJY1WSSodVTuLLjA26fk5,9269.39129065751,1137419,$1000-$10K
GMtXRVKcELGJ2W34zsiKz5qNgm3zFQ5EwAHHVQEHGodv,9269.388707589762,1137420,$1000-$10K
Hipmi1q5LjiUb8eur2BirT6zp2NhzAuNZ8Xcy6Su3BzC,9269.375677204349,1137421,$1000-$10K
CUPDjpGcQ27NCThBn5kwtSKPXGRpPSU2KVGsLoKtgL7R,9269.365623955091,1137422,$1000-$10K
GXPvxfjBUPSXJf2dPXA9tFJPpbYtu6Xh5jBtKnicF51S,9269.364840064307,1137423,$1000-$10K
AMKnMAHV3wdAxY8LqtnSwaCxfRCyhGMT8xoa2RwVjt1U,9269.353927566071,1137424,$1000-$10K
7LicraUDkUUa82UiQsPh571kA5Jj6KBSJpPp9QWCf5eV,9269.350433170399,1137425,$1000-$10K
6xtw25EzGPNoTxE1gNnCAVaZR6tKwQ8BsxCiSG3G9V1g,9269.335247631363,1137426,$1000-$10K
3F5jbdQaPzv2ZBnscPfTVurB6QFtzADmV1gcfQs1Zj7k,9269.317292367596,1137427,$1000-$10K
GgBRhQGPLUG6igzjYySQvhWavjcsMGB6namAKCxsmXo2,9269.286282562993,1137428,$1000-$10K
DxQvYZK4T99xNtPuA3avZ67ekuesR5UkR2nEWPMUJnhf,9269.28014683274,1137429,$1000-$10K
JnJefDQNjjiBVoH9s1MJeGmPwSa3JvQULS1wBzfbYUD,9269.26772964033,1137430,$1000-$10K
2zNWekUsQFhTFEFfkr7eZJhRdi75Hx5ULUXu3v5tCF6K,9269.220028955166,1137431,$1000-$10K
7L96JRPojjSmeQJ381poD1eYvzBYuqwEMyqzUH64QbuA,9269.194285456633,1137432,$1000-$10K
9bdNYxP5RfASGbdqrfTDKXLHuuAgz5FozQ7NySqSTgiw,9269.1874809767,1137433,$1000-$10K
7uoheipvWU1ZRcHCmuf8vfdp6qUvCcAEJAtJvMfqJDGi,9269.173940363373,1137434,$1000-$10K
GDg6JmSXoCHxKpPiGPk5fWQXNXmo2vMGmEHwT3ZcvoXK,9269.17369208184,1137435,$1000-$10K
3qBiPgFSDqH8AWKejtDysjUhk686r6RsNqjgxemTbLMi,9269.13994158053,1137436,$1000-$10K
D6oatjQf8KKYzaUhuhiiPuAqVmzGgTD376VVDH115oXD,9269.097565942786,1137437,$1000-$10K
2rGpJy5zzQ3JLW6kSYxSD7wcoDYahL56d4HFs6A5rLKq,9269.092780959889,1137438,$1000-$10K
Ak6SH8nLACiZX6F3rocuQbTxaX1dbeXxSfL7NxukkT4j,9269.06979865197,1137439,$1000-$10K
HByPqvZW3DvrFWbJjfCzu5ivy8X4umKUmZRFCtVKcthd,9269.054944385052,1137440,$1000-$10K
6oRyqPQia5kHeaKmLC3x4zQsCdyAfR7xHbxZHPFJBZFD,9269.040649659533,1137441,$1000-$10K
8LR1BPFUF2rfzHpG2HJq4raSZeZrY6zXwaXg2xkGso6x,9269.024048946627,1137442,$1000-$10K
9GukwTdcM4vjZU4rMfWMhrRgvpUbWoy7ensGjEMNK1ED,9269.004677838,1137443,$1000-$10K
BZDT6RMywyv1VJXrG8HfYLmyk2UAjpRfAiUxqwLg9gPV,9268.963385471328,1137444,$1000-$10K
54Du3HDH1fWXmeECGfmR6e8A9DcPv6busFY8WW2HZ3ry,9268.95371355769,1137445,$1000-$10K
zRQuVRBeUAJT3EseeXyP3zJoqTHpHebSc5ezqHSEi3i,9268.939808922327,1137446,$1000-$10K
8yPkKZ2d77eJCpXwxJ14w1L4ttQXKapZeL3S4t3gRkr5,9268.91669399321,1137447,$1000-$10K
2W9YLyXoAnNpegi8DPJJVT11AgpSBwzou7TH4M1zc2WS,9268.91230492286,1137448,$1000-$10K
7MUf6TGrJQqZREDmyLzZV7K66RcRhdkrQwXwYQ5TcXGG,9268.912078798283,1137449,$1000-$10K
JANtnzrsK16EF7fRg6Awte6VCkbThgv8sdZbpz5RKJR9,9268.91200313777,1137450,$1000-$10K
DiQfY6xGUgsjgmnsipTEXNvuGvyAQC3Sk1Tzunf7FAv9,9268.898516636755,1137451,$1000-$10K
GoEDfryfDwBbVbcz6zfhcQXsbWXc9gTCNXCc4Ui51STD,9268.852583252534,1137452,$1000-$10K
6z5awKvH7qDMDyqRTweK5SqwbnZfr6SfZZfW25XuXYoe,9268.85257091428,1137453,$1000-$10K
Gv9gbUHYScMck9PMoAX87YsyExnkZhWT76n9q3DnG2Dg,9268.849319866631,1137454,$1000-$10K
35cJ47T7ieAqdq4QsuenS4Ec8oKGJRYoqvcA24oEUV3x,9268.840400948111,1137455,$1000-$10K
91Pv3uFQyUoNCkf4YeGkW4rtyDWuUBaJR8TZzBFU5e1,9268.83368786771,1137456,$1000-$10K
4zxk5EALwAob57qPu48N17Am6tkuFpJELZ2YA3L428hS,9268.8117212227,1137457,$1000-$10K
79xzAEPwESKdVuSE2hTM8LCw2gZxhSeqZwr4jfgXLNhq,9268.801171360716,1137458,$1000-$10K
6dGrPUnicSiCfp57YSTHE57cR8DUVYRAa42XaZ4nLA6v,9268.796065275052,1137459,$1000-$10K
9AoWg7G1JaYF9XdeKR3vWZ6gopKf168pKPg1YYBLs4kC,9268.7894021092,1137460,$1000-$10K
BoUgfrqeSACJwgnYHmNhcki6Fg2wVax6QBAXhpWV7hpA,9268.77268227215,1137461,$1000-$10K
EBCLNSauSwF3AqywvsRfczfRLiTNB14iL4rXRSursr6Q,9268.753489660101,1137462,$1000-$10K
FTRbuKCV5QmjzthNPLti1UxnXDQzB5bRB193EDJjvHCE,9268.733486049221,1137463,$1000-$10K
5EmRMEfLBpr1YdWCK3SUx8io2WfPqTaos5C6hdu4Xg3U,9268.72209389214,1137464,$1000-$10K
HF2RakCS7dbYs9dRw5eqrMRrXiE2HDpyZVMjCDNsqieX,9268.713790067328,1137465,$1000-$10K
AKg5J4FPyzdYsTF5R448qdRHXkFW4SgrsLMH2V3KKdf,9268.713693253767,1137466,$1000-$10K
C8bn2m4kvLaBniHqGfFovJH9WMFE7xhbNm8iUwNM3tuq,9268.712966450876,1137467,$1000-$10K
7DRU4VzGUipXQVxMdbrgEPmBSef4Qto3FSzyFA2WG5Hi,9268.70574451358,1137468,$1000-$10K
9KGG2U8d4S7i6AWe8c7kP7iNZ16kWHCVqYqy3QYkX5KD,9268.686589202558,1137469,$1000-$10K
5juTFBXX8kcnBXhLYiESS9CWRGupcZ393MourXKFR9MR,9268.669511825317,1137470,$1000-$10K
EYmVw2yQdtktDX2YUyr9t15RiA3xeyJT8pbVDJvABVVU,9268.664626916172,1137471,$1000-$10K
Fo3Z4MFJeauey9fZMMvgj65sqLqSRg3DGdgi3q2dTgaJ,9268.655769094963,1137472,$1000-$10K
9au2YSpjvq7YNGEMJsNXZRg2jdccFcYj4bAJRD4Pf9ox,9268.587779504562,1137473,$1000-$10K
8HFhhxt8KF94vUfnsh58fzwd93rqukFaFS9Nx8T7Q3DM,9268.57106754779,1137474,$1000-$10K
2xjgY7vxzNr6bawrxT6vzhJsTJ6Fn7fSpXaNCXbYuVer,9268.535644874999,1137475,$1000-$10K
dz3K44PVErkqvQgfXUeJLt8YkRSgEZZXN71wsfcQPGy,9268.522875336257,1137476,$1000-$10K
3VfdnYTeJTiJiiBCYSLSJRYmXdrr9ZHpqb7AyJ7uCm9x,9268.504137247255,1137477,$1000-$10K
4YfD1LpwrjuvNJXSQwraEqNz3566gj8LooG3wRUZoSSa,9268.480039109341,1137478,$1000-$10K
FkM7sje3RPXMuDYSUrdcjBBwMf7UihNN9ooHbxH2R7QZ,9268.479991198208,1137479,$1000-$10K
74ZhsybXSyk6S1pLW1dQk8S3ANqz3z1qexEC5fD4ht3i,9268.428095084555,1137480,$1000-$10K
HQQ2x21ysfuUXjdv4FYCCj5Wf7CSrshuZEC3a64ubfjt,9268.422247104128,1137481,$1000-$10K
ATetGYV6hqNqr2unQgSsQdUfJC3CyV3HVKD8V3quTgj3,9268.402226946924,1137482,$1000-$10K
8jgzNtXkFgKqZBABLAYhDUdKvr5B8HN7T7KhVF1fRpXD,9268.393861705114,1137483,$1000-$10K
4hfvhUzEzcv2Vsvaqgzx11yXtQ1mzpoX4uSE6qyw2kue,9268.382598239607,1137484,$1000-$10K
8zN4wkWz6DZZd7aH57Md4d9G1SWaWTEZ9mMvZRpvMYpB,9268.378334319199,1137485,$1000-$10K
3UQSpkTk3UshamsdBcUUA3c6JwMbV6cbJxB59gmkjQm1,9268.290964083577,1137486,$1000-$10K
3FYpiBosg19Y6DAZe6MJhZRnEiXMU4MTWKdGVhoxAuSX,9268.258669757744,1137487,$1000-$10K
EyHhiotnfZprvU7D1xcTYABPcp3pbaYX8UvSv1byNzmY,9268.232465799598,1137488,$1000-$10K
9UBdJkE4SHd8hAABnYbzWeMMsk1s6E3jr6JHPzN8akKd,9268.226626269985,1137489,$1000-$10K
3dPnemGfSMVezvH6CCVLFHLMV6cTpkdmXqdmxqbXbwdb,9268.218993010349,1137490,$1000-$10K
5ycG2TdMF8Fm3FPwWwTnDzkoWjKAB36kquZBcezDeEgp,9268.19171790003,1137491,$1000-$10K
6Dce1pfxG1tdDqXfMkuepzkC3YX4xfkP9nBnLz5KTUkL,9268.1677764892,1137492,$1000-$10K
ceAr6ph5YA18BgGRU2AqMyFC3R1L46ob5dSaTbcZEwe,9268.166292198799,1137493,$1000-$10K
G5YbEYwgeg8ApKvEo9z4VhSs6gTSaucrFhqc4RKZ5EcJ,9268.154192846223,1137494,$1000-$10K
ENrMMyLRMRpU9BwdaE5ayChqC3bxUXERUuxaBigvNtZo,9268.064349469692,1137495,$1000-$10K
Be9YYVNrg2m6kSw8VhZGx7ciwScpH1EG4QAT2zNSYmBj,9268.035382106233,1137496,$1000-$10K
Gf3sbc5Jb62jH7WcTr3WSNGDQLk1w6wcKMZXKK1SC1E6,9268.032686108176,1137497,$1000-$10K
Em5u92hvNVJ4pdvprbcLsUaTGzWbeTtryrfSbKbDwB7V,9267.94707106614,1137498,$1000-$10K
6XbkAXigy4MUc5esGGdKGsrdkZyn1cysCP8w2infEXv3,9267.90056019088,1137499,$1000-$10K
24CzLXWLjtJD6ZyP66GAxmSAhYGZE7EHGZek916hFheg,9267.884931147548,1137500,$1000-$10K
5WX31gCrCnYE82fk2P2dvFQXEnRnTtUg7gYSp6g9tJo8,9267.882431556824,1137501,$1000-$10K
Ff93vqtHop9wwNtZ7v579NXSdESKtUiKBdvgJyszndXy,9267.871679396463,1137502,$1000-$10K
4qXAkStQSLB79e8oTbmUaZfq5J9qdrCwiBt3nyAQYJMN,9267.867258503295,1137503,$1000-$10K
69fkwvjG21qqhVQ4SrCQ2WzndK248qT2CxbLHaVWy46u,9267.836545125163,1137504,$1000-$10K
icmtXmApitop6KvemoR2t2NRGWYWDHJVpK38Q8NMXmP,9267.828810334699,1137505,$1000-$10K
Fb9kZGXkfQFv3iKbwC57MiigPmV2m7HXEnCEeY7keyuG,9267.826316735658,1137506,$1000-$10K
Bf12FG1LkmuQWBVz4DB5CNuxMefgBa8QhcQC2Xf49FtL,9267.817701994558,1137507,$1000-$10K
FcAdgggDKbmxcorfXcUXfYj9yXUcd3kENeFzet4d7x5e,9267.814455502094,1137508,$1000-$10K
594rfaqkfvUcKJU19zZqYySaVvooZQvhbhvKWMhwb7Pf,9267.791075084502,1137509,$1000-$10K
J2mj1jyzcQtJTYmYjkXYpt91RaVyvbVcaZnJdnA7KyiE,9267.789404267964,1137510,$1000-$10K
5MFYreCDC6jAHbrMimqhiX5rCHT5WiqwvZ5czByHgfjR,9267.78757358504,1137511,$1000-$10K
HBs3ckTFHAU1tPqykVYHmpQwmtRDYeyRFuSaPa1yTnVH,9267.783328654086,1137512,$1000-$10K
Gwx8exsfeBvbRUvq9tkKABmdtpCGgPawy88ohtdKYhfJ,9267.770255947507,1137513,$1000-$10K
6rJ699PQc4P8UptvMpJGhuLboq6ptf7Py14WsqdrABKt,9267.751406426574,1137514,$1000-$10K
3gxMy9YeUwWnMWXSnsTuCStr5x69ywtSJsEqg9aR6mwg,9267.74120461311,1137515,$1000-$10K
AY8tm24DyCMBv9UQkzocAoFzUqmcibQJrP363GYu2DLe,9267.725585430106,1137516,$1000-$10K
AsaGpdtv5V3KMuZou18PM2DY2SiuXo5X4ksVc41BAfPm,9267.700528547928,1137517,$1000-$10K
2WCHpLEperxxUMP8yFhHUUR6BdJndMLbPkJ72SgLPgkL,9267.642105965419,1137518,$1000-$10K
DKNb5YEeGhYKgL66HucCSD1xo96YWq6S1sB5ejvkJLB2,9267.610852214744,1137519,$1000-$10K
3ZoSWAzJ7M2Tku2HZa2pbz3A7aXE2S7o2qLfPdhcG9DA,9267.600993752352,1137520,$1000-$10K
8Mmvffjf2FuLPEmj7GeuDNMtLeS93baoXDpr8mqQsj2S,9267.59232307218,1137521,$1000-$10K
2vf9EaChB2eUEew2GeatQzDujKxcLR5ULrNdwSTEkdo9,9267.590089119776,1137522,$1000-$10K
4vouahwXFfnYGw5cHnDnFGY1GynHiZmCXE1H6xQygvE6,9267.574700563546,1137523,$1000-$10K
9u1a2fsJhc2Uj7zNscQgM3VaQ23xWpnY23AtqVjtP6YR,9267.513519529806,1137524,$1000-$10K
9vvkj5ZU6YDYWgSdyHb4HWidpSGqD3LPGyU49Me4xD7R,9267.479851296132,1137525,$1000-$10K
FQWTdc2VfcGqFV9c6WtvDzUNLXBQjRGXdYbEBRJYqcid,9267.476960853948,1137526,$1000-$10K
2ZL6fDm94spZun9ef7ngX5T5ZqNwrut1cQ5YV46K4Kpv,9267.45547300058,1137527,$1000-$10K
JAFgXTnU2Y477uvCvLspWUPzMomL5ZLzTzSFXNKmbMF1,9267.45337925984,1137528,$1000-$10K
3ZqgbKLizWkhn5w3ecFc3szyEp6eaARQEzMG72qWMhFA,9267.452652695934,1137529,$1000-$10K
4Nt52h3RVvMzS2uySLxReRFUWZ9FbCfJTW4sKwTy9REt,9267.405290534196,1137530,$1000-$10K
7dcr16dSF67DJyqy6edSXP9xWZzkvjGnDxn32TPxtzmB,9267.344812781503,1137531,$1000-$10K
5fuWrwcpU816yh9tsJPykGtYeUwU9EtSy9Bzg1TyrnHC,9267.336200866797,1137532,$1000-$10K
4DX82RpCvm4RFt2cZ8ArHhRXYMyUMHxduxZwPyeWUwPW,9267.31773706811,1137533,$1000-$10K
Eua1E4hWsDGBSfnPusRP2ovDEe43oWHAUjD1BfbG9xLm,9267.311475142236,1137534,$1000-$10K
2SQAp1Gub9zF3K4W9t61BN4zWN7iCwS2voGTMdn4p29W,9267.28380911961,1137535,$1000-$10K
GsqET19wRB2rGM4fAGES3CSxi9kVHmy83dz1c7WeAkhM,9267.272145407553,1137536,$1000-$10K
79BAsmZkJVN6aqK67iBLbZz2uZugtTAGQZmJ8oPAR8oN,9267.250727116143,1137537,$1000-$10K
H3x7jvHVPfniAwA6dnLjYZLDpzLLZSoXcj3mvNjgJ3A,9267.224224014,1137538,$1000-$10K
G7Uath2Rz7wp4dZAJhCkBmedW625z97w6H4VUJ1YdhZh,9267.189571363027,1137539,$1000-$10K
2Lwk1L7bZzrmEHrMNZQANLmW8q1DStpnsrHauFKuhc7Q,9267.18685722666,1137540,$1000-$10K
BAEkG3P6rUKtHRZfGgV686F2QF8hx1prLsPsouCVds46,9267.177591494741,1137541,$1000-$10K
3f6MYsuzHmUGCSKkpXhJJ76CyqXSeqNKTSXGyoMsk4TX,9267.1714428428,1137542,$1000-$10K
GZxotMGSAiaBWu7mxodgjSBei9anHZd6qw3oZZKQsgsC,9267.12324425279,1137543,$1000-$10K
38MSNmeEEQukW62pKLiNByUyKtQToeYexGq4qyuBqtKX,9267.117140515058,1137544,$1000-$10K
96cJ2Kn4mwuk8d8Mh5x5wvh8s4B6Jwwh95PPGmDBA3pQ,9267.115410145123,1137545,$1000-$10K
FeaA4sxn8QBvD1EP9wtSvCrxF97KQTUjVkyyPQcX8JKc,9267.101915468891,1137546,$1000-$10K
5df6HfKoYJb9k8Fj59zGeB3ZV4cGyArjCPC2cXQsdj9u,9267.061496585437,1137547,$1000-$10K
AtSNnrQkKpgykxY1DmjQrx5Gbuvocv74KQt52W1tKrh9,9267.04892214772,1137548,$1000-$10K
8CiWnV5RMCoqXC4BCEFE4jKYYSY33U8kxg1oujGQ23kg,9267.035785883514,1137549,$1000-$10K
DLe7y9YSMTD7eM9gXXweDccQ12zNCsCv35eEs7YDtiJ6,9267.01732995017,1137550,$1000-$10K
7rVsAAFauLAHPzEL58VFqPbpJbQ1UqwL3hWhnUDr4k5J,9267.001736082684,1137551,$1000-$10K
3K26aDqRBYn6LAPP1MCR9Z2KvJSJHnTvFEpTmo5bcgcX,9266.966473592225,1137552,$1000-$10K
5DBRovizXk9qSMR5p1xzJs2m2FNX6EQdyeQjWkodLQrb,9266.95254035321,1137553,$1000-$10K
BpenLUVPen2fHh5b2Z9bz8UqB6D7cx7cfqpNhjGDz5Fa,9266.93210586298,1137554,$1000-$10K
AB9SvHL2dKhLqSopLFtLHPGfvVAvNxNteddKetuYuhRj,9266.92638888195,1137555,$1000-$10K
CaUmnYbApUHUTsAm7Jw7hvDvN8YSm3zVgS3xNJ6gynYF,9266.917470860692,1137556,$1000-$10K
GE3paRsyyEes58uSWmEEL6B1qxCg1fJeaEnvr3aNie3N,9266.904530398419,1137557,$1000-$10K
BoehpE8TrFDWkcw88C3Ko3iU9tNFxVEckHmaiAytSSEq,9266.898076144249,1137558,$1000-$10K
DcS5xGpogJxW2nEGtT3g1XsSGU2pvKRYJGeurvQ76nwd,9266.894674419676,1137559,$1000-$10K
Bu15QtSuxLbFs9ogoYoXEbAFFgLDWrb9mXEVSGrxMhLx,9266.892752940741,1137560,$1000-$10K
EdmKtdfnjVEkYhjmi8Gdnmw9qqzcNnrpFvHfFKKNF1L8,9266.880811398949,1137561,$1000-$10K
CEkGt4zkYSGijoG2g17Z5CAZ6ULfjfaWpHPkAdzjS5Qm,9266.849248463846,1137562,$1000-$10K
5LT89kLBMJkFxD4xDfBq87B8zu9BRTg8BiWmbD1hQJvC,9266.81936561749,1137563,$1000-$10K
3jg79S8W5y1N65d3PjKWTAxiktiUqR3SLvxkWf3Xfeh1,9266.803784044316,1137564,$1000-$10K
8Gn1KyShWnbXsBFYjAjTmKhA877PSKZMfREjUq8kLNML,9266.764507198597,1137565,$1000-$10K
AYuHyjZEXHFM9Hsh9zqRFtq8KpjgzFLsBdyW5HUoHurP,9266.741844258404,1137566,$1000-$10K
AML6mtdLRbYW546FKxSmzyjy5b38AvbRrn4VBbhqF8wh,9266.7414965863,1137567,$1000-$10K
H7hGexNcxz3YudVbu2Vhwnd2mWCJ5FvhG3d2SfN8AGGs,9266.737764171872,1137568,$1000-$10K
7LgMr6CFFXCUs4i3yV2sBvfNfQXvT5mMVb1nsvVtgfrV,9266.725792354711,1137569,$1000-$10K
J6w968kRuAvAz9sQ4iLgH6dpCfk6SX8GaX92HjdEVNQC,9266.718630198651,1137570,$1000-$10K
EaZ2oihrQNwJQX78BiFGAZ8GcEYQwFKwYfBRS1qUdHXY,9266.696813457213,1137571,$1000-$10K
CCqBdVSwo4Yh4XJpgBZHMGXKtKsdUqAdogMCgrDnZs5s,9266.65698754448,1137572,$1000-$10K
75QEUz7ZSWrpujtxAYga9FYecU2qhVxxuWafmykbtVHy,9266.650871964068,1137573,$1000-$10K
HyT1UFvYJdCb2f6ryLkjC5kyNM4VPTxUaCgmCf4vMxoA,9266.638033800165,1137574,$1000-$10K
577vEjsrCCfcw2nPc86UV2xCbyJvwYBisRbJXesZxBdy,9266.63124686457,1137575,$1000-$10K
E3QtCeDgopp4ccy8oeSpJ7YUQMkfZZa69tnSzxZuGJTL,9266.631094049022,1137576,$1000-$10K
GpNV3s6rWcC3aZjtDBq2C4wGq8nuC4D4jaBPTF7xzMFH,9266.630798561473,1137577,$1000-$10K
7A1bxYeaPsTz6VEs2c7HTVhndXFrib6PpKFGPkrXupTS,9266.607134977965,1137578,$1000-$10K
F2JZVpyyZFm5XhEXS3y6hS93pSNnX5ZmnmPJ7dR7B5PV,9266.606848387688,1137579,$1000-$10K
5khbYDfmVcmQwWWrLXFMSNQAFwnkW77u3XeaAAfud84G,9266.595742202298,1137580,$1000-$10K
EygEDpmDPeoeYkC31suEba8sjdwqY1LJ7EF4Wf7Ve5ky,9266.578259015112,1137581,$1000-$10K
FwwWGhjij27e5szdKKHK1aC2y9vFjzEeN7n64xxvKSso,9266.479121729553,1137582,$1000-$10K
8xJwCyrJPZT35kpJPiWsPg2jX217QTorpBpqr1HKMSav,9266.478216109346,1137583,$1000-$10K
HWhYW18PMvp3pb1nWZosto5TJZAto6Pvh7e2fhEhCbyC,9266.474977857759,1137584,$1000-$10K
5Cn5N98okGF9595ugdziTBEAMZCGxUid78CqTZEBkJ2Z,9266.468653447317,1137585,$1000-$10K
BAx5nCUTXVV5yE5coYfsdPM8eDNnp8Sm7J8vVPDpqwps,9266.460208389164,1137586,$1000-$10K
ENEEt94et2kX7bv91PC7BhznKD1s6b3VARPNuvVCsioa,9266.453619564545,1137587,$1000-$10K
5uBxWVzHmyFNxVSFPh2bYrsGotw7gVQUxEbeZCpFCLuA,9266.450918320283,1137588,$1000-$10K
9B2oKKyPdC18iGLqxQrcKZjj7UfGZCt1i8dCjTavFqrK,9266.441052609247,1137589,$1000-$10K
CKNQFydUP6DqMjtJveUiUWtKLoke4UQT8SY7vzTK7Rat,9266.417617081173,1137590,$1000-$10K
6VVNnJe9HtCT2KfzEF6YhJc5CxMfhKee7SbdCk2pCcCQ,9266.412930135331,1137591,$1000-$10K
58wEqmK8BrenDTaLUxHqQLYAPbgqSM8JPoqQaT5j6wqv,9266.34689170677,1137592,$1000-$10K
AfgMnU7PVWatFFAYrDKzLaS7RBfJiBe75x9FoqgxwTc6,9266.32623227499,1137593,$1000-$10K
7VtV9RNoJNh4NKtZfFpEAGsUyhwwKdPcwzn2TAkY1yfn,9266.290576481002,1137594,$1000-$10K
H6VSjentE2SYuoJc8rYzFkuuQ8GjZeARpEJCGFUb1oMb,9266.283114520453,1137595,$1000-$10K
EvZFtvMPNZ5rJaoGia1SDn34irwujSP74WCqkQtoGws7,9266.213307679305,1137596,$1000-$10K
4WfBCR3VBCytxUQqdv1dQuirTzWuzvgd43WSGx9aQt9y,9266.209018453808,1137597,$1000-$10K
EdTbSEjNDGYWpjRJzPfvzkc31g4R55JTCvphKBJWsYBu,9266.196387060967,1137598,$1000-$10K
CcHs2eDsv4D6yrzE5VjFbU2cZSTajpUSHGCxyTkzqgHL,9266.178729029749,1137599,$1000-$10K
B88FJotf62FurPS6wz4Wxv8a8nDKB3Ufy26HUuuuhzLA,9266.153958318919,1137600,$1000-$10K
7Pa4znPuitrARrLe9XvoTSqoZQ31CVqFcqMcr8vxquH3,9266.123800744368,1137601,$1000-$10K
FxAhDzbHeCC6DLqM4rpE2kU14ViZDpXV5gwFQoRPFTye,9266.119569733,1137602,$1000-$10K
8YLQrwvPT2Uep34xJEcSuwpcbodd3zyuAgpbvxFtPqeQ,9266.105051592693,1137603,$1000-$10K
EtVLDLHmSZ3KP9quh7nkVucpBdpCLpZjuwhnw6L4P7qS,9266.100804672378,1137604,$1000-$10K
HnG5CH6W4awGAyn6hmhnUAhtM5i7m1wowkcdZSAaJtjw,9266.083440754477,1137605,$1000-$10K
WUh1qbaEq27aV9rGAYg2HmcvouqcAR54UdyTqYpPvw4,9266.082594327872,1137606,$1000-$10K
5wLiE5jW3Rjo8Qzw5C89Ri5kPCLrAUB1wfzd7tiCEhE5,9266.081771014646,1137607,$1000-$10K
Av3kHGmkZ8tvwFzvbvxfeNs2JdV5d8XbUjnZpmcGc8FE,9266.068635732569,1137608,$1000-$10K
JBsa6srSnCgRhBw6Q1it7oH8Na3YcTmmwKwAEW2XovEb,9266.055508439695,1137609,$1000-$10K
Hd7BPWLADTE2n2s4Wr3oXVHi7Fhy7vXiyhExgDg5ZAja,9266.053334668208,1137610,$1000-$10K
GeFoSYtBLjGRka8PvZjD3JbjPYFwpEZcQ6pgG5nJzVEJ,9266.044922654271,1137611,$1000-$10K
5foUQZxB5HSN4DajTrRhtsUab1yxrNXUHA2GPtAQkEtV,9266.040850950258,1137612,$1000-$10K
HUFbyw4ZufGMVHKxnxGAr1TvkQ3yXHmXHzFaYh8TCThi,9266.038285960625,1137613,$1000-$10K
Cz4UyXe9Ggg65DLm5FJwnQBEqy9QXai4UJSmdJAXq7F4,9266.030969293184,1137614,$1000-$10K
Eb16N49SVsqnGBSjQKXAUGg18JmiAhJh2ormrmKawR4P,9266.029711123425,1137615,$1000-$10K
9diqRF3GKMWpXpbUVtsXFThcE3t8xPTnTuyehDLdjyek,9265.997280549444,1137616,$1000-$10K
AVKkHUWFKJPCwW3CG8kvM68f3jo24NFqjp1aEBZfEvfM,9265.982585861884,1137617,$1000-$10K
GNiUAwCoVfXQuZ7gL8rMNq3Q2UT3TcU2skpKDN38Mqg1,9265.967061563579,1137618,$1000-$10K
555jGgV6M5t5MFzGzacV8yEESQnPTSp7ANKTa19RPXCu,9265.96637850214,1137619,$1000-$10K
DHfrNSEoSF5EAKEBKWL85EXRMbwPreGn2KoyXRiL2ebz,9265.9420807675,1137620,$1000-$10K
CCQSSay9s3iyNbmxMH3cBkL7Y1kfJEMMuZ9VxfyVtjom,9265.874309447618,1137621,$1000-$10K
BrbLUErTvBkMW1hcHE3Q13gEhzVBwDriQdyTBJi1PdSG,9265.854942310165,1137622,$1000-$10K
3NNbzeScHDvxSuD5z4wd4Pma8KwSKyWxVFKMcBdsPXwf,9265.844323967774,1137623,$1000-$10K
BAQRoqxddpFUR6Nj6oy2ez5TH2bKV6zD4cY7UdMdgsoJ,9265.836840095257,1137624,$1000-$10K
FQR9H3doYKJAXhe37qwScfhZV56CWDhvCjngnSzxLxKD,9265.830601647314,1137625,$1000-$10K
8yMdorMqiVRjJiprKQd3Ym1W4BabjXSfHkt29PVzVrzh,9265.810193242402,1137626,$1000-$10K
F6x7vdJ9XvTHth8J8Mj8YPVbrTjAqx4ES7ZqBwBPMJmv,9265.804477140755,1137627,$1000-$10K
3F4MdUeJQ7sNQ9AsESDx4sPy5sG7NDTpKVK9pETZPasj,9265.79499485507,1137628,$1000-$10K
4gcEXqQcKqEHxMG2dveKkbBCo2koo7MZBDuUsvzCcwDw,9265.786351954008,1137629,$1000-$10K
HwQkTAwWmLuEX12AKSKC6u2ozbhNn4RFP3amE11jszyQ,9265.77642373934,1137630,$1000-$10K
2V5cG3SLmFn2Q2c1NkvpcgtKPxASA9brb3mQRqCmQfrp,9265.774377314756,1137631,$1000-$10K
84sniW5BGaXGhysRrqbxj9N76g4JTY6UTx98eTnfLgEf,9265.768259593637,1137632,$1000-$10K
gxdex6sA3zgkwBuMotnhuL35NZhgspaho9z919kJtTV,9265.765052325367,1137633,$1000-$10K
3zmZYtPh8BX5dZdwsMFhtknmXriaz3Drr1r1b2eSdAtK,9265.740072681912,1137634,$1000-$10K
24BEmeMRjvK1VVz7fXCoeK3CJN5YWxtdC4BueYxtP6bT,9265.739913324222,1137635,$1000-$10K
F7Qpj4UHwQcorCcmrJ54kYiEdg7UPeVMq9TQusNzirBF,9265.699196553558,1137636,$1000-$10K
6myF4UiBFWT5Kt4RSSrnBpgtqofxiC9oSSppRKSZpDjo,9265.698293250336,1137637,$1000-$10K
8ZbUzarnWNWfrQ6mjW62KynNFQm8wpVEbkTtC23xTgSK,9265.675526009047,1137638,$1000-$10K
EqSVjKYQVqJfNaL22iTs4abDuJmDGYdfqhy1nc9PMdfj,9265.646609654183,1137639,$1000-$10K
9CJxUfTg8uEGDFpGabTLsbesUySgmqMnwmCDN4oFv98a,9265.644574573773,1137640,$1000-$10K
6wgTb4KgxxUSBFRMpujK4vCbB548ZbEdZEaqFB5iwWrP,9265.632184396929,1137641,$1000-$10K
7vfW5V6iCaei9rZT2AwqEg2woGmbA8FM2rLgWi36ZZ2U,9265.60358647074,1137642,$1000-$10K
95kRPYEGgSwuJHeFRMLGinmx2jiSJFkbezKXtC4y1ePH,9265.597707367315,1137643,$1000-$10K
HzRDVd2aStiXxsrMQLyfM1Vu8KX1MxvLBssgxKPS5CQu,9265.564330706868,1137644,$1000-$10K
CJG15hkFPsKZnKcvRLu4s7okv7oe4SBzMcEZZ7ZsHfc4,9265.5390822743,1137645,$1000-$10K
8NirHhdgKMWkNj6vcQadpEpr2613qqZW36DCfrWok5Ej,9265.521171977163,1137646,$1000-$10K
At2XKfEjCZzChm4Sv7oFBcZrEaQpaEETDtSAyPQff4te,9265.488097542153,1137647,$1000-$10K
GcoukG1mpiFSrXQKbyi8E6HuogvL8XiB666v64bMgNZ3,9265.463101101635,1137648,$1000-$10K
2t23X6EbQDKme5ryc8oShbFwJA1R2E1bP793zbKvnqRk,9265.462965846527,1137649,$1000-$10K
5BL9dJRpEEt2y7WY46a827jW9TrLpcd8rzzoi5KqkEpf,9265.436564774083,1137650,$1000-$10K
7KPHT4PmjdaK55nQp55K9iei69hKJBeqJpPYSvRSpV8u,9265.436453162101,1137651,$1000-$10K
3oQUuf4Vq8PNfey2LYAkpRVgF3asb4Q2iHbZrsXmZPR5,9265.41259677158,1137652,$1000-$10K
C3Nuk2yz8HDdocdnanBtL5x76GKhCscXPnEwZWfb2aBQ,9265.358815269814,1137653,$1000-$10K
DcaRh971kwzrtaARjhgpN3bbDXesptPkCYEQUQTedzNZ,9265.355736210611,1137654,$1000-$10K
CowTubGN4sUaSKoRetGtiryM8wNHHMpnjc63z1DP8H7j,9265.314326151352,1137655,$1000-$10K
9ngUurNpMMKp7K3SGd42FtrRRVEzKW4NqedzAz5foTmk,9265.3119679237,1137656,$1000-$10K
HnEouBGdQaMiNu4pxJk24CDXAsthFRgrHiACJedfQHPL,9265.3074727965,1137657,$1000-$10K
Aopn78Y3Zsvqa55vTeWdDm1T2SPH6KSUgnfUns3v5fpB,9265.289917587834,1137658,$1000-$10K
Ejt1gjVFdRYxtLGcwyYvFqZbt1S2hwybACbvV5N6YUV,9265.269808654944,1137659,$1000-$10K
BWcLuwwSF5aPn3dLMfSVRteURBCTM9nh5JZbEyX1uZgr,9265.23500385052,1137660,$1000-$10K
9FkDnTNGBNbmiAu6SKW5ekBnnS6yLLemjJZDvbx1fL9B,9265.223551936593,1137661,$1000-$10K
5S7fiviQ1YgUVYdi98nEwfS72UJufHjCVGkVM9dymzeB,9265.208575447983,1137662,$1000-$10K
7JE3ghyUbXud8uq6Bg3VPZv7ixJGtYGxkVSbtDYmZFRb,9265.208352363807,1137663,$1000-$10K
Gev9EYCG1oyv1ALeA7F2SiWynfHVXFoRMh623F8rcpvJ,9265.196199121245,1137664,$1000-$10K
Ao52ETkPfniTacPiEsgzVHyDMWQtUJjM329FCDXdzK9H,9265.195734963703,1137665,$1000-$10K
Hdpqz9ytQemqjKsb4xHtjfQk8Qrg4QnAcnNVa8GEQj1U,9265.195621429619,1137666,$1000-$10K
4bRBcpPREhsiigXSwaXA44fxQUHhjF7dkvjtUQKHoDEi,9265.15706126521,1137667,$1000-$10K
AEkqnBWFcReD53MEzMu2y7TueRDhsfTFYmCPnDtFys4n,9265.104203321787,1137668,$1000-$10K
5KJn4FcY95NJuXatSZ5vYVRbBdyPHDcR9BGbJmYcSirn,9265.084431275356,1137669,$1000-$10K
HzTsTNy5LfuwrEnUiS1i9dnKVgXzfJADE3jUsp68QPPo,9265.082814213905,1137670,$1000-$10K
7cBAAyumkFEQ1wZvzJsMEruqMmQ8G3uy35bxK6GErXoM,9265.079321676816,1137671,$1000-$10K
Fcvd6WEiKyngFRPtN7njD3andWiu3kTPveie2PA7ZEYs,9265.077292169408,1137672,$1000-$10K
BySScayMr8vL7TeQSqgL9nxHjkKgrUBDY59tBnPjUFL4,9265.055684695322,1137673,$1000-$10K
C2WM7kNDJQ5DeaQ9HisUmEBBE5zAof454QyVSdLLLTG,9265.049211696232,1137674,$1000-$10K
7L8zF32xnLY5PfmiwJDNha3oPpakuZ9PrJ2XtBrRCCK1,9265.036035964786,1137675,$1000-$10K
99UXcjWbx2P5J63QbCW3t7PveVRavSJHTMRQuJ2aXvg9,9265.034600729585,1137676,$1000-$10K
DrF2JZ9GFFeTjFNhZAA8frkZSW7QVsvfNuEzCp1FJdGz,9265.030678595607,1137677,$1000-$10K
C1p162naPR7Tmgf8cRy4TsUM5unL8zX3SarQ8BDtDsvY,9265.010611601803,1137678,$1000-$10K
9iNg7myo8VbZroSqR91pk8u2Q3e24v45uGHJwJxutoJz,9265.009952655764,1137679,$1000-$10K
BS492miSbQ3p5PHFtF9q4YMksNcSB8igPPfVGo58ee96,9265.005434370609,1137680,$1000-$10K
3f5kdWN7e83PWbeqXp8R2YkhKiNNCrn2dWAyug2cUkSa,9264.965393489152,1137681,$1000-$10K
5G5UquZeUZDkXzjH2CoZdPCK9jT9oSkJAKxVDs1FyrE1,9264.959787771853,1137682,$1000-$10K
5xTqUhstWTdYaRRbXwomj1vHBauxgJuacqmCfQjCkouB,9264.955997476984,1137683,$1000-$10K
Bb6R6KNyXR5F18SMTWYYgnP3ziJ318i2q8apP3fgdUBh,9264.94365480625,1137684,$1000-$10K
DbLxdGERxEYrBncvSWfV7N5GHqQuXkbKWn7yek6mcMKA,9264.933091530289,1137685,$1000-$10K
39MKorcCetLXrDRrs3QspDVX8URrkqwKJCtLZAgbsj6A,9264.925016542316,1137686,$1000-$10K
AubPM2J8hcATAgh5AsvhFmXtwGd4q4JwGG6EAMZQCsUG,9264.922067136416,1137687,$1000-$10K
CchWrihfM2o3nekpBzUKvruHTPTujap68JiLHWKc56yw,9264.895602675619,1137688,$1000-$10K
78LH5J2aT2HqfbiDJgUhnkrYvpcZwMxec3EMNNCpfJ42,9264.88479753067,1137689,$1000-$10K
Gsoz5RH9MtwMXJG9fvjdPUE2wBzoBoGPQ9c4qaEyinrw,9264.87676849318,1137690,$1000-$10K
AQKvpq7Lwogs5xBHfy9Wd3ozzeWos1YzqbPmRw3kmUHc,9264.862579449902,1137691,$1000-$10K
GbEji6xPAjyPnsP7C8ig6UZWASM6bGbeGoGf6KD1nuCK,9264.85063850428,1137692,$1000-$10K
5K1LApD4RsjsrJNWTjYw7KNcFNPQvaJJ19XmecwUSkt4,9264.823800203892,1137693,$1000-$10K
DTMG9VaJSp9YiuPyQLDxoZF4pweZqJGBMBF8PRTyVdyj,9264.815976631779,1137694,$1000-$10K
6Te24LqAwzmFnFACo6WYLYedQCcf2RgYksCXgRu957yi,9264.811482934076,1137695,$1000-$10K
EqCQHN7r63t7KLMBr97jV4AYnw9BeGR1wPW4sn3DJi9W,9264.797609364776,1137696,$1000-$10K
9bBpmReWsBJHjACZgbQMDWzGGdBgQbAVUcSTP1bTf4id,9264.772762682856,1137697,$1000-$10K
2GFx4QBQpXAgfTUrFUNaxpJxffYcWmpKJxBZULDwAceY,9264.76246552495,1137698,$1000-$10K
6HCfZEY8upa4cm1gQXiAaPNeLcrZFVBFpWhAcQPa3emo,9264.751500273378,1137699,$1000-$10K
D5zNJv8JVzb8bquKBP3sZ6ooNesefMiGYeWD6StvbzZE,9264.72576570551,1137700,$1000-$10K
CaUtiPYop8rnRVZqunW7yott1QdcKquyhLWYAB4AApZ3,9264.71090838041,1137701,$1000-$10K
Ee9rtZ56cYeb44g6CyBdmjV4PkKAwKK853VCcDy2bhCy,9264.688714054999,1137702,$1000-$10K
uhWmB2eJVb1JGPuurorV8bYASHQmJTD3ACt37Esosc6,9264.673682016848,1137703,$1000-$10K
BascgVTU7cb8JvAewRpqEAXKRYw7AeSG6gsBdpA6KGdZ,9264.656992894534,1137704,$1000-$10K
EG53PVZnjGVKtKHVjGDc4Go5nokbwLumSKrE8kM35rpW,9264.65655452152,1137705,$1000-$10K
GRuRHWeuhtb7MgWpCpkSdCKZhUTzmCGxb4cPf87dg25E,9264.652918185024,1137706,$1000-$10K
zTxZYxPqs2KDuXA9TK9zeLHNpJMHC2zb1eZiScnS4hf,9264.632393729667,1137707,$1000-$10K
7LgWBds86HNWS8SciwH9c4tPb9yCr1s4FvQpdVGYDZp7,9264.615518429351,1137708,$1000-$10K
C3QpiYmUSAV67b9ZtbqKR2pgTuDx6eR3XwSUmnC5hvgU,9264.572878006933,1137709,$1000-$10K
Bh2Ugg6cJkMWvtB9YPvNC1rWhTu3qBTjgHAuiY4j3hfR,9264.545174398161,1137710,$1000-$10K
5jSGBYXGzkwpwiq7FJ5BCDfGX6HBxXTtRPJqwf3b6ta2,9264.53834760542,1137711,$1000-$10K
2x9h5bq4dLBZANx3dtuedxPrmfSf3xJFKhorGjtHvZYE,9264.536301283475,1137712,$1000-$10K
AgjJDn14fXrdQdfTvu4isGyNwaEjna1e3ic96FME3Ldw,9264.519978279457,1137713,$1000-$10K
CyZcKooUuk9UxrdTvtjtKAEB9w9Nahk2okqBteTyAw9,9264.498071876875,1137714,$1000-$10K
BPCFf1wHtdbDD5N7ZM7BdM3aF1G55Ty8HCjkDLetDmM8,9264.48337722045,1137715,$1000-$10K
AiDGn7XhwmqMk9pjAczNyJx5RkwEyyjYRTyt1FSKc8cC,9264.464343026335,1137716,$1000-$10K
8YyFdmeuSGTEKJW7qe7EEEEt7BUdfeLMsAPG7Dxsx1K1,9264.45901720107,1137717,$1000-$10K
83zh8Q4zndF6yGiSPrKpMJX96NnAG52zanFMwWgcyqVK,9264.458373856502,1137718,$1000-$10K
6tBDn1bSVBSbxLeA1457onQ8Q89pRLj8fonBQrNcXivz,9264.439643848982,1137719,$1000-$10K
CT2XSceVTzEWM9Jq5pg5ESAKQaBSzSatTqVXHoicnpCe,9264.412135161348,1137720,$1000-$10K
6dc8tcZn8wUWiQJeyQVLQeeU3CVLUduoPVtkuuVuUzg5,9264.399352955352,1137721,$1000-$10K
9iNSbFfi1HezuiRDvJ89DSq6Uv7yMAhLodWjru8YbBLb,9264.390283653913,1137722,$1000-$10K
HRXSjM2L8BzNV2ibW1TUooFDYhiVtwQspeYxoXxHtJBd,9264.348931532062,1137723,$1000-$10K
FccmgMr3ktdBT71GRyivB5GVH8aj7rmCMGo3rRc7zsiJ,9264.34767436804,1137724,$1000-$10K
99376eBb6J7WoqAQfpocKMMA6N7KbMThAnLHVjNvqKdh,9264.338227639597,1137725,$1000-$10K
ATYtfhspfX2s7THL7BtAEwEXyfF5znuy4hpwozZRsnSQ,9264.329295587828,1137726,$1000-$10K
4MJwsV6ERkwpZgt7UrBDuZdFyDXHiHo8R5uwjnjTp4gJ,9264.31025931159,1137727,$1000-$10K
5wBY9cfW1dHKqGJ8ScF5hzXBhSZteAKgKXAdcFc8jkQM,9264.296992120582,1137728,$1000-$10K
8qYhBRjy6H6PVgWyaorNCiTZhV6UgNXrUBvxKRsK1wrf,9264.29303976696,1137729,$1000-$10K
6t38jSDnkaiFvG1cPHed8j2EsYXe5FrxhQHmDBuNSnPp,9264.291038984331,1137730,$1000-$10K
DVDftoxUMeEHLN6tLcxciPhJowPn9YCQjo8s4LkLeYY2,9264.279438157319,1137731,$1000-$10K
HddUUg8shR8Ktf44vC8RJV8Czhyt9EiCgDeq4KRdWgcV,9264.276494356038,1137732,$1000-$10K
4RWLQyM9n7VX9iTmSK5XX7UzeiDtfErnEey2JjrmJrXG,9264.270199759863,1137733,$1000-$10K
7XAeSL4nRm3jBo4S2tW3mALqEHr85NUNYbrVryxKtuJp,9264.260253682165,1137734,$1000-$10K
EbmcWk1EF8tfZeXrxzSHQGBaHcJ7dYj2ZE77xFUbcoLK,9264.256235295672,1137735,$1000-$10K
GnHd38Tub8YCZ2CooDTaybJXiKTuUVzXfKSLxbuFWr7A,9264.241224289768,1137736,$1000-$10K
5wyEP7oewzrg6dKX8Fuu8r8pCC162x8xsiMxEBq5EnUW,9264.233489787846,1137737,$1000-$10K
6nUXiTJvzR2KqEYxMJ6SWyuDPqJXTgvefjUz3bGJ26ow,9264.223184029757,1137738,$1000-$10K
EMypiY9ZSrqnrTvCautUhjuo6dYEagPim7P8yhqv4J7h,9264.204038932063,1137739,$1000-$10K
DFpXHHWjhqQAxs8biPF8GGrTprBHEfizKgw2LjHNNCgu,9264.169481455503,1137740,$1000-$10K
3V5KjssVX6P81ahCf61FdzxBLgq8hJgiXNJ4ZPzKQa1n,9264.16465500875,1137741,$1000-$10K
JJ25LyUHuvmVpYpNw1v7RTHAUXSdGT4hRHRxRqvUBLD,9264.077401936316,1137742,$1000-$10K
5pTBbM5WTdoAhVjsicUtv17tpnJNTtKk3FvNNLvf2a6q,9264.073182120477,1137743,$1000-$10K
3ha4JuMqTMTzRPSRzD7zkzcjj3UZuJMd5VvXAUKbjwSh,9264.058367156687,1137744,$1000-$10K
73KwwdhH5KgPtG144XMmnhPRs9ydi4XrHh3RHUw5k2yH,9264.055617856064,1137745,$1000-$10K
GDsWXsiyAoVyef3GYNnpZw6gdLZJ4n7UMx47pgPk2vyR,9263.989582423459,1137746,$1000-$10K
CzqxPaXv9bfU91AJsWDDK8a2m9XjqZBsAT5EKjUP9Pea,9263.955095495157,1137747,$1000-$10K
334HXfyrp1urpNHaZSbkvTYM3y7Ff4aCi4KYRizFhcrX,9263.951719521645,1137748,$1000-$10K
6yf8Kv16s6Pa7pTahEkYnFtBAySMVLB7ipt4SL4dNYSs,9263.90760206818,1137749,$1000-$10K
4JsXK77xrKUiNV9yNxpCNg2tGNdwwcdoQfFxo8DFsApL,9263.89856015237,1137750,$1000-$10K
FvBjnvqPT2mGqjubyWMQpfaMyPCjmK9EqD1vnd7N2vTc,9263.893526138989,1137751,$1000-$10K
dxTLeqkPRfwD2gZR62nio7xC2ojViTKnHCzBXsBcrQM,9263.833272238506,1137752,$1000-$10K
7j2tVgRW7QGLRnmcTo7dtUN6Geu8U8wJP7JemPYNSCV7,9263.80432006885,1137753,$1000-$10K
2JPYdVXP5GSb3ZJRdWCVDJiYtCoEgoAur5AVHS2qYJH4,9263.801199794936,1137754,$1000-$10K
7DYvm6f4qBvxBv3oSHSV4RV5NzQf3hUhTLEA87QLFd5i,9263.79758968863,1137755,$1000-$10K
7PyEWAsvGafTZGZ5JouehArVZKpeLqyZZJURk33yFexP,9263.79581262625,1137756,$1000-$10K
EF3HKLMrkZJ3kxKK4o9j1gKi3tpjMzFXJkqmWoonrspq,9263.778027768905,1137757,$1000-$10K
8a6LvMZjRfG16A7tkWXCijJXrMb47eAUgB8KLn4vuPd1,9263.766201289242,1137758,$1000-$10K
7xf5XbQgRoGeikSmdvwn5A9xLbZ8HvXoEJqnx2wH5z3n,9263.756094730288,1137759,$1000-$10K
CjfjMM32bJqvQwG5c7TEs1Fzm11oRKWoCTT5EPs59RrJ,9263.740894023393,1137760,$1000-$10K
Eh8nawgq62bgqU5whStx71jwKB5DmUCfVmxRqwi5j1xB,9263.732603915449,1137761,$1000-$10K
BH2s92XfCPVLQLXmwrgrhpwG3aMAu2e2ZQ63HMAJURji,9263.689668445442,1137762,$1000-$10K
3qF1dKDoKMALzx3M12TRBTkH5wRSrVa25ZFYJR28c5Ld,9263.68401198956,1137763,$1000-$10K
JA2o5HQByDDRWj3J7iL536kNCu9RprkgezAw3LD9tLbq,9263.68396979622,1137764,$1000-$10K
Bo7DPUhHYyKusbBMAHwjNCWqAP7D8875MiGCCFnCHktC,9263.662605688118,1137765,$1000-$10K
3MzD14sZybx9646Coe3MPSKb2zw9s18GJntejfpEpsDy,9263.654043967535,1137766,$1000-$10K
39mA7GmnqUmyNbCR1SfN5yq3kMTRynpU5tdi344fPmCX,9263.651171802896,1137767,$1000-$10K
GqmV2NvoaWkWpdKozpxDJreu45war3sNph8jZRH2kkEQ,9263.642278679516,1137768,$1000-$10K
BAHj3BjUx5RtJgZy91xcu8QrrBrysndkcvK1u5ZytYie,9263.632,1137769,$1000-$10K
DHHDFCkK2MGpZ8qfWox1acwaTqhhZRfaK9i5ELL7uYUg,9263.63039331703,1137770,$1000-$10K
kAeVVm4mfs2iE2fiKi9aqxkiesnguUbp7pU7Q6ewBn6,9263.610079057122,1137771,$1000-$10K
3ecmFWiD4qj5CNvn1sueKvdrE1dFJLGkHoeePiTYNje3,9263.602560770527,1137772,$1000-$10K
3h9q5zHCYczVjJffXfNJm3o6MQ4VNrc4TK8rsuwp16Q7,9263.59811178698,1137773,$1000-$10K
99CmhVag1a42CyfVGEhyR2eATe4Dtszf8ATw7u6LMht6,9263.596055456203,1137774,$1000-$10K
G5CS9eBsdRwvMZ72P8HjqEgJz8g5pAEmYUAxct2ocA8y,9263.549103330311,1137775,$1000-$10K
259tQUqbVHdvu546YpedwXwU3twwqKtbMgCfdPyzvuet,9263.519069213284,1137776,$1000-$10K
CfVxwD86myFGw7spQpAHk8DM2GNQEnFhjks7RGb5Vy2B,9263.505112075823,1137777,$1000-$10K
GzYoqRKu9FmJezVAkcFo3VKpskSBABkMvNGrvMP1Y8LG,9263.48649902836,1137778,$1000-$10K
24tb2B7aj2y6pFLJ3ihDfPGbNbDE6ACGYzgtVcrZqDnv,9263.457813069326,1137779,$1000-$10K
AatzdbzmaGWmRbEEXzo6DvsjA3MMWF2qhvmP8hivxBrz,9263.442445157874,1137780,$1000-$10K
BQobxLyZiiDHGFW9UeCzmyaX5cepfx57pgXj7kjivRwA,9263.410924227019,1137781,$1000-$10K
E7wrCpQC3XqQHsWdMtwfNG9SozRpbg6v29wadxpWSBBs,9263.407849847099,1137782,$1000-$10K
7vZSQotcBM81CwJrunFtQsAzk4UcH8pawHgDTTrJRxLG,9263.402075849011,1137783,$1000-$10K
CaVMoaYgtKnWHC6EfzH6PrTHjaHkM5NZztTZfJB56wQN,9263.397976652108,1137784,$1000-$10K
BMdizjHunvkG4qVGbyHfXu1PhMmyxQamhr45iUuHRbDb,9263.381333802765,1137785,$1000-$10K
BCjbreTjc7HaamQgxH2sb4dqYvEuWTvjQajm1CqUN1rC,9263.357563536038,1137786,$1000-$10K
BS3F3Rsa95QAkuEyXHT8RoKyWBDzBmFumJDBmcYG8t8m,9263.35671185529,1137787,$1000-$10K
3fae2njzsMPDjL8uqX7QQdY9PCbWQkLneZyHD4ghATv6,9263.311472155478,1137788,$1000-$10K
EXTCR6YVeGxMEsRNj7FhHiZiQWDu93Z57gj9U56ApKFW,9263.30011678902,1137789,$1000-$10K
AGhiSharTa1J8LVQoP8XB3VGbaXDkyFBsj11ktc3rfU5,9263.297644933915,1137790,$1000-$10K
9MmHfW4xXzECR4ZbmYKAZs1UNnqFphhSi6QPXppddg1T,9263.252536146741,1137791,$1000-$10K
3EDMPcDoeUCcuSUZy4kaxsDHv7eV8xY1HZ6jsP1HREtT,9263.240050588469,1137792,$1000-$10K
Ffm8jRUfHB9nWMbK8E3FKJy5KQ5CrwqWLyHaXXKgskqG,9263.225929948212,1137793,$1000-$10K
CPBVZuF3nMx4yTAZiG6b5QsnYaPPPzo7nkY1iAvvWXUV,9263.20130475497,1137794,$1000-$10K
CtELbEEnBAzpJQ9PmpUm933aZhdsdDn4iPLgGn7TWMv5,9263.197635762936,1137795,$1000-$10K
B8EkvhJQqA8JHBbQSLSgQ6G8MAahzJsGcxJ5DHhD1914,9263.172142064552,1137796,$1000-$10K
8c6u53fcUSiwZcX5R1q13BNCe6LBoMcSyKWtUdUgsnKX,9263.15922123292,1137797,$1000-$10K
z6UxHrco3cn1q7VsKWXLJfhYQeiG1X1hLj7rk769eBi,9263.129534237409,1137798,$1000-$10K
ZqENykuqWp76KjjP8ZDty9BX55qBWy3XTkZJGRDV2zj,9263.1248242668,1137799,$1000-$10K
DsEE4jnUtcoA1FocfYrPVXWcvEqhLoEXE9FRZri51NS9,9263.12340701021,1137800,$1000-$10K
8AGcnAEKvUoBQ4wAJjd1GQjFsrW7k7bcus5fWRu2FuxY,9263.104135112479,1137801,$1000-$10K
8sgzFMj3G42Dw18LDUawm7XGP4T9DetLM1LwiDeeanmb,9263.086267257773,1137802,$1000-$10K
FDAnM6irpnPdQ4LVWqd2Yyo9ZHWSaZuCgTvx8j3wc8GX,9263.085840928796,1137803,$1000-$10K
Grbsc6csS85iCJjhPygp6grjGuKdAo9UYLTgc2WuoWC2,9263.085704324636,1137804,$1000-$10K
AqSogpMANar1SAT57g2RsxrRvo1kSN122HTdoYUHLrMZ,9263.0810994155,1137805,$1000-$10K
2dtDBGfuNy4LAy3wy4j2uSvtTgge6mbg9sMotvmWfZv4,9263.068361043226,1137806,$1000-$10K
7PkPZH7spFeq6A27aQo21r1VwgUNDhCTUvZCFU9QuNSr,9263.064706988464,1137807,$1000-$10K
ABJJC99PF8mpNCk7bF7GGRjWv5QLtrznBDqZESZQU2Fp,9263.023929468385,1137808,$1000-$10K
9qsoSq8m1PETsZKbH7i5K832vWmhrxhPzDkQqcPeD1BV,9262.996722098142,1137809,$1000-$10K
2JA7Wbr5kyUrQ2sVUpxC5uJQGW1JZxhGVFiFL5jXb1gr,9262.936975453023,1137810,$1000-$10K
ABYrewQSECN3YuX1PpHMNFiZnkasgBMKP3u8y61rtaqQ,9262.932842319608,1137811,$1000-$10K
7N6fp56ErBNGMANELim7cBqEdWWi42WSmSTgbUVZKEXR,9262.925101435947,1137812,$1000-$10K
GsSDriDdxtU8ffJPRD1c3aHEvSJ2A3oo5sdjhdUsNyiE,9262.915387016708,1137813,$1000-$10K
3eHXry8aWc6jSdFqazW3x2WyfrwttTBg7c3uDKbBe9c1,9262.900487750348,1137814,$1000-$10K
GR3MUevPdxgK1rMRLjqSqLERnGDKaiYAR1BGihpRwfav,9262.89586044857,1137815,$1000-$10K
CJM7Ndpe13jT9QUnJ7RJQ363zxbySapAqrrP58ziKSbY,9262.880028847034,1137816,$1000-$10K
3ECpMP8y9iUL2WYCgJMbAKayKYmZcy69WMkqR3khGbfc,9262.853535334576,1137817,$1000-$10K
9n9UqsoE1KdqoThAyNkwbWhva4ZNhyjxooLrmta2wx72,9262.852035219057,1137818,$1000-$10K
6SH35NiE2VWUZNz7XtxoY19i851jjBBTkMxKUvR6YTmD,9262.846882421089,1137819,$1000-$10K
8fdGMsFUweDPMfUoWYiAXSqbk2sJaBCQjeqX5rzjG2rV,9262.84118967206,1137820,$1000-$10K
EJMdPGg6vdQotXAkrU84geVsy6G1fZ2e5TocmRobRhdd,9262.839568836762,1137821,$1000-$10K
6Sw2Kv9BE4gt3ZQPku9kdj9YFaYu9ZdTJZAdfvw6bQqZ,9262.80187795626,1137822,$1000-$10K
4XJUHim1RjVTrcn2uF7Dzp6vUDLhn9yM3rT1iJneNwrt,9262.786153494288,1137823,$1000-$10K
CYr4hXwBRSqN1LaekpVZNKFv2P2gAVMC9KxEnRhxBmit,9262.78118956094,1137824,$1000-$10K
FZdCHyN7JBh3vFudzUsGbEo8K8F2G4LwUCnXdzKEJr1y,9262.734857893502,1137825,$1000-$10K
74W92NwvchvdUxUf2ECRUY4FtTCcpHD9HuLv38e6upkJ,9262.692566628146,1137826,$1000-$10K
GQmuV4tFHrYq1poKqma8v5fS7Y6UytYUk45YK8dHKPBT,9262.656227095731,1137827,$1000-$10K
GMKeyhT5ssLXeyH12pLdnEjfspiQrHAkmnfKMWL5ZoSU,9262.654701807951,1137828,$1000-$10K
9mXzR1Z1WJTuACw6y2j2C23NRRWZfa3tvdjeAUgMwKBM,9262.6116921977,1137829,$1000-$10K
H136e3R8X56xrNr8BbpAcaeqCC4rT1AwSEJMNPU4R1sZ,9262.601723028629,1137830,$1000-$10K
6mLYJgTj5roGjhk8SfQvVGXithMfcARuMPYgaVDRDdHC,9262.58215120448,1137831,$1000-$10K
6TpVva4ZkcFNGPYQjic6VrETSvPgRu1MdDXwcTVKfKng,9262.551242030186,1137832,$1000-$10K
7gkgVwYJPg5SfppWKaDMmxk6qyS9Pp5hkThYoMEqAZbJ,9262.5433640116,1137833,$1000-$10K
3g367bBmmfVsscThmi15Za8Wgn73Yd8eJmoz7x1RfoVc,9262.487492251099,1137834,$1000-$10K
7YyuixyukQouzXRTtXywdKhy3MkSzYdr8gqQTuYj7kVX,9262.468008053589,1137835,$1000-$10K
9onCcPfnyWsjrRTja3wt9ViYaKqK5TFJDCnPdRkcZjNY,9262.45615134449,1137836,$1000-$10K
8m5Po6B2jB28z5xYqnzgshYhCXfjUjha8p6thkC729pp,9262.447263047477,1137837,$1000-$10K
5V325mRZGXv5sMFR5799yM7K8cr758MyiZU33p4f7CGC,9262.434631229145,1137838,$1000-$10K
2hqwWCX5kvWqY4JhBVRhAu4gTYxGPT3A7fVKEFPaFfJL,9262.427653557723,1137839,$1000-$10K
5VVoEc4LR7yK1N8Wp6msCdryofEPDztqiRXYh92SSV8c,9262.391392827412,1137840,$1000-$10K
5FLrrCG2dvfZ6AmvQnDJ4S2zQJU3Pa37HNBFYcvST9pT,9262.339175532468,1137841,$1000-$10K
CUQMsXB6pu6c8Se1cU3itcry8KzHbHKBaceVc8He1PDu,9262.241495138971,1137842,$1000-$10K
8WeWSchpBjke6Hd39QsvKEzkd6FxZUVNM7tyrfFpsKS3,9262.224591282724,1137843,$1000-$10K
FMcnDW8yHorndEMhxnxCuQwhgYT6pcWtvYRjfJjFr9Uj,9262.211771531147,1137844,$1000-$10K
BrpX6qiHBWK5TGuLgLnddb8xA6qxW7nqTrFaZ8LXyhat,9262.12347968016,1137845,$1000-$10K
7WoeE9vtNN52jE5p4SXHczE7EA3tcrYK9GVfFjuaNY7J,9262.08267986142,1137846,$1000-$10K
7R4hbVD5g5SEt3H2NA2j82EjK9XQcyEhWYDM1AycJVqo,9262.07738664884,1137847,$1000-$10K
6kkKTQ1mWoH6dCBNP1PNEyMBCFB86enC4JCHysYfvCC,9262.058971297503,1137848,$1000-$10K
EmsEzBevNctASsPig5bzV5Qxa32QNSRh3hk9dwxDBEJi,9262.0532845927,1137849,$1000-$10K
BGMqXyxBEjPgJuh9igd2jcZ3YYz4EptdXsFZtxjbcZy6,9262.00379953188,1137850,$1000-$10K
2557Wg6b28481y1d8upMH72NEzT3EAtXKSmUQXk9HNhV,9262.001256111704,1137851,$1000-$10K
4S89eWhYiQx4VGi426mo2x3zsuXoESe76tjKXzgSzCdU,9261.976578114809,1137852,$1000-$10K
7ZDFEhZCm4ZWU1kfgvbX3x3j8GqpSkz5YTy4S8PoLHFA,9261.94798466584,1137853,$1000-$10K
3WsPJPjV4rEZJ6yHcPYgy765nvYrJGGCi4U2E8WLJPWi,9261.936845845625,1137854,$1000-$10K
9TTUJX96hdT8Ne5E2VP79GbnsFBMBzFaoqqSWqe1qbe1,9261.89623905387,1137855,$1000-$10K
9JBbe5nnwf69ySn65Nydw8LZgFSsAS12cDZn14FwL34m,9261.88725033129,1137856,$1000-$10K
47qG5CPwaAgNWEv7h2mtjDshLZ2YGMontb3AdnAtYHfb,9261.884380622101,1137857,$1000-$10K
4VDGatQ1jLifEbd7jjDconxj26mJmwN3wwV9VaNMZvx6,9261.851358034348,1137858,$1000-$10K
75mKaB31GzRhEENbNLXxoe2rV2UBcFAit6SV3u3vBgS4,9261.809666652975,1137859,$1000-$10K
Aj5TsE4tyyAqCkWP6ihmtHYw5yDK5QUavmsoMpJn5msw,9261.765741773213,1137860,$1000-$10K
osHwkCRwWKyYSNL9WKNNvhHXEexPurq9eRjs3D6iWCv,9261.751402978078,1137861,$1000-$10K
3iqxPJP3et6pmmbSqwDMw4tdUFiFHsoqzXzbE6qpyWHZ,9261.715547230979,1137862,$1000-$10K
F7VcrREqU5XpgNbEdLBMzJSM7hj83g5vxvUpZBB82WyP,9261.704649404752,1137863,$1000-$10K
CY4abHrLvA2k4C2DiaP5ViirkpQmMES6i1S1NPjJP3LG,9261.698328461756,1137864,$1000-$10K
3tY6BYaggUFn2WhgiwE3ya1kieZi4Gpw9RmEHRPs2cyR,9261.679280894139,1137865,$1000-$10K
HP3Ez2Vq4PT89FAoU65j7UMdpBwRWPCJYNG7Awi6LiVh,9261.660110564422,1137866,$1000-$10K
C5U6TzW5PVaEjNpnj9ZoSaTFpjVeQ9JihEZjJeDNRXV,9261.638930767032,1137867,$1000-$10K
5UJDJj9DYGrE9yDMLtX9BjNRxV86rzn9L3HERCZDDCjD,9261.634933135058,1137868,$1000-$10K
JDW9MtHMUH5zW4r9L1nv6RMa2Pehz6ZD8FemS9vCFccm,9261.630497371863,1137869,$1000-$10K
uUnMeMYKyZ1fTYm3tmr1GCVZzmwdjkuuDdLwgBUd18P,9261.601626021176,1137870,$1000-$10K
HCVJWGaqvRbQL9BKZFntsFC8niWBDCQSzahJAJCtMJ9F,9261.600414308812,1137871,$1000-$10K
FnRHbw81oxgk6tCGGbapd2ZwUgeAWEGTw1nWE8dQ2GLB,9261.599999999999,1137872,$1000-$10K
CMX4NVGrJvmKw6MiTKbQHTGaiAyAHvuU5JBuJgSDa7D8,9261.53179985738,1137873,$1000-$10K
7B5ZRWc7szXEk25uRzF9Zo7DXxHkUSNP9F8dthCYvoAH,9261.520369286247,1137874,$1000-$10K
AgwpoPCH6dZnGsiCiNgkcoNDwbEvb22nQ8w5jHAKN1VD,9261.48404973662,1137875,$1000-$10K
8H2nktjHPoq1U6HFc3k4evrLh1cohQrAwu9ggmp3CCfa,9261.474938194613,1137876,$1000-$10K
sYndicaFw7kUW2go3iiLvtDqWXcp3avFzPG4jrsfcTC,9261.47348593786,1137877,$1000-$10K
Fw2eVREatGohS13mh6b8upcHMQQc1EsHiCpibcyavsxe,9261.468867850466,1137878,$1000-$10K
77ECnmNWAPLLVoxaNjpXEFEQFPKtA3mSi85YXcEaWpSL,9261.465296640068,1137879,$1000-$10K
7nTFCFSeTbMXGeFR6oHqrkCz8RoxKGfs1PvJZeHLgHW1,9261.458812928808,1137880,$1000-$10K
7x4ChTLWyy64cvyJ9yAUnYq9mpuKo98mbdyMAEg29sge,9261.373676371202,1137881,$1000-$10K
BdHi9fLD8uiKWkFX7nLAZsoC7GLdTi9u9YtSSP5gmKY9,9261.364871722953,1137882,$1000-$10K
EgR8m7oUPxMwNra3YFKdeeRgbYKSg8F1QqgZYH7QRbWe,9261.357259423994,1137883,$1000-$10K
FYB7ZaLoDtwVVCuveeQPf2vzCiqxSEcJ9tEB4spJetbS,9261.352828929212,1137884,$1000-$10K
5G9YtHQXH2iwkNeyNJQW875DaCmjyDNDE7YsjTsLmUXW,9261.34929389721,1137885,$1000-$10K
BhwsdPyGEp9hBCioyeLHW4qaFh4M5TQFspr8csxrFwUt,9261.34874393296,1137886,$1000-$10K
2Bkax6GM9ZdfvWWzevhqAoTpt6aWuozEhZp2iobVTLa7,9261.31278578305,1137887,$1000-$10K
5oLQdjDMKFvzRhcJdyNyZziuHewcMXBbhYBD4aqjBuZy,9261.311125073102,1137888,$1000-$10K
F4RXA22YB27KXaGFRjjNtHGVEDBJvkhekw1Xj6veWEHB,9261.308801434854,1137889,$1000-$10K
EeJWTw7H6o5vi51gSDXEBMWkUQRbzVcioqrS8AosnNf9,9261.30667210662,1137890,$1000-$10K
8LTrocrBrXCqTcRL61RNjABe8yQj5NCGxD8LqTLbDNWw,9261.30487179746,1137891,$1000-$10K
212P4WrQD5McbDbajNWq8Z8Sj8w9jeiRqRgVjNSPBAxW,9261.29267707825,1137892,$1000-$10K
984fMT56JssJHMmQMJf7ns2ZNp5NwKJrRGXxMJjJxKE1,9261.291309130898,1137893,$1000-$10K
J1D7sFB6KJeAuJ4T9bN3iJZF9qGG2A78LeBCtVFHP1Qf,9261.283605649616,1137894,$1000-$10K
E2W5NS9Ufdmr2SAn1vDZYK5yQB5uBeBDo9Jd1VUU6mUE,9261.282165539926,1137895,$1000-$10K
BKSJdrA7w9Hq5F4VjGGomvN8jG7fQAEVb76JMWpeDWzv,9261.279098918485,1137896,$1000-$10K
83QKR2pVrcNaCaeoiN9ZCwdH88ZqMX8yzRXoAZwL2JEt,9261.27490973986,1137897,$1000-$10K
6MR845ji4vf1TuQsmZkbiYsiuVW8WKtzvtjhzTZHx83o,9261.271022834964,1137898,$1000-$10K
CVYJbQSR8yZFB41za4RS9rSVtD7BVLFZvs37ij28PxYF,9261.26958990738,1137899,$1000-$10K
8ACuN2QfwCjp5p4pEin52TFVrtWgKspAdmoesUmFDFhT,9261.261343425227,1137900,$1000-$10K
97v3bpGXuUBnBiENqx7yUgiPsVN1HBWWSZ1RBrfnPzTg,9261.25037486392,1137901,$1000-$10K
6hqW5kjUgShd47w7gFvGn3UkV3uje5mCTc2cNzpbRz3g,9261.192942262478,1137902,$1000-$10K
Ai9SV2EN34JRJiKLh292JU5y3iTdJu75mMhiud4b2X59,9261.171050420751,1137903,$1000-$10K
6jmGbXxkBNiFFWEj6phEapAyCUWEEXmizw3kdEqfvjas,9261.168052273531,1137904,$1000-$10K
BfXRRK34oimwKTC1vL6isPkmQdQWYHej4HvrgSyuvYaH,9261.152296667835,1137905,$1000-$10K
DmmJQG7L295XWAZhcMzyZeLSJLxwT5bPjLigv7YK2kZt,9261.14994296285,1137906,$1000-$10K
FTGVGuME6E5ojJzyL4oKD3smKK6NSbSbMnw1V754KCtZ,9261.13936100351,1137907,$1000-$10K
FXE8KcFYyktnMu6pnwX5Uief3mo6kueWvECKk9NLK6VD,9261.107528053004,1137908,$1000-$10K
GK2bhwgXsQ3wtq1tu9L7VDJhpXfcheVQm7V3iqKV47se,9261.096048235573,1137909,$1000-$10K
AjHefFNVjMyVktaSV9Lzru4FrpmTZ8oAfWThnhKSJnDw,9261.085984783289,1137910,$1000-$10K
3G5ivaqipySyma6Mgip5TCJdxZkUE6M9CGzq6Akk6Tjy,9261.078190683538,1137911,$1000-$10K
3MhHiQyCVn7kqHLw3nkknRBM7UgV4kzsGxAJRD49TbmJ,9261.060158851229,1137912,$1000-$10K
2xVKLvzVccRNrUWD34fxRpYQ7SBaUgn5KQkP1TZqHQ4h,9261.059862425373,1137913,$1000-$10K
Axf6kibrvLvNTFP218QFGAZDgxSoK2Q6vc8pja3ERySy,9261.056060449484,1137914,$1000-$10K
WXgLZ3gG378a7GhVbWUxaHWEeiLL9ZxSPngTVGPRrN8,9261.042715618383,1137915,$1000-$10K
3y8f3CVPj5CzkzTiUg4JAXYLdDekTFVG6oi1HdVFmsq4,9261.034600585785,1137916,$1000-$10K
BwxhPBjNW2MhdRXJ84jMVZwKbnb57ouPqNDWcqFtpgfA,9261.019366065171,1137917,$1000-$10K
Ci24VShhv1PYsLHUGcpFULq3sMBegEjdj2MzALmvbfFF,9261.015623994705,1137918,$1000-$10K
pdA1jRNjwVrDz9DQgdesNqdj3HKsZ7HHQfCLxZ7Y3Rd,9261.001090157626,1137919,$1000-$10K
CBu9kYX3KqWamUuCxBb7PxikUwHs9dLZQEpduBVdvE6e,9260.994018574904,1137920,$1000-$10K
Asxt2EFeYySG3qsc2Dwwc3keUS3N3G7BnDvMzLGMizVv,9260.974636289253,1137921,$1000-$10K
Am427ut2VJmdtsvresPEvXLB9TSv985VmkDu9mUMQh8f,9260.972081000002,1137922,$1000-$10K
BCxbhZ36mwAAZSLBajvKhAgzRfxbwZ3S4Xq3LnJX8Wjb,9260.94359859314,1137923,$1000-$10K
8QDJkbfA5DbN3Wzx7Nimke394PBFzazsfzJCiC9biBXL,9260.940229731928,1137924,$1000-$10K
E6A2vyEASaDzqMvyohXu44ZJB8AAUwHMa4U3qE2GSoA5,9260.934853156255,1137925,$1000-$10K
VhYLBhpC4pf9BJ6acbVLKUKXvxSiTjm94PyUbnHheio,9260.92185412504,1137926,$1000-$10K
BrESGiu5NPf86ARc6puGgjYCBwzsWd2p2tAtXeAFURH6,9260.909720334736,1137927,$1000-$10K
2oLKbcU6Eju4rb5u5thbhydPKEiRJZzWP7uoEH63AFgf,9260.883212491522,1137928,$1000-$10K
8kKMdrZmL8iAXXvLrggZxqTZtqAq4aKakTsdEuKosgMd,9260.882075217642,1137929,$1000-$10K
DvG4X5Ru5EaTvLJwR4ttYM9r8e5o3oRbfjTEaBV3AC5z,9260.869486645654,1137930,$1000-$10K
C7nndRGKT35CSDoAWZbyfRdXEyq9j5xHQfrADkXoP81a,9260.859728677126,1137931,$1000-$10K
6ePjLjbJne5GeLYP5uGyezRe2xA7bgZvozFyKGHuHXKM,9260.858329009741,1137932,$1000-$10K
AfMV9dMCVVDt4yinxr1eK657FKdXc2Jmi87Y9rznrVG9,9260.814965972584,1137933,$1000-$10K
CvG5wvaNgBSy6WSaxy71WoADjqw7WZbUeVQtYVK9QLXe,9260.77876310029,1137934,$1000-$10K
VQpL1PN7BUCJgpSmYPsn2TRxm8GcUscCBzxtq9KTpgR,9260.74883074391,1137935,$1000-$10K
29qTTHrQqBmcR3NmQGBCWAmSFxErGa7k7ym3oAZHPu41,9260.745816312938,1137936,$1000-$10K
EDuMVyPa3xYqaVtoDEFNebncZmvAofwz3jvrZdiMWiBc,9260.744383671436,1137937,$1000-$10K
2pRZ5w5EKiNYPbEmJhZJrokFqGuzo3K4YrHpariDCPGv,9260.742773221287,1137938,$1000-$10K
5uYnbPZH2WVsDh3PbCf6bNNV7Z3A6VPAs5H4yzzpxfmb,9260.72830091809,1137939,$1000-$10K
CkrvqXPv84dGNHim4d1q8UnyRSmaMBxQ321M7BdMma5G,9260.693468311367,1137940,$1000-$10K
B4EpkMWCSYCs6RjcBKLbwXaWawTGwVWRh5AaaYrpzZcV,9260.693312985419,1137941,$1000-$10K
FTPXFvRKgZntsmbP3enxvRGjFBscBeYnFnvwHCF3tcEy,9260.69045306763,1137942,$1000-$10K
E7x8CQSsUsdKXHytu8AbySj8PNU4HwbSfud2usJh64XX,9260.681302455332,1137943,$1000-$10K
E1z4h4XuFtw8nLpVEDcPjSCkEA6hseM9MftHVAnn4XvW,9260.673757444441,1137944,$1000-$10K
HG4c6mTmuiUGQqhX1Dnvgv2GdEm9nKJqWofaNX9BS6k4,9260.670095586203,1137945,$1000-$10K
Bpq7peSDbNibLgSHUnqnKvLNTMi2kRQSB2K99AzpsheY,9260.66537444268,1137946,$1000-$10K
37zaBsAD8NEFAdQNqYiidWRYktv9sgkjX9rXABsSqveu,9260.659206239035,1137947,$1000-$10K
DvRQiDGvzUiojCENjWSM5k6aj2LGqyJB19Y4u7yLsaTH,9260.627321859727,1137948,$1000-$10K
5ZXawR9369T8FqcWBebBG61T2BEmHKbB1vef64r6nznN,9260.61485611822,1137949,$1000-$10K
Djrvdo1jWE2G4ApiR3qh5C5ZKnRkNLBvsCjtDzHw2Kxa,9260.597893531323,1137950,$1000-$10K
5Zs6nTeKAkqS3E4KuLKMQaHp7zWAMq9dELD5WhoycYHC,9260.592943492378,1137951,$1000-$10K
DAuxPtenQRtHQFpAXRnizQ7ZJKpj25YLGoQNLifcUVi9,9260.589297186434,1137952,$1000-$10K
7Kw1Mh9uh7t6Rb6bSkbgMtnz2NcX8QGiHmWpT8LL2a5T,9260.585481560958,1137953,$1000-$10K
EaAYPVPyrWofReyJWCUGyHTFyJyfckFjSxgqhNkPphg2,9260.56756940314,1137954,$1000-$10K
uKCaBDU2VbwKAJ7L5GTL2U3Ab8FLuGsUcj7Ezv8rjsY,9260.543304550782,1137955,$1000-$10K
9qXA7MVWY6ezsWxP3Kf9kp8Gk8exQA7w2a1BV3Vd4dd9,9260.542861345817,1137956,$1000-$10K
G5BZkeBDKmzMsJbxUeBz3bfuv2h7rhXmNeJ4u14vrjTS,9260.535841674846,1137957,$1000-$10K
C8BJWYr1WBi1K4SYhi2Rzb28yKr5yNWzfh3BJrYSmejH,9260.535778990026,1137958,$1000-$10K
GJbh7wMbx3y1nJn1DtiBAc3Gag6LXzuMH3koQPH3QQhL,9260.52555679013,1137959,$1000-$10K
FNBcwbxLnfBJUkwoWtZgwFAdMAd9nMQo1wZbtSQ1jwht,9260.524225539873,1137960,$1000-$10K
8HeQXYjbXmsUdQGcYqD25kS8BYGckDGPmo2NLevB9sN5,9260.518846893458,1137961,$1000-$10K
GTkoyBYpYhYwAQaVz339w6KaYtrA31Rfx69pKLmLxFgw,9260.506159197914,1137962,$1000-$10K
SeXpRxVxaqi7MVAU2mqJnmVSsN1TNBWkuq5QtoSsmwb,9260.481281724482,1137963,$1000-$10K
E3WC9dL3wo5tdcALCoTpQ6oCWeG3VJkrSQqqc1XHbQqR,9260.477074171193,1137964,$1000-$10K
BfqbF2F4Ajwqi8nchQaejDi2mo3KysTeyHEkL5rvmZcn,9260.468717912645,1137965,$1000-$10K
8erTx3pGV2LiGTKJPHRoiYE6akLEgqUwuzpBFR7w8RvX,9260.46843801683,1137966,$1000-$10K
TX8NcoQPu8vsxvz5UN9CX1nxjPdWm37jpWSrGmMtnqm,9260.415913762894,1137967,$1000-$10K
3yKGL9ndxoBhLzZfuTEzPDTTNwmLaPf8sjZTB2DSYKhG,9260.37482646591,1137968,$1000-$10K
3mJKroEveRiTjGuuC3RZsB3nsa5uGFvJxNYVYXLSNMSB,9260.34354156296,1137969,$1000-$10K
8JWwWhAndW8Fac9Xmy7viMzq6TEJaGwyjb4dAtc5JvW8,9260.339699864157,1137970,$1000-$10K
B7Qu8giNbDWH3dwum9L672ABCrTLLeWnbFeBSgcYuipJ,9260.330239861296,1137971,$1000-$10K
DPzJC4phxX1tET6m3x9456n1gtzCJXRPqyJYcSgtrhtx,9260.318063540153,1137972,$1000-$10K
BdQ6vhCggH55kcvkEbuXpz8Xq4NsMCSV8g4dguQ7PLGT,9260.314885759955,1137973,$1000-$10K
vEqzzmJetrbjho7Mx6gERmL3nVuWUynKU8hhCAipb7X,9260.29857453907,1137974,$1000-$10K
5VHFJFp5M6kSYUnR8QoiiHnziNB6BHycvfpfDhboiLAu,9260.275038701413,1137975,$1000-$10K
9vV5B7hBNH8D6bUZvdvjbJBTDAbiKfwFdCTBLrWPDqS1,9260.241502224353,1137976,$1000-$10K
4NEB6auGVMWhnZsYrmMkgWW1aJ7zy3jpGzxzJLM8X549,9260.19635333494,1137977,$1000-$10K
DkgUJaaFbGuX9ntCyTDDVya76997BUzWGAUhJoUyqEE8,9260.188076105835,1137978,$1000-$10K
4Ykv9mfb3WM7vZbAsrsvQq4jxAbzT1JuNH41rUgM2joG,9260.18568237734,1137979,$1000-$10K
bCQAkGtS4vUkQpzjJJmeZLdbeq8CPU2J7uLYKDnvDEs,9260.135531269887,1137980,$1000-$10K
HnUdHYH7WQzwjWAsVVecCqK3h6aLggraosH1rqcnNem3,9260.123332092446,1137981,$1000-$10K
A1qkjKPSTs7kDi3ZFHj9N1xZFy9CAixX7CAmpUUDPC7,9260.118845410118,1137982,$1000-$10K
37zxm8F1jmqxE8T7PySfg6rJYicG1fHTW7jLcSBRCeWP,9260.105126369788,1137983,$1000-$10K
8NMWzdB1exsyUHqfcz3M4Rf97qBmBM4XexxLRLYegHpG,9260.103328306299,1137984,$1000-$10K
EMgk8syBVKgnEqeMDkc4DQApDpXSvoxnbp2xn2sDBYqd,9260.093585937586,1137985,$1000-$10K
33zb7fS4X7JvH3tVi4LhgnV9NPiYHt2jZohQXyCNbz1b,9260.0757815742,1137986,$1000-$10K
2LqvCSzfvct8FBrvnhB3tRrWRbeZ7HT8YNfwvz7JW8GV,9260.0739,1137987,$1000-$10K
5iqpEr7n32MEcCcEVw2Gx24oXjnLjjei8RyFE8WiUonq,9260.064616291575,1137988,$1000-$10K
A1duFzqFyNsgFTiLaPKmrNZdDCZNpP7bhjcmNZPoJTTk,9260.04873543579,1137989,$1000-$10K
2sffh4zLF7D5pU7LN24LxkRcTs69MeebWMhUJ8FEAL7L,9260.040152577372,1137990,$1000-$10K
D6k6fET4WdejV2A2c6V2dkdezomGQmdqi3wmKuaPECJX,9260.025756333383,1137991,$1000-$10K
AE3BFE62F4eNuyssi2KVX2EnqAnzK7eXcCRA9MFYqJBi,9260.024588868744,1137992,$1000-$10K
HZmj4mJWi68bnKxnTkbXdUpJjCtARGkuKc22SVaP1fVs,9259.98089893558,1137993,$1000-$10K
AFQjfLTHgSo8rNLrk5qqhX5aUEkRCwg7nob4bS7PwXcH,9259.97956205658,1137994,$1000-$10K
G1LwBxjqSWYgkF9smMJhGYzy1vgknyQ8eJVNQC2FLjhS,9259.977546569651,1137995,$1000-$10K
4BsAh5ogqDeu7TxDsoW2hxB3gQ9saA8uGh1bs85DEw68,9259.976182818657,1137996,$1000-$10K
DVafSNnEyyUqchLnzAtCZ7cnrsUBEANdQTDUK2X9w3k8,9259.95329811497,1137997,$1000-$10K
CbBiqUE78Qpn53d4dgfZDnkbdgw2YJVezSthRAoZYZTk,9259.944603255175,1137998,$1000-$10K
AFvnDDt13gYqTEUDF5c7ycgSWZtZd7QmpkYKG1P9oGcX,9259.936275123111,1137999,$1000-$10K
6M63DubeXaCAb83VC6RsbSYo8EZsw3Wfr65xYDbZUd3F,9259.928101052566,1138000,$1000-$10K
FyHrLDDYQsGFxzJ9zTzdYMsjQ4VMJAM6mbGhhjpEffea,9259.927690960434,1138001,$1000-$10K
Bf4BtFrAfTohYA3WJxTyGGySbVzguP5QJpQAcMhfYP8B,9259.923762617756,1138002,$1000-$10K
ANYKDUPSCDSWmgR9gxKDwDYtEgFnjXtC7CqcXLCnasHu,9259.87709731618,1138003,$1000-$10K
2gWeXSPsRRQNbNPwbtNZLv1s5DUmU5YcA8gdPLnAANWp,9259.854048471292,1138004,$1000-$10K
A72DgXvQyUT8CKALcr7HCB7KM7SUgbCrxC9R7mQd9oAP,9259.816798284073,1138005,$1000-$10K
FKqsQ319JBhekAaFmt2iJjuLHuGx3A68mkM1qs1HatZY,9259.816049312656,1138006,$1000-$10K
G8sWwE6SJj4n2JsLWDxMptgpN4rX3i478Eiik1LyT8MS,9259.778449681817,1138007,$1000-$10K
2tsy1XjTvupHyYKthpByMmogsCD9UiQ5osSEyPV6HER1,9259.762847309119,1138008,$1000-$10K
FAkMaGaiNAdLkbT5JC6zn2sCUH19bicXmV12WXEahHFj,9259.743576483155,1138009,$1000-$10K
J43cw83aAJhtU96hSE8crAVnQdA25f6QziDnx8pc8bFg,9259.732245624336,1138010,$1000-$10K
6kFX2dnwnVZSK9MNcuaoKhw84az22doSZXYtTpuMyomb,9259.726554645842,1138011,$1000-$10K
H2u8aCwTVQkQL2rJNe99cdi394sbJyv9BcbkKnnGVwDd,9259.720946901745,1138012,$1000-$10K
DynDrwWV8GggXHEyAyNNk9PoX4XYS1sf73T5rfV9NNJw,9259.717328598439,1138013,$1000-$10K
ABkmVD5Z8xFyfZvHMbtgUwnU4Wr3cu9tUTWjubt8DTmV,9259.695015138863,1138014,$1000-$10K
C1iuLfZHGzZaXfvHGcduu8t25pYbXuT5qHtGAg2M2T83,9259.666638015884,1138015,$1000-$10K
3ULP1hFuCYN4MkNaSrbbXuZciH2prcxyjtjQAEAwvUKa,9259.645896641745,1138016,$1000-$10K
hCZdCoSYKP4W9EzUpp5WPYmfN9kVLoiJfS1RSVLszU7,9259.636996505666,1138017,$1000-$10K
FHC2irSk4mvDtJrrew9qQTKDDnLNrwkzzS8YZEaGdCkm,9259.616095725967,1138018,$1000-$10K
Gq3xeNPEYMpjMjKRnCNNXzD52d1gJ3FhCKJZ21if77uk,9259.596775446778,1138019,$1000-$10K
EsJu379HpXJfsLKXKUCeUFFav7bLi3Ynu5CyA641sxJk,9259.568711129174,1138020,$1000-$10K
DoW4RAKyF76M7pMurjt5bftWk5VNkvMLweZLLhuc3YwD,9259.51444297137,1138021,$1000-$10K
44wF9rmPmxq97N1iTjmCtbMwbvHvp1LejamuCzAcUriV,9259.443494094487,1138022,$1000-$10K
861HgW1rr6QJD61MSzkna7PkuuqYihR6jVnk3BQ3zg7g,9259.432334711853,1138023,$1000-$10K
BE3wPm1HQPeWdRzV87DiwtL9zbB389WL9xyn4K7MgowU,9259.42851901413,1138024,$1000-$10K
8fswPZZdfAmrorMNMqBDTVMGvMcVmMqyuSk5tsm6P3Sa,9259.416248514584,1138025,$1000-$10K
Ge9wDBxwiuLYMeiEV67PqQ2A55DZXXKKv3RuNqZNheYF,9259.40677261642,1138026,$1000-$10K
B2pD4CsjJQ9oWL5gEdA5xeBH4FPeKmqZZzMSM2Tj5YX1,9259.393271236251,1138027,$1000-$10K
7Z6evSdC15s1XVYZUMpfCk9AkeuDBMUmTWe1cTGF8pnn,9259.391151531341,1138028,$1000-$10K
4bKotPSQm9SSCAMqsHxqnJyUNPJwtunXNYmxJYQTWDqb,9259.358099791221,1138029,$1000-$10K
ByJyjMdA8mkZcAyHp9w8rLggHoLxNxJPJAyokrvD1sVR,9259.347683128166,1138030,$1000-$10K
3VVjMpiYWX6sANBijsdvR9RS5RhtFjng17rqez88hkA5,9259.3432957847,1138031,$1000-$10K
9MatgMPhFKvuV9jjBopoEjpmvggycHPSo1GpN67WcoWJ,9259.320690265882,1138032,$1000-$10K
3isJKWCNyC7oeBwpnTxWyWFTtG8Z1EjTcWYWE4bh9mv9,9259.31967868972,1138033,$1000-$10K
6e2QfnFrQsn1iQqb6cfJtJLTH1cZtpZBjWguvgG4c65T,9259.31944016109,1138034,$1000-$10K
CvFMwc3xTF44EKbgzWUTVXGXVWPSfYm9xPrrDTw1ZTDA,9259.319340250895,1138035,$1000-$10K
HN7geYf1mGV5Hn8ea1rhg4sG2sLpsP5P9EQWwog3QChT,9259.312281467226,1138036,$1000-$10K
6je8dBoUgb6goNsWdYgbHVvYK2zvZ4FWenhDuobGMvjp,9259.295456734311,1138037,$1000-$10K
A2eqJSW7YP41TjCAtza7KJLHHrmSop2px5fctdByMgpX,9259.281994649711,1138038,$1000-$10K
CBtmsSMUa4tpv9e6TkxHbB7STJXJX3w3FBvFXU7HnSZp,9259.263749889644,1138039,$1000-$10K
HPukzBAvsbTgXSH83kU85YFMAadgdwj93eGdzgh43aVa,9259.247449455172,1138040,$1000-$10K
F292LsajUYWhMeWvxova6nATU65n5YQG3xUsizhLfDUC,9259.247179130394,1138041,$1000-$10K
Ey4adByhbDBRH5Ki9oCMLoVsVQEgrk1kmMaiPG6wzFgc,9259.240054574535,1138042,$1000-$10K
BXPvUzSepuxkgwE3r7mTXHhFwpCRBqsjKZfSJSJhcMxG,9259.215708171978,1138043,$1000-$10K
H6BeFAomtYqVwVv3QJNrAYuR7GxkFNZzeGjm2Qs2rnaL,9259.20711037984,1138044,$1000-$10K
7KpfdgMiUCmQsAyeThZkCokyXWxJkVTdQsnFhKzMxzWN,9259.203262773268,1138045,$1000-$10K
C6JMmVfwrJiMJUW7NaRYQeeQGuaDPggaXqybDfTP5WAo,9259.171347409498,1138046,$1000-$10K
BTxXKw3h11wUrj2z7RSwyHdxYS4WGxcLo6KcjT7p1oxy,9259.152271281551,1138047,$1000-$10K
BDEnb52Wp4tdzDSEbPpRn5dEyBz539Z1BkkYBaWXnpE3,9259.142428446601,1138048,$1000-$10K
Cr6SWGWFgBDmQKdc7dt3ByLSncb6ezxQwKdaXWXX5Vwa,9259.13952356164,1138049,$1000-$10K
GZKeSaNp3baqY8MuCfEuNZdphhub7PM3kN2uTSrzZjE4,9259.132470327722,1138050,$1000-$10K
C61aRpWXCydn9BKn1FeJEBCFsvbkUiDUwBctwknwzC4H,9259.125916001758,1138051,$1000-$10K
zz8eqr3V54mseW7CuPooc1MuyW59jM5pGJkwfKi2nV3,9259.120110142381,1138052,$1000-$10K
GUu5stgCfrGcmFkszhsgoLDA4mY9LBGhpDi1x5C9u67W,9259.10891502842,1138053,$1000-$10K
FK9rz6kiLiiJK1oruFymajBsN8USabdTYvR1DVK58fuw,9259.071072846205,1138054,$1000-$10K
3Aw1Gmdo3yZib7TVNQkcNXKCDBozVMSVwqkqU5D4LdfH,9259.042866995678,1138055,$1000-$10K
9g9kzr5fvj5hnD1SLLyy6xbhbqEfBvw53KoSZqWxR92u,9259.004881901197,1138056,$1000-$10K
2VTmGtdr4UQuhSYCoBp587kQXV84QtSEw6BF9nXzEPnD,9258.996510101118,1138057,$1000-$10K
D9WM1Pd7ZoNr1FdAccZLJzABhY5WHm5uwq3LALcsdinB,9258.950676425491,1138058,$1000-$10K
GqkkpDpuYG6J88DwyANNoP869WMBFsQWHGDupzm4Jndj,9258.94645641981,1138059,$1000-$10K
9RqywP689dFKXLLCHpFVvwJ66Yq1VFsdZU1Gd5wrF7yw,9258.946386654125,1138060,$1000-$10K
C57NCZ2Bx1GV13WWe9VX8WHa9qnsHtqqfiowDTjxBPaF,9258.926023610818,1138061,$1000-$10K
4fkj44oRNf6UEhv1bNDgsDqTGWHhxPtkooWkjg6wJ27E,9258.917497124483,1138062,$1000-$10K
2UDYg8ZfMRAEyDseFb8WQHvqRnXuQ7WgtRTKFdNXp47y,9258.907687670902,1138063,$1000-$10K
E1LBjAkD8u1mXBML2ZCiooVFpyU3AFPcE9uN7s6eYuaa,9258.871102480462,1138064,$1000-$10K
GJFBT8bfXirtNeetBxjCdM6DV32VqcJKrD1oEhH3vXF7,9258.864870473257,1138065,$1000-$10K
8SuWvqrC19mfQr8Lxau7daR1MdP2KGcRa4eJ41wG9rvA,9258.850074161468,1138066,$1000-$10K
6stHnLWURSB5U16pg3vxzitJU7qiGwKKZkFQKyHBwv5z,9258.844194717842,1138067,$1000-$10K
HeYBnCtvgHVcJjEsy527iofvZqCZgs7Dkh7Yd92FKpJS,9258.83460960429,1138068,$1000-$10K
8W27hAZS36cdQZqXC7pvzrHDVa3yWnpPPqJzd4VpRf6E,9258.822138110083,1138069,$1000-$10K
ubWANzYvnpv9tjjwe9DDBPHV5WQkRisyXzLrmjMy6rm,9258.79253801579,1138070,$1000-$10K
6VHoGtA9kJZwwizjHiT8wv3v9mxGuzrDCgM5PZbcdcqz,9258.791759116055,1138071,$1000-$10K
HFS3SLr3fmrjnKYjspyyWn6Pn846ESvQ3Hbr1EMa5t4U,9258.788995895422,1138072,$1000-$10K
BZGzaaihLMYLQqsn5UBhaRLbEYTsU26vo9P9q6WTeHTW,9258.783721470965,1138073,$1000-$10K
9G7sCggrAM77HE7CiW1uBhZKU6Ch6WSQ2sAgJ6Hp7by8,9258.765845330863,1138074,$1000-$10K
DJKbS97mdNCneZ3GLc52dnAKPMzU2pGShbAeMbyPvDdf,9258.750282284036,1138075,$1000-$10K
FmjBGkPyLaDes17882b81tfZTfEjdqApMgorm1zpacWn,9258.749778749892,1138076,$1000-$10K
77HDv6TuFucTso1GRRVGyToZtYTRENveMzPFcKisqtNi,9258.745438648974,1138077,$1000-$10K
HrQaCvXWoi75ssphnHnasR9X3hq9zwdzghZdHdz1fkQq,9258.716778806636,1138078,$1000-$10K
DaBd8cNrx1eVHjXbyv6v9chbFyzvpiCskjCT3bmvE1Ed,9258.697178061722,1138079,$1000-$10K
A87LHbzUtCheYMUgxfUQm8Q3cKsmhkbo5ULLeu5LukCm,9258.691084920474,1138080,$1000-$10K
46DqQnGtBz8vyiuM9nTiH3m2ro3vWgVc3bHmmNcD3iJW,9258.68803484365,1138081,$1000-$10K
8QTVjaGgGMgosMpt3JhP83g6tL4ZpCtQLb35JGyk3pw7,9258.686859104379,1138082,$1000-$10K
G41g76CPoRgAjqcvRFwmn2ckq1dxa9siPUXtDDq29xnm,9258.633405792598,1138083,$1000-$10K
9xapCqdi9QuxkmhFhjNugWZZ947C4cee1BSToMovdzgp,9258.63061337938,1138084,$1000-$10K
4pnNj49w7Dn2PQy2phXNALjVtQTyuTd7CJmd7wKMQp4U,9258.613568450874,1138085,$1000-$10K
DX7jHzpo1o746qt1W9EGgBhh74oLoVEH72XfNccG66qi,9258.608516729586,1138086,$1000-$10K
BmzJhzoyN1DjeN12KfAA6YWGStzHooyNCkB8G85zKVtT,9258.580144445712,1138087,$1000-$10K
HCUixRyRJbdHQuNUHAXdL1DTb9ibBJzWmVCAdCtku4Ch,9258.57727812271,1138088,$1000-$10K
2J5w9GJ7sHk8ziFiZCgjqHJ7nk159BPVmRrxytf49347,9258.569812898932,1138089,$1000-$10K
5XQcqixaSZK6N4RW9RSaHZsMNwz9Bxekt4wP6X6GyDZp,9258.525149650168,1138090,$1000-$10K
EfqVGMdbHg3SnUynjR8HCnpGqE49yx1mGiY5qS6NQGo,9258.46860237434,1138091,$1000-$10K
Z4DGvwb42V2MiDf2U24i8sa3jYFEEPxF382bAqhjUAu,9258.460647488157,1138092,$1000-$10K
GLbU6o3aGsPRgH2U9HfmbJv9gybDgTkAzuTGgLUQbAgK,9258.45936545512,1138093,$1000-$10K
BHeBm4L4P5yJwsWx2BtB89BUzRDFjFxZxRrc6ovijNMW,9258.42660131068,1138094,$1000-$10K
DSmmgVe4aXqft7WWy9C9c89AEVuEztzsaDN7GgMAMqgt,9258.391525548277,1138095,$1000-$10K
3JJzXADib1Y9UEnpBb5fp9U29dZtTJdxzSgQH2gRdRTi,9258.372945879064,1138096,$1000-$10K
BPFHrYazb9ebBqtEFobNrVFbno5937ihaDing7bfiKm3,9258.368214859,1138097,$1000-$10K
Dz5FGNtZ1HKp2uib2Wez67m1RVndrzdz9f2UEcGKUTBa,9258.362575263263,1138098,$1000-$10K
4aR3fhw85hLo4q3KUMHdjJw2xTvJcd36Cq7PLYLAX14s,9258.326401065444,1138099,$1000-$10K
6dqAc5ALxfYdN3KSSWkQn48S1asfWc5kb9HcWM5spuTJ,9258.321859536616,1138100,$1000-$10K
DqwevdYTqasrpTQUSnN3U7qHLhz2D1gJLuhC9BAJshLu,9258.312968738453,1138101,$1000-$10K
C8Ff2DtPNo4xp9ey2GwbmRFEJLiYfVRfDam9s3rdhss5,9258.294040407762,1138102,$1000-$10K
4UnzV2qDHX5JTSAKAje1priYczA7KugRckfDEbbe6LxF,9258.28493431626,1138103,$1000-$10K
9dAE9os3UUXzn3B2xhMaAfmkQApSdVjKkFdQUrqsyTK7,9258.27939784158,1138104,$1000-$10K
758oEdGUT7xBDhdGBLGsp7GftFdsaPCeRBThiux7wRTU,9258.23434681067,1138105,$1000-$10K
hqHb7VCqGjVC7Mi25FRptqPmjX9pGWNCMC8pTtHsT5e,9258.22233475663,1138106,$1000-$10K
12jGkF3et6LPDx1gxzGxHQLzpwNxtNRvheFA7pzcMa7M,9258.220067318027,1138107,$1000-$10K
coWBHtR3GPTxRfsMisKbxXLST27ByNvUe2myJZ3LiR6,9258.218665931186,1138108,$1000-$10K
BSvwWjH3BbmfiNe35j9WBBoGbuvJaECsJCrbAWnS2weN,9258.21216954045,1138109,$1000-$10K
5kmhC1VXp5xjVET2c3LrTnJkNgNy7sPLfdHrK6DwYJkY,9258.198078126807,1138110,$1000-$10K
EmiDBUqQPi3wA6c9gLXdjHvacY7ybGqgcFzZToyTywN5,9258.181743619498,1138111,$1000-$10K
Di4WucFoh3VwutJLjXE2zJ7s2a3qPKteaUUxfEJwFcb2,9258.17179318579,1138112,$1000-$10K
25YsXtYBoKH6aUZNdQ916erdGk5t6bfvZcVj427dZhCz,9258.1647195297,1138113,$1000-$10K
27k6mSAmEcPHLnEkq1FxNDAUcCXC8SNU59SVWAZTCXjq,9258.13319384176,1138114,$1000-$10K
DmiY6qEweU3QoRmasFCmS9ZwWFurQBoA7kkJBsXFBd8k,9258.132323310865,1138115,$1000-$10K
G4bsUdxerTjP3gAEPhN51cgMPrfJd6Bc959KqZPmtJdX,9258.122847592987,1138116,$1000-$10K
HQV4xm6LD4dvPGLH2bQ7DMXA8PqofoEsEEhNYdaYGJai,9258.109077099987,1138117,$1000-$10K
2eQJuZ76xvXkxyxUXCY6UzgHkt6TBW59rFJ9wA6bV8sM,9258.075895937653,1138118,$1000-$10K
Hf5DA9HcYKTMncnLdUV7LShe7EBg9VEabWitVujFQgrv,9258.067296813555,1138119,$1000-$10K
FHtNAFY1B3LF5Y2mkXtFhTvt7GGAcbfe7mE8qWD2AAah,9258.046240686186,1138120,$1000-$10K
v1DUxrKMuYVUWLJTikrFNppxP6MeJW2CuA3CedATQ7p,9258.042240320463,1138121,$1000-$10K
9sLh8vKoMN3eEbjjUB7X6anWYAtii3gBM8PMCPZMmmRh,9258.013085038865,1138122,$1000-$10K
Gd6zdTb4a2by69Hds5yN6LkzKLZKNuxEETStBpNtcjxB,9257.999594541589,1138123,$1000-$10K
EA5JA8vRpy3E5FUfUcfaw98LkLxjedXYWdtNRTr2TR7V,9257.995069933992,1138124,$1000-$10K
FxGrd7TZaz5PR4e1H2W3YtsEqg5s7bgFRhey9JH1zw9y,9257.990388086793,1138125,$1000-$10K
4oMUkwzyYLXA6vK38A8N1kXzTramrV5hx92Y5T7wbtm9,9257.986321204022,1138126,$1000-$10K
A1qHegTyaHjzJV6pV9zDVZqUqdxh15Tf41dCabW4bJRH,9257.984826401302,1138127,$1000-$10K
8LgH4nTRTDxLCovqSMrFMRpiHdT8qruPiUk8wvwSRhWh,9257.97127046924,1138128,$1000-$10K
A1gBAt8i7FWDev8dXgMdBDosw9oYgur5ZivHrY5Qvgix,9257.937446340778,1138129,$1000-$10K
9MMVzbKCMgr8KL411oyNhQMpULX96C45wj43aP95Yk1t,9257.932845810448,1138130,$1000-$10K
BtaoNmU1B3FdGBfg1mAEZQVcgmcwZHD3D2mLCHhuEBsM,9257.929901565689,1138131,$1000-$10K
HPkhUCauaUxqzSEyBN4Yq2n2qD89CEQou2c3QvSSvVFc,9257.91888304644,1138132,$1000-$10K
Ec7KcdTXmYHpWnet7hoahxMyYa27WUcZBy7sWUc8ya3f,9257.916318833162,1138133,$1000-$10K
CC3XS7gv8v2W3J1yytBYX5NsEMuWTA8yaV8ahirdN3Yf,9257.90512657347,1138134,$1000-$10K
3UCrXi1S4d88981R9WWMPRVoJdeEkF5RSK4ETFEEnuQn,9257.89504147363,1138135,$1000-$10K
CWSijpbRZWw4im5hZfwcwd7XiJcASujyc7vYcKciki12,9257.884173028291,1138136,$1000-$10K
GcmFLx7CFjaZWvytrV7AE6tBnTsSfsJzuJSdLyr69pe3,9257.87367043761,1138137,$1000-$10K
6qrtW2aQg3NiYk65whvoZ2expZbQ9H7azyztsBRDSQbd,9257.868429365213,1138138,$1000-$10K
G5wLo2MWfY4msAKTrAwxFPQ8DhpTF7GipXzThspUfqBQ,9257.867466139636,1138139,$1000-$10K
DeGYrLeWMMSGZCGYck82tmsfBxYB4tViXtYx5UdtEhZf,9257.867310977188,1138140,$1000-$10K
8hJE94paxvAgvJYRAVotwcttBF7mEEbU5omRqNFM6Ex1,9257.846354759333,1138141,$1000-$10K
5LtYxCVCB227dUbpPSoaKyTeXuXtGhvEjYRjZddySwA2,9257.823438769741,1138142,$1000-$10K
DsKgiAV3RvQDvcDa7M3KRrrbyjaaB5UdLBSWkkEAB84x,9257.822885711392,1138143,$1000-$10K
GJYVH31qrCKS3YXiyjV9wKQaCJd53NowzFtEfLJSKyXe,9257.821265067261,1138144,$1000-$10K
FNth3jxjHq6QqpTGhBtXuozRDp94os7gcvqw7CzuNHjf,9257.809939793628,1138145,$1000-$10K
2JFVLjK287u4fsZcwdnjgvSCKYvfSCBBEouphzpVWqLq,9257.80517207278,1138146,$1000-$10K
WMRCbuMxyHMc7rcTeLQmfyMF7wQNmESfHEG6gkeAmbN,9257.792369399695,1138147,$1000-$10K
FTSc8rZfpbbCMbVCQxvuPYayssnbNUegHxfDq4eTPrtK,9257.760050715819,1138148,$1000-$10K
sXc1JdgPvUTfAregr8ELPTYitwPJU7edaWfDbYpe4iF,9257.752675703236,1138149,$1000-$10K
5PARLZ926SEfjSz5A2wRY8ChGZUHfryUcYithFt3kR1R,9257.731201578483,1138150,$1000-$10K
B6YM14FyNj7jECwPMSvx6SvEFk6BCtebWSwikzRu4n3q,9257.71388482457,1138151,$1000-$10K
GsC9g5rHm2APK9djHDw3FKbjjwNt4AjqJ7bT6M9StuC6,9257.672545875334,1138152,$1000-$10K
8XnAKB4GrvKDPvTa7rXhaByG5qFGhTtSKgtybPggtv1r,9257.67153317428,1138153,$1000-$10K
4tT52YjWGuperHhwSytPA9phFaPoMsopmzpKWU9UCRgh,9257.667208730278,1138154,$1000-$10K
Eoz8xCUTVpe33zC4YmJgBZX7uvKfSY32nUEJxMWiTM6,9257.648362400088,1138155,$1000-$10K
ET77jZUf4rWHbRrP2nDCTFowNvMQ7MwUKD2zKoC71UGp,9257.635590150845,1138156,$1000-$10K
9pxMwwa4odLMMmQWDwQvhK1GH9A9uUQpVE92QpG7Butu,9257.63290885004,1138157,$1000-$10K
CEcaJFdz4xsVUarxKzjPyqMoGq7ztGNyUzXENJELXqEF,9257.608212354611,1138158,$1000-$10K
CT2qeBMHGZxRCgeVaf2Rvm6uJYPK6LqwRdu2JMA4NCkP,9257.607454382221,1138159,$1000-$10K
FcHmW65SVqAfUTCoiGvkXagTQTnyNuTq9fCckirMWDmY,9257.59879512622,1138160,$1000-$10K
BsqBtEzKUgtpv2WWX1wKj1e4ZqHKWzxynzRWNUf77QWR,9257.540642159089,1138161,$1000-$10K
A7ZMNZan2pbQiX3yCTHbxak8TB3Cpu7zJ1pevMUxm5FT,9257.533646717398,1138162,$1000-$10K
D7pMuCuEdSeJGqsUHJRxjXNRZkJXLKwFrv2yHBusqX77,9257.530905082183,1138163,$1000-$10K
6PqSRReFTZLcmR3Xg1iJKL7UENsYj4nVX5u9MFDXCZzf,9257.522577641474,1138164,$1000-$10K
4VWpESvfqf6DQkyhUJ7oFHqJYNyQ1weBJubEyd8kQn5j,9257.517434585978,1138165,$1000-$10K
Cs1DSyF1GZgcWjAzAUE153e6gcH3XFkkymfonihs9Znm,9257.48418165718,1138166,$1000-$10K
3BjsntftfwXMfxGH8VrK7JqVSmKs3pxgHxZzsvau7Pq7,9257.474709895558,1138167,$1000-$10K
32zp3vt3h9Vhg6GuFqTEUm1jG5HQXKUvU2MT15K8cb2j,9257.448251126747,1138168,$1000-$10K
FdZXNqVUY9mg2sVdmnMa55yG3zRmwGZ7q6NPh8bg1gp9,9257.440929025668,1138169,$1000-$10K
DyhDieShA43HkiEMSVyXxDfrMghTxnZU7BNC7aixm8dW,9257.404840044774,1138170,$1000-$10K
98PKj9tR5htJLbMn26GDK5wRXcL6skFYCK7eWVi1tAK6,9257.402185595221,1138171,$1000-$10K
CGmn6XEHsER3G4hAdnjsvT8vkRtbHJ3FLFbwNeacmZvj,9257.386601727885,1138172,$1000-$10K
8JTorEhUqkmt3318h5PtEzydzQk5KKq2BMuspDABj5iD,9257.362648955117,1138173,$1000-$10K
HGt2Re6NkPPW9sBmPxo2WK5zuGikQbmQXwoBZ2UF46US,9257.360128865615,1138174,$1000-$10K
Af4tcrgdRDnWZLzTTxomWRLc9nCwyXzLsZMHWcDxLt1e,9257.358170920239,1138175,$1000-$10K
8zLrG88dMNcmNkUjZyvNLVcPrcd9oJE3c3eMrG8umiP6,9257.357567916399,1138176,$1000-$10K
FB99HRRJ2Cz4XMBuDyCAHpdmz2AbxyLgjiEe65iAv1L2,9257.334389181791,1138177,$1000-$10K
AQRsZe8u65wJ1DqGkGYiK8xWSinBk9Sm3LEBgiRABbZL,9257.312420931059,1138178,$1000-$10K
dm6W4EoZLLYgKwFc1k1Bt1R21aUr2KVCTDTVRcQZK6G,9257.300591066056,1138179,$1000-$10K
9QxRhriC4MxpVJgFcDgqt6Tji4D6YDmWndZS1QCPw8wo,9257.273108297759,1138180,$1000-$10K
Co57iaFtruLJwoWLFZ6eyG2v6Jxjm4G1iUC4dLrTuit5,9257.26936740674,1138181,$1000-$10K
3rRvLQsz2DutRMFzSAvhvHqzfjvmg9Bv4YiReWCuZYMs,9257.269280003302,1138182,$1000-$10K
F7uECF4YFJJvKifeqDEL8ViMce3djKwDKXq8asfUYZ76,9257.26130866612,1138183,$1000-$10K
3T6AVwEFgxmrLdc4eFigj9tnQrFaiE4YKxLprcQxWTku,9257.259429977768,1138184,$1000-$10K
2aRf5UL9fi3DVSTXzyxDvYX5oPQxj8qdC6bteCQtR5Wg,9257.24062641747,1138185,$1000-$10K
Bhkn9dTMKgjVysYuEWDMBNLNTNo3RVuLJoLauS1HvaGD,9257.238605401819,1138186,$1000-$10K
tvHWWQQZ8gFJviz3JqxHjKscvQDSnA3C8HTUkkVeqjR,9257.22871050493,1138187,$1000-$10K
Cgck7P94Q8i7gjbVvwZ3zUqgd7HqrLrxqUMCJmRLw23N,9257.21486734339,1138188,$1000-$10K
FPdzZpNLEtHeoVMRSFvwPAigxjNBYwTMBgxc4Vj6jrbb,9257.197973656603,1138189,$1000-$10K
DwQD1f8QzNoUqi9g922uQHLkLnJ3PxJxKZwGFMLE6G1d,9257.18208134191,1138190,$1000-$10K
A33UgwQz9fpwa1HnYjBuLptgioSgwAybGemMHiRPkyBX,9257.181350528012,1138191,$1000-$10K
ikYHww7BEtJfY5YWNJX4DmPszA771p327iFe36i6M6p,9257.149143897754,1138192,$1000-$10K
GsmLk1BTfdDKTHninF6L4YNJFgwENB2RVUEdY5Xa8A9x,9257.149128073777,1138193,$1000-$10K
bECZeRypC9wLMnMX5tU6a2NhZ4q4Ezi9tL9Ys7xPgEY,9257.147276103904,1138194,$1000-$10K
9cXwMN8unr4k97tXEjm3ViChXPB5xfx9JPM5oUrVAGwD,9257.119406097097,1138195,$1000-$10K
EG7QimWdYrDtXHPwNU4g2YFXdgfCmdhLhHAySEPWGo4t,9257.11197067228,1138196,$1000-$10K
iznv2zena1HosqUxe7hBpdwb5RmGZou5Cr6C9j7NiNV,9257.102930058534,1138197,$1000-$10K
7WRwe7onExv3T2Y3pBmtpHsjUCcaf9pNitQ8zjJQTRDE,9257.098439136578,1138198,$1000-$10K
9qm3qLEGibQZUrSetnztm5SdDpF9Htyk2sHsPCt2oPx5,9257.088454670313,1138199,$1000-$10K
2tqzBWBDcRKTkJTaFbfuThsFRibfGsei8beM54s7QC8b,9257.088094345996,1138200,$1000-$10K
BuhGVets5xjq56AxHf38TN2EJ1nu22QU4HzitgQAxxke,9257.058422003318,1138201,$1000-$10K
DYPL1c9AWRpmK2Bwsd3F6RWyLVC5Se7CkGpJqBmwZNhP,9257.024953244249,1138202,$1000-$10K
FQsHB8bA7EQ7p7z66464pJzDVHgmxMYw4LhLGxEd29zc,9257.01672664968,1138203,$1000-$10K
EpkBHACrgfrdd8vJaWJEk5yn2VZWcXK5H5qCFSvztuz4,9257.001951337354,1138204,$1000-$10K
BHWdANmQw5r35QbezecCBeRtz85pGMPXvkANjPBUJh2a,9256.973564150185,1138205,$1000-$10K
A9zEeEnvjYKxP92nmyRtZyhmcmWic2kC9jbbvTEAGYKw,9256.942953540847,1138206,$1000-$10K
GmfUeEZQmJJAjXkqjAghcAnWQ72crAAmSwr3Bie2C6D3,9256.933799809742,1138207,$1000-$10K
Boiqfgo8XV7X3KfSyyJ8Y5S2SHXbdhoLSMNZYpTS7rPN,9256.933703746561,1138208,$1000-$10K
CkLoQopCJ4Gf3Mm8Bd1cxvUfR7i3M12V6xpfmQhrRNu2,9256.906353800861,1138209,$1000-$10K
14e8jP4G2eBBP3T2HsUCGrABKXaJ5ouo8QjRB1zUMNGD,9256.88587092831,1138210,$1000-$10K
8tjsLzdhACYPwSBrXEJZbKpasT5icP9NZf1e7dKvvyd1,9256.87457352284,1138211,$1000-$10K
CCQywFkrKzhRm6ye28GfcdyicDfrBq8EktSgZ2tkuiru,9256.852013487884,1138212,$1000-$10K
9jvxxXqrWqKMddPpLjBgeKsW2nGSKzFWdiWGuodKm9Wh,9256.83522824191,1138213,$1000-$10K
EudpSbBiGW38AfszZQAqP8iSkyknMDZ644VWagqhGNtX,9256.83433846027,1138214,$1000-$10K
E2PddzbpiyoVZZtV5wjfWduJ3xXMgASJP5Wpf3SSVs9G,9256.813432265182,1138215,$1000-$10K
FjpPcV5dg7bSv2sCG6ocNxBMU6sU4vHrrHmEfoexUjbY,9256.809923067727,1138216,$1000-$10K
H3JMdPEJjdnfcsEDMPkpWfr72uEkFHDKgJp7FnqHJ4Qy,9256.795186268875,1138217,$1000-$10K
9pN5EWZMt3DQXKvrqok51aoTvRH9TcnrEuNuFsqHKHpC,9256.792041025526,1138218,$1000-$10K
3JMampLAKBY4zTSAjcBtjqmFksDULXHuRpkMuWe2jYS6,9256.791278278533,1138219,$1000-$10K
BEY1QdE1aKyB6agxx1LupsCmCbK686RzzseidU2DWWhf,9256.790573260954,1138220,$1000-$10K
2zzhbLnEXoPmJjznGcDu2ZBsAuA1YcEJoByPxQueJKF4,9256.787965777386,1138221,$1000-$10K
8xtdLW2jzrgQyUZcYsSJD9yVyXPVtJ9Twmt9wF5tAcGH,9256.770013903833,1138222,$1000-$10K
7CuQgjXZyWPqXJSgjQgfcGFq5jpyDzSPfuo6moFWdbNU,9256.76888595031,1138223,$1000-$10K
CG8AAw3pQZ2BdLa8N9By8PodjKQbKJNqabjRU5UWPVTw,9256.73881474151,1138224,$1000-$10K
2JFAStvFGtRdLQ6UR4we2jC9pJdjNKwunug7TNjUajfn,9256.722027919388,1138225,$1000-$10K
98TWK2A5yfAUziLX7heF7XJyBJXpgcfhU4nijUXoGuYE,9256.69747570039,1138226,$1000-$10K
DmifCxPFfSvoZqucsVxmq3mgxptSHKGaW6wQoSoxFGe4,9256.68182008045,1138227,$1000-$10K
BxDEx26xrjGsZy25hCQ4yaoaNGgx2Aqf2c6XCQGVeuAb,9256.672768429476,1138228,$1000-$10K
Hc9aztdMFgeQ98sokBVww3ampx9LKu8MdRqg8fBMumWe,9256.65252197226,1138229,$1000-$10K
ECgJeqmYBma8DNwD1MvhMh18JXPqpWfV3mo1vY8ZE9yJ,9256.633029176852,1138230,$1000-$10K
TP7JWZ4fTMeSyZnRzrKsSCzpqBnb9J9H3W7k3uWd3X1,9256.605528935077,1138231,$1000-$10K
H9iMPXsoxn8QaZDiqFvwVWNERQi82iTJscVL2sCLLML6,9256.60310388723,1138232,$1000-$10K
Fq9xaVcSJ2J8hh4ashzyx1wbe36Q8mQGDL3L62fjRbaM,9256.565874998532,1138233,$1000-$10K
KF1WXu6GAJ8HDyUsDEHs9C5XBTBUHYXgkw5urmyCD5i,9256.562004937117,1138234,$1000-$10K
FUeEZguoR8jSr9oXG1fVaCHz1ddNVT7e3FxNvFmHUxbE,9256.531583498392,1138235,$1000-$10K
Fff8PReAyjCe2iyn8ZpV9kV6zHtiGHVbhJpgiY76Rmh7,9256.510275560619,1138236,$1000-$10K
F2ccoWEkiE6E21tfYiQ3fEhTArJp1zcxVjV2Lv7r1cBK,9256.508474012715,1138237,$1000-$10K
Gp2fiRhWw6NqBfANiWX6V5nXsjVpgg2BZXeqEdmP4zDP,9256.493782604573,1138238,$1000-$10K
2LikSu3epTB4vGpDTYarnB3A1Na1XkP4aZVuDegF25eM,9256.48817261925,1138239,$1000-$10K
2dmh1b2RoTkGkjGiQRvsPQNnBpR2fJ93GtGuCPhF8rdf,9256.48146040218,1138240,$1000-$10K
4ZkwpziAjh9Q7VXT2dTu5GsAiPum8eSqPLXvC6SzF6bt,9256.469548791623,1138241,$1000-$10K
6G4GqsQrx2rrfzm1wYNnCZonyrY93v6s77S9dP2DdmBo,9256.467122086991,1138242,$1000-$10K
CV1Hh2WwKq6fhx7UYE8zFfdTJGYzaksJWF4VTKUk2QTh,9256.464276121378,1138243,$1000-$10K
v3YjkPgbWdU2eijCbwa8MHQyEZE34sAnsykvTQ794uA,9256.461750548793,1138244,$1000-$10K
HJEGzm83GVeiovaiVRbmbfsHW5DdVwKyw76QbrZUESSk,9256.442917146831,1138245,$1000-$10K
EDGMa2RjHUWgPphMsX45rycM84X6hXJun7PXpMdiHnv6,9256.39656918033,1138246,$1000-$10K
HckkWhFLDoPkVwgSczaVJe8Tx6tbEF7eQ5KFoWPE3RT2,9256.394860430028,1138247,$1000-$10K
EsjgD5grkG2GHFL9Yy1UQ63n2LQQPFawwrrckgjDkbdX,9256.373360678946,1138248,$1000-$10K
E2poVHLk7kVz1fDKrLs48Ks9iKbnRNkiox6AvyYbi8Jp,9256.363965860068,1138249,$1000-$10K
C7J3otHAf4uqkHGcKuxUhTCNSTGzASsLFVT5xBkiC9v4,9256.33971581092,1138250,$1000-$10K
3q92Mn8bPgkcmzYtvc9CwBrZZipjmzCSmk13Ce9nrGvu,9256.338033590502,1138251,$1000-$10K
38fHWn5yzMTgfJfdasHBHRrAxjztGTZg2qvdh1uWtnrd,9256.32940919579,1138252,$1000-$10K
ASS16acWLpgJ2HU2GGZ4rKrEkGc7M4Sp8PWAJESnHagW,9256.32733097905,1138253,$1000-$10K
EfCQTz7dmcY87tvP8zHUxovXVsSeZg9hLLKQjNUW77WY,9256.30797893667,1138254,$1000-$10K
CgvxQcLNXncgfUr5NF1a83ngr7XowXGXDPSMS5Sn9LTC,9256.30491562094,1138255,$1000-$10K
98dZgC6xV7BxQ833GyXKrxq5A4ywGhtRqAvKHLJPkqjw,9256.275866974296,1138256,$1000-$10K
Ac9qff8qmSJWspsN8yVaWS2KfTC6G2NnyQEPDi4S1RFj,9256.258012805825,1138257,$1000-$10K
BeUra8kKo9qzg3hPFwe2r73PVydzwuqhKqimhPbJHPLY,9256.252873634443,1138258,$1000-$10K
4S5Fbftd7H5Fbaqm61QiDPn7oosxTN528UoZSYVTBS7s,9256.227526884788,1138259,$1000-$10K
Dn5mMdvnLDs4fYUAQe7umttyb4VTjiuw9fYpBAM2V2Q6,9256.145889240239,1138260,$1000-$10K
FFUazzqEjpM5BMd1TTdW6AedUnDDcKcuPPTZo7YHqn9A,9256.136731078905,1138261,$1000-$10K
DQj2qWNQTAVMYfao7ENsju32cEpt3s19z78pT6xUcCAD,9256.134793903459,1138262,$1000-$10K
BTjXFtVFXjn6wEehAbdSQMh8V8d5Jq6NL5yFNxtfXp2m,9256.132000194384,1138263,$1000-$10K
Bi6Fgy8pVaX6fjBU35YSH5cTMnR6WU3RBETGSEnW9EzD,9256.120681481814,1138264,$1000-$10K
b22zLFrggvwnCFyq8cUVoPyiq5ovDhZp8B9ZKDCkxtV,9256.099684458643,1138265,$1000-$10K
9d5nqgW1hHgvUVxQt4hB6NqHCDPwxB74gW9VM7kokNEQ,9256.067740777762,1138266,$1000-$10K
9VQrpQcVAYvRPhR8ZRW6Wr5zGN9GpReghdCJL51K9X7R,9256.066355622836,1138267,$1000-$10K
AuNwhLTgP4Nf4MSCyWM9MuyuzJ2CPgyudcHTBW4K2b6G,9255.986530057484,1138268,$1000-$10K
DKMq1CyCEismpZPBGQAvZq4FvZN8WEwkZnxZ1dPdu9Ur,9255.9609217138,1138269,$1000-$10K
91sL4D3MpnRrTcP2xkCPNMjE6TgSreR9HyitBsCxfuaJ,9255.960126114349,1138270,$1000-$10K
7QiaozpNUhXp991VrRQcfckXaq3aaCSwbpg1WYzEEzpn,9255.959842187254,1138271,$1000-$10K
CweWJBjjmcGXeFtmavP2XumA2vVi6CBFGzud9VFLCFV,9255.959560277397,1138272,$1000-$10K
BMXYh4a2gPsRiWJTPabcX1ioiRKT9Cz2J6URbp8pAHfZ,9255.915347152008,1138273,$1000-$10K
FpbHx1zckFKecP2pjuPasRARRR9bg4fw5m6jDmTwe4cb,9255.91300541159,1138274,$1000-$10K
11112wxKZWNDvECQ2hFq9u2Ly9KLc8EEkt5P86S43gu,9255.902038569056,1138275,$1000-$10K
9sJQh3HLp82FPo3A1SQjZMwRM8GFLzWT8R4ZuKd6Ydq,9255.89584261684,1138276,$1000-$10K
79oQo8jB2XUcx6uHfMvomBAwDsQzM9uUeGt7qoSCpRQ,9255.871689351185,1138277,$1000-$10K
BQu3P1qqFVUzqyQrXdCNDDdEhDB6UcEKaS3gdxztCkaK,9255.866841038167,1138278,$1000-$10K
nK5QHVNHUetsmKCkeGKgEFzhb8tTVvpDga8kttPrVUM,9255.864343844478,1138279,$1000-$10K
ENaL7XwGCjdcXyspX1QJdqCdPknPKWYpGMFbLRsvsiDX,9255.79646691715,1138280,$1000-$10K
FH6jdNdW2AmKiVnfh8Bo9N69Af773ZBDHC3DcWLD8FUy,9255.787598987206,1138281,$1000-$10K
Bf55E2R54zr7rgxdmWSmssWUA7kAhXy1x8muQrSvLxGZ,9255.783996643118,1138282,$1000-$10K
4mF9jLUW2Z4eHWurTEHT94c4vAzXY6EVFNjBSdxc9nGP,9255.778728825811,1138283,$1000-$10K
H4qaC8EbH7xS2D44pzvdz4wmAy4Jg82hQhDM6mebne2a,9255.760044276694,1138284,$1000-$10K
bx8DoN5Qv4h6v4oajggsyxk3RW44aQHLqk9peouQZh6,9255.712701760867,1138285,$1000-$10K
Ff3w6y1avt5nq75xory2PjU6W9r2WQWpDTv3S2324cth,9255.711372824027,1138286,$1000-$10K
9hCzkPYD3Y1g96yWq7FP4vk3s8QbMN7hEA6NfNNLTAKg,9255.703648434352,1138287,$1000-$10K
AaAqsa6XFtq7Ek1cCwNhDZHruoqnB42Xx6q49kJcCQu6,9255.685739538583,1138288,$1000-$10K
925koVf4a6CcfowwdZq4xKVmhkov9Zs3mhJiuS1kbq5c,9255.646431882673,1138289,$1000-$10K
J7EjZHJtinYVVuCavzjqTn5JwnCTu1dYm6Rcm1AVY48Y,9255.641345066259,1138290,$1000-$10K
313EaZcXj7ZcjMSgCXfVpDBg4YfyN7HNy3ER3NGboBi5,9255.636561826215,1138291,$1000-$10K
HyWPXLzifwYk56ipTQCtr36x1AcoKYQvhLFQnzNUQ3qX,9255.61758985304,1138292,$1000-$10K
AfCT7xbBkCmhPyjrT447FDGaqaQUTNDX9TZZRcZygfJU,9255.61,1138293,$1000-$10K
4Qxe8qgM3Rfq5EdpgDKpLfmjJv6nm4mEKwRw8Qn1PqGs,9255.60322817783,1138294,$1000-$10K
4wc14va58xCzDE4NnLm4Jcg9QYwYLBkQYsDxeCpUpCoL,9255.57149282371,1138295,$1000-$10K
J9jVBoS8DDtHxjA1ARzsx64ho1CHZidzG85ifCa97dxd,9255.540018555845,1138296,$1000-$10K
855yzgQRiwG5jMKjddD1wxKG7MkXXnNaUB64g4xj7X1f,9255.50555606108,1138297,$1000-$10K
FUwjJE4VoE4enw4rUBMkiEfpbAan4mEr9TS7QkjpR24W,9255.501520023998,1138298,$1000-$10K
et3KdREY1oekNuBdZaoKXhHSwhUUR2vyyQFj8fV4mBK,9255.500365035829,1138299,$1000-$10K
2FR7pA5SURdYDPW8gfuBaQCryxPZfGmXG2Wh5pqsWrBq,9255.474711950972,1138300,$1000-$10K
5icshBK4Lwt2wHD8iH5YLC6n5jBTQ7SFjk3bnf1uicC3,9255.462213170043,1138301,$1000-$10K
6cnNGqUXMdf3DsTgzNDDtkmWeYd1oyULsGPbHxwZeigD,9255.457906716223,1138302,$1000-$10K
CQFXSiqQRUeT8NFzQbxwvRDh9EeGrJGCFJxJ9yrfYYSu,9255.452908700494,1138303,$1000-$10K
97pW9im5Rqrm82u557RcMiZ1xogDyDZLPdgZXku93j2j,9255.449441839835,1138304,$1000-$10K
3uD4AfnVKMVs159tuo93LvScCJgNctT1ZhgDRojMsX5F,9255.438901344021,1138305,$1000-$10K
HEUpZmmf3RFYC6ubkB8XCcdV5mh12qw1SK3amFp1rcc,9255.420493040801,1138306,$1000-$10K
C1NoHE96ejG8WYvGfynsNgXwXAXuAS767wAQ3giuMPzZ,9255.393787427798,1138307,$1000-$10K
2gpVpX5AxPkjmTBC4PoLDHtkz4zsQWQ9YDBwtxLF3vkL,9255.387817984083,1138308,$1000-$10K
5qCRfByGG336BRqphesLo74wiq4vrfYXLVRf15YUN9Bo,9255.384743487675,1138309,$1000-$10K
2Z6A9qyNxUaJerdSi4o2zGBXLi4gNoA6rsdggyRfdr6y,9255.36972812203,1138310,$1000-$10K
GPp8jLroS2yPgRr8j51ZyHneVpvr6shJtzKt6tqYBhoy,9255.354331054026,1138311,$1000-$10K
5Gqwn9nEZzc9wwfziqhYz9mm2na2W7b5Limv9JBEm3j8,9255.348565503778,1138312,$1000-$10K
BnoEoT9pTNPAa6QN99PZ3vxfrB74FM3DPpJhGS9owQt1,9255.348165763295,1138313,$1000-$10K
9Kvp6H8cFG6ozbkDggxc37aZXyW3xfowafkPWdV8rmP8,9255.342276777896,1138314,$1000-$10K
4pwGekNZ3UruJFmMRY5jwv8T4sSELiD39CZM3vq5PbJf,9255.334692263159,1138315,$1000-$10K
5XbXA6BetHNRWozy99mx9YKjTjtaPsSbkmTYrLjjpof,9255.324035901613,1138316,$1000-$10K
5BiY2bEXKtHbi3viLJ1E4JUwgbk21SaeS7uC18Zyy1tA,9255.31875158858,1138317,$1000-$10K
HnWmVuWYcRmGjD587xpYcmT2uFsqGVHegSMqNF743PBt,9255.314390271058,1138318,$1000-$10K
HsUTjtFquJqoFhPy3he8zaNde5houeDnvvdBAw84jj3Z,9255.303066600822,1138319,$1000-$10K
AP8ooQYKLXx15FN7bMcvtuhT52eEgs5FzttmizzNKsoc,9255.298890019385,1138320,$1000-$10K
HKt2rL5tuW5CZeyShvPYL3SJmbd57TciWGvimT89JfYZ,9255.297421395093,1138321,$1000-$10K
68ppu9g4ShnxGSKZ7MJkiqrzFPY5Uh4itUj2rG8Zc8EW,9255.249382323838,1138322,$1000-$10K
3T2k43LX2soKufvketFfm6ivL2btjiuHSGFTDX7hkiuB,9255.248328324911,1138323,$1000-$10K
N5TK7s4g97gTPsTSzFqRo9Begwrquc4S9W95KqYENAc,9255.21164281098,1138324,$1000-$10K
B97tAY2F4vU3YA6dfjcPUFRrLoa8HDu4PP82rSBqhJSh,9255.179692585813,1138325,$1000-$10K
Fc51PhKwX5d39Kj4aSYopa9z5uXnHe4om9CdDzqkRSFC,9255.105809805022,1138326,$1000-$10K
3uHBzZRvKFjcRGhY2XN8i2J2Jg2bk2CSwQibmYnyaJCL,9255.089643999838,1138327,$1000-$10K
EPBcdWivW8qJr6P4ubjhJEz3AsumjtpExfEgWpaHRi6T,9255.078467432162,1138328,$1000-$10K
6y7NdMNqPk5R39waKEQBPBSVdBhhhpH2AjR6gwJDCxfk,9255.074239614352,1138329,$1000-$10K
35oCkxeMho5MW5PzJLBDfSWdiVokUv8gHT8hLxcMvuan,9255.072176074904,1138330,$1000-$10K
HYv5GFKx7rmYEYsEx4tyaHB2n6LEw15DE1xkMTyLj5gu,9255.061626769959,1138331,$1000-$10K
FPmjS5Koo5NuD7E2d6LS1RCFnu1qCfcM3r4n5ouqyH1i,9255.022727754069,1138332,$1000-$10K
2opXg1FdYpfHkc5RH9MTwz2b2kbeeujXguhtJEe6SwKZ,9255.02248430434,1138333,$1000-$10K
46VDVn4LguMEq7cbosJfSacBD1oCT2aSY8nkDFD3Wm7Q,9255.019972295113,1138334,$1000-$10K
8tetKUtWMWofXtiYdpZoG45hWkMCLGB4yZCaDnEuGP6J,9255.015509610568,1138335,$1000-$10K
GoygcMiafma8TqzDREuF53dgrHpBEgM8wZUAy1Go2SkB,9255.011200436935,1138336,$1000-$10K
R2HYJwtoqGkjYU5ajaYC2Zq4pfiyGmCBXW1aaoN2oTF,9255.010262662188,1138337,$1000-$10K
DBkJ5zK7xxuVWh2vab88SLY1tza9Ki7LPFp2UaZ3igtV,9254.994059085575,1138338,$1000-$10K
6pBKMgvFZpzKEZBuqx3T9qQywSxwDRWoLcbThuGhhXZT,9254.964707605479,1138339,$1000-$10K
DqkwiYeKZxj7CP1Pt3GCu898g3HmHQiWitJP5WYqCuoB,9254.95813785396,1138340,$1000-$10K
69jx6dBeb3FibXccHu2orP1VnMedSwrtLASnPmAGGM44,9254.954325357632,1138341,$1000-$10K
8qHaxaet6sFo531vkAHP3gEbeSyqVGsGYSCZoH1EbZq7,9254.95025696113,1138342,$1000-$10K
G3MPWND6qhJWw42WiuuWhMzEpjbhEVs98grsswUEfRVU,9254.944256749855,1138343,$1000-$10K
9vdyZXqyBrmBru99YYW53vSWq1EBmaT7YQ7fnqLg5qzq,9254.921736189917,1138344,$1000-$10K
2ezNpARcjfiG8yymtffp67rL7MDrPHsF1kZggzYebc7y,9254.913985069355,1138345,$1000-$10K
DT2Uv2VxZsYQwQMb15xGodXE3VuEJ7L1KNhYoKCHzVA9,9254.905057679205,1138346,$1000-$10K
G5USeLvmQ4hy65DwTTXHTURm6ZcABesAdENMps6UnVT6,9254.86916064112,1138347,$1000-$10K
CtnApHd5xPRCY6mSoyVSu4vHhG2LYmvomQNb1Pb1ocW3,9254.847084043235,1138348,$1000-$10K
2JxPdKW9SfwxnphijCnNWqYZE7K5wmVcjaNeLLrtewCQ,9254.807698286286,1138349,$1000-$10K
8mwPBsJFBAZZj7jDy8AVjbzqBHfAkHSio5vT7gkmbmEm,9254.80586559482,1138350,$1000-$10K
BbCJ2ftcf7vb4YoQM3TUrY6eCfrCBAxp74rotRk3WMKz,9254.79899093039,1138351,$1000-$10K
GJvmqYY9hTgW2jdeEQ2Du76FQxFXukGip3UE5Qqef52m,9254.775416559583,1138352,$1000-$10K
8bxPTWwRFXvMZ5V4T1XBzoEbBdFr59BDLCLxEMcy89d1,9254.702383361695,1138353,$1000-$10K
9ymwapUQaoGagnfNadmPELHEpcy4eUJwMHqEN4uCM9qy,9254.689048751701,1138354,$1000-$10K
41jY8B34egnBmowSnqcHVo51KXvrHZYf3Zgf1hbPitbT,9254.669270028578,1138355,$1000-$10K
2R9iNYP4QfPMWwCBkEnmYeto4mUzKWqyn2tGfs6akXvQ,9254.650192705323,1138356,$1000-$10K
8qmfTbo8aXPuVp9qvUv1S7QmanMNJKAv3VHKm58A2rbz,9254.64132584628,1138357,$1000-$10K
4xFsyZqSvH7UCcZ8L2TvmLNU9Cn7USBjuSo2FDQdga48,9254.623494192307,1138358,$1000-$10K
89kJ45JjMEL9EnS4LCiCG2H4aCMfYwmLr3wYs1HKZ4cQ,9254.604181760593,1138359,$1000-$10K
CXArA3e7GbuGjvnKNZhCQxaXVTMaSUX7D92VRWyhdor9,9254.581219469146,1138360,$1000-$10K
HsNspuNciX5hKxmB7J3TXzmrW8ZRwjahYRggD1rbEqEQ,9254.57856931721,1138361,$1000-$10K
HWBCw3xNh32UXnmMo3rhak7CeNjg2Z99m1bY2RDJhQv4,9254.56773707695,1138362,$1000-$10K
58DpZ4KrkUaRsagcXSPj9upVo5ac5CgXaQjHa3FZ4Kyk,9254.562874635412,1138363,$1000-$10K
HcoUFmsjHynZxH3HsQcMsjmHrTkYwyag4dWXkAYq7w34,9254.55780790454,1138364,$1000-$10K
D4VYi9H9EJRxpueZjo2t4d4BUi5fXpGmNgP7NUYpEn2n,9254.548402661318,1138365,$1000-$10K
A6Nr2Rfy4y8VVCLkffFBNG2DUYtFHZtWZanYmHMw8kqK,9254.489555435353,1138366,$1000-$10K
BNGjEnK1xmZQkai3UFDq6qh877aCn5gSWwX2o6Ky9kKV,9254.473943508114,1138367,$1000-$10K
7KMvEK6aNRzpy4nYqdCQ6qr7BZZ7cUVjj3WZLsmDowzL,9254.46800811601,1138368,$1000-$10K
6dD1Jf3UDHqmLyUy9Jq43HgAPrYUNVgxWGzVf4u7SRFA,9254.44949772421,1138369,$1000-$10K
Czjs2YbKDYFXTsvYfcgz5jA7ryVvwAB183L6kM3knGpB,9254.422079734775,1138370,$1000-$10K
Ha1TKYJAo957vuXDCR65JjpwzACZJdgcb4R3PScm3rya,9254.40571542765,1138371,$1000-$10K
8rHT1DvJ8UEtn6JJuG81fPfbNoGkbTU9SM7Qft63UCfi,9254.401746233838,1138372,$1000-$10K
ggy2RpQ66mKtQmZWHNin1ncsNC3g1KDZuj79Z89irev,9254.382290033065,1138373,$1000-$10K
3xap3MGiQQy65gMAJ7b4LCVt914Shzf3eZW4bv6qv2rh,9254.380936359448,1138374,$1000-$10K
22yDh1mPEBqS8JjPponpG87wZPaZEXccVXXUfYjMRZJr,9254.347061771816,1138375,$1000-$10K
9jP1kVNDPJGHBno5X8ZNPssbj8uZjoFmASq4gfVcAPDy,9254.33934986428,1138376,$1000-$10K
DEMcNQgxKBrrn7V9xTDZdxGwZxJkjsTVjKhmvKbrnxRG,9254.329637245237,1138377,$1000-$10K
7sei5UuqQgQN8Mmas2D46ZkBDGmWemoz9CXtMMshCFHa,9254.322683726436,1138378,$1000-$10K
Bc6UNYDwtuf7aqS9fju7zfBDpBHTiCovmG2GHuiCyohk,9254.304849327482,1138379,$1000-$10K
2kog9wtSzL7Ggu92ovDkz4EzSN92JJSSPJffCia1qc8A,9254.269399498991,1138380,$1000-$10K
nEtRwXEhoELVAa6jg67SdbRaa6rLN5fSNfHsQAXcTub,9254.244769800564,1138381,$1000-$10K
GjXaiMWTVJ54mu5uM4LW8KJQynmxpaEAk6B3WxF4PkdU,9254.191014760501,1138382,$1000-$10K
AU1oWxPSFLfyQnaVZC8k3QFSybfvLGUvCsVdQR8mNYNE,9254.189928085763,1138383,$1000-$10K
9573wZty9Fpk7UR8JGuE4zue7YFMcwy5Z2n5TjxhRUXy,9254.184259119957,1138384,$1000-$10K
7V1Fa5MPpjJFhFDeFnt7nWmh21hb3T19YCSSsdScc5wb,9254.180291297942,1138385,$1000-$10K
DPh77q2qagC9FmLiH4Cyx2JmW1juAggHmk2MryKm81cR,9254.179743218812,1138386,$1000-$10K
4DyaunWrXgDGX3GnNRdVt3dCq794UXPYgSX8ARxURXfi,9254.17249881078,1138387,$1000-$10K
MwEFWwubsjHSGXwLEyZkF9JWKevCHsDGTC6eRFMndyg,9254.16605965247,1138388,$1000-$10K
pt2t44ParPwwFGCTBez8GwT17tCusVYMEPCWkPhan4i,9254.161456786529,1138389,$1000-$10K
JQ83bxki48jbCQ5hEx6KtvvSAraJcCLHgYKWUbk3MLg,9254.161088059525,1138390,$1000-$10K
3KAt3NETcijdkG3sba6tAjfDoeG1V2h1h567mm1Aj3sF,9254.137614260688,1138391,$1000-$10K
ExpXXuYEWq3Ue4v2coAp5Bg262UW8YGYefvYG33u8b8j,9254.11794237907,1138392,$1000-$10K
GttaGPRpo6nsXEyrwmYAnVb7P2FXVvcwdYyH3PePRRUt,9254.089449444227,1138393,$1000-$10K
8fbxJhVsgovsok4xcuJkCNVukvz3RQ9rmogzHaJQAsMc,9254.07648186643,1138394,$1000-$10K
54TgNrjPzWRt6VBsdTnGHuNitQC1yGCCkKygkqQFPV5v,9254.067247216533,1138395,$1000-$10K
HYzSs9WiRNYYhQpNcd48vyFYKKvbVM3Q1LS5rRa68qAh,9254.066662119127,1138396,$1000-$10K
DLxSd4a6KERJaaNNxKahuEpfkpa8evA2AhwN7m6ncwcH,9253.973551217725,1138397,$1000-$10K
3uDRztDJEy5H1zifHuRc4SopQrBL5byvSpiPCeRsRetp,9253.963962188469,1138398,$1000-$10K
2c3qoYu7bnY7ncKHBXyp61fmNC4C5aJ7Re3CBEU1HS1K,9253.962672284666,1138399,$1000-$10K
BRP5Hh9ABQpqySAZ35H3M381U3SPC55LDHQkdb8yQFKM,9253.94813872163,1138400,$1000-$10K
FAyBvTuee7A5VufZECbLV3iqCdxuUgFRv56Tq3tXbRbB,9253.947000235308,1138401,$1000-$10K
BW1TTsejBsJbrPCFSkyTDaWByaurFcGNDaUTLrYd6r7G,9253.93280991169,1138402,$1000-$10K
5qKwh27dTny7SdhhiSJQB5kUEh3cRvXNqWp8HRA4syvg,9253.930499569191,1138403,$1000-$10K
6JLkCkpR5Z87GQkV16UHfhTA4YxQD79dTyeLfGUjZL8Z,9253.91123619494,1138404,$1000-$10K
BkaiwwiYydDt5wkNtLRagnVmMYNGcQmWZSTWuM3X2fjQ,9253.90174776334,1138405,$1000-$10K
4N5p3D9jYrRvwz4mYfSnwQGrBerQHwCpoXw2ondMTWFw,9253.89178954589,1138406,$1000-$10K
7uP8M66voNerwG1tcJ577WpcpQB5WmSxWTwEcVDqWwuB,9253.890490721133,1138407,$1000-$10K
CNmBf1CHTeZyJPnHBvpp2qqQoQ4388MkzF7BBmD2Y1p6,9253.885485263372,1138408,$1000-$10K
AifD4BXth97aVYKYV2wQdKM5f3ZhAZB1CnXWfeaxsdtX,9253.85912102182,1138409,$1000-$10K
A9Wi8Msoa2UvMTKYAkbLCFTM5uQLUG32s4bn6ATUPHZN,9253.857837674952,1138410,$1000-$10K
A4ANaXUZ5PPe5nh3HzyTa74qaq55X4fbFNtnUTUML9Aw,9253.851834981884,1138411,$1000-$10K
5aKZFTMgvYjYkZR4jbbwrr6DkXHs8krCk35Ugc32WPm6,9253.847987849904,1138412,$1000-$10K
7w4Qw4AUqYyZYxroVjLuDRuTnEVcK4Wz2T9xUP6AohSX,9253.842561809148,1138413,$1000-$10K
FaDJjPeahESctJxQWbPk7foGNwNSQSH7WS9KEBcriUF2,9253.83639330929,1138414,$1000-$10K
4Sq3qBD8Gwqys52KFCGEKEAuP3wQATbxd6PPfCW7HXyC,9253.831133530788,1138415,$1000-$10K
obsXUn8ePuVJRC5ukigtWRYtnhPooq8uD7eLTmH1cN7,9253.762354478147,1138416,$1000-$10K
JDn9cDn9j7mcRGYkmBWjPAxMKZi5cUA2dArWesKvzLiZ,9253.72420032513,1138417,$1000-$10K
HwMHFy3xHSEBbYSr1BzyBNEBv8jvzpg5oRYxRNrupVg9,9253.69496617606,1138418,$1000-$10K
Ed6XaezhcT9FhbfVneYJNuZ2BjdLAbscQjPLFgydqQaB,9253.68400669796,1138419,$1000-$10K
7uHuv7fYLcj324yd83AzGfMWkWp7o94wggLg7UcsHCK6,9253.66023207008,1138420,$1000-$10K
9LRueHKHTrkpb6VZQnkLcA9CXpdThTRfpqN8w2siD4JU,9253.650565432985,1138421,$1000-$10K
4NSviX5cN16VA1bqi11kGsehPHUc8BFvQL9zBbvPtd5i,9253.612284679433,1138422,$1000-$10K
5msWrBLQMPgudqcGeiN37aZHXJfUpU9quUquf5xyeeix,9253.611352811851,1138423,$1000-$10K
6wN4GFUD9SXVCfy49Lz4QBE8rzmqPLEr8tV1xR5CPML7,9253.596779786147,1138424,$1000-$10K
72zAngHrm8amFra6ZPtBmEEeKBFBraTDc2ZnhUbiTYf4,9253.572329362929,1138425,$1000-$10K
ENn1Qwmq64A1ffty7nrAsnsf5iqekMNnQKjKNuWc8Bcn,9253.53010873971,1138426,$1000-$10K
FMQL4hu9j2wNX9AYZ1UnFF6kD48crYq3duJ31vJF7Z2e,9253.528951349204,1138427,$1000-$10K
CdJMiUBxa2U34RuTHNai7s8ceR1pAFtp1ULQ4iMZcR7y,9253.523334209167,1138428,$1000-$10K
DZGSQwos6uhTTkQXWob6Z7jkRzvoJRHVtQNpNPHnTaPM,9253.512241094713,1138429,$1000-$10K
4qjmjW6MwtD9mvwhrTiHg45mZKiVG9ty3AWRHnFsmxoy,9253.502882663583,1138430,$1000-$10K
6FRGVUsf7WCSfaB8f3txCPM1QRwKQ58ecBTHNKM6oxqz,9253.483863759524,1138431,$1000-$10K
5UWPKQr6344r7gz3dvABL9iAcs4EMRAopWnEv87QLhiy,9253.46391014769,1138432,$1000-$10K
DndU2tmKzqZzuaN3ga1FBAcLtVupfh4uKLiCAgchkkEf,9253.45500369842,1138433,$1000-$10K
FMtYSJPahuYLvhwA1EXQT5dGAcPBZm87iVyWM7RUbLKz,9253.446276704932,1138434,$1000-$10K
5BHbhamSNSHGpprd3eqv12X2ZBcWNugrV1zUVzMa8Knp,9253.42849761986,1138435,$1000-$10K
GMkyWKgxa9tC62xbjkQnvRRvLYmXV22JkFyR1geiRt6n,9253.426347093295,1138436,$1000-$10K
4suxhhGaEhXbqYxJvGvTbeGj8VLSk6HVnf4pBhFh3dp3,9253.425659037122,1138437,$1000-$10K
8mcxq4eQF8L49sCYo24VAW3sb9eQJZkJdyQahD4aytHz,9253.425185651422,1138438,$1000-$10K
BwGPXrFFoSuCfHfgeXKiibXhKvtsM9vhFwCc5cE4bAwa,9253.388964897498,1138439,$1000-$10K
5KvfF3ms2rNEACG1R327SAYwBsHAWL4U9oWiCm4akkww,9253.37092848252,1138440,$1000-$10K
3wj7WXtLGP1NyDzdQWrupu4fY9bxy4uPGBJnj7aMWbZC,9253.365291728422,1138441,$1000-$10K
4AxMGRy8A3C56dDQtm5Mgz37a1yHkcMJ3YHJVCgWgqHd,9253.363463782724,1138442,$1000-$10K
J71HRcbLNXdrDfRMR5tuFBzay5AtugSYBk1BE1PMfDd2,9253.334906036232,1138443,$1000-$10K
8XH7Ya1TExw8K3PgxUC79ucwsiQ16HMwzooX36e8vdA2,9253.329553520192,1138444,$1000-$10K
FLx3ATLuTKkvRwYyJEah6ktGXHiy5TVc4D9EYM8664Md,9253.311816891119,1138445,$1000-$10K
G1czDjhfdYdDWyWee2GqWLwa5D1NVdPU7VYRdo5Afx64,9253.297161498436,1138446,$1000-$10K
7Be3QWC3jFB5F4fcZRkP1oDGMqCAGcW2ghNAaM7Gajcf,9253.288770652207,1138447,$1000-$10K
8gqEX8CP8R1JsyUxDJqG3THenWoezknjEfCWofgTaf9t,9253.280257607137,1138448,$1000-$10K
9ABJGTQVVdD24jhjNy2Q2Cts2ZgzoqTwHDRcPZMZxeQo,9253.255323489548,1138449,$1000-$10K
7UJDMBBpVsUWbFXoKAPxxp4SYmUFyFfmJEJRQ8cCf96,9253.249550903722,1138450,$1000-$10K
6ruKvUPmQsmgvi83TMSTA1BKvmZcvbH9YZM2jaD1qZbC,9253.246133487124,1138451,$1000-$10K
HbhZc1dCJzK3HoiXLdacZubcuqpbqNDx4kGtgpQ9F5eS,9253.231642263836,1138452,$1000-$10K
5iYyQEgGgcA8PkgDq1x61VELS2ZUvpZhfH449qTq1PDL,9253.221117236031,1138453,$1000-$10K
4Mx6xLidiveRau3HewJpD9CLsVH8KzFMiYbUB33WveKj,9253.210271097594,1138454,$1000-$10K
BN9av78nibQnzs95LQpNjnEHXSbfD5QFBqDWq6bgFcGy,9253.206572028801,1138455,$1000-$10K
36hCcp747EVKNCk8zmpYMozSMEj4xsoUSSCZPfnRgPa8,9253.195821562149,1138456,$1000-$10K
8nnQgozfBLa2vJTHyuZUZm4sFJpBENUPBizjYp7iED2a,9253.191166605267,1138457,$1000-$10K
BZAbNLS9f8EnUcahW9fFGeHUvTo3XRRB17ezySuSSRLN,9253.18448044075,1138458,$1000-$10K
FfcWetbnHzBqpKdqo7k85yumGCdjW6rtk1Xy6FwjZX98,9253.179795871649,1138459,$1000-$10K
DyCadmQ4XdEWba86fkQM63UZ9b3jP38yHSNUs5bJNFak,9253.164251708382,1138460,$1000-$10K
8KMTgoCdzUbM3s9aP7jm3kAFGBkv62a65xU7XF8y5JiA,9253.153654685275,1138461,$1000-$10K
Day87goEoT7raeft8B9Xofx1XZ1DdTaFHqwJAPy3bceU,9253.111868820308,1138462,$1000-$10K
FDG5oG88JuZqxip9Po8yXD96Mt4CaZFhW8SHQutPpYA4,9253.11050528321,1138463,$1000-$10K
HTFGZqcvPTiv4NdrJ1N2X4WcJnJpHMF2fvYZd8YRkWgo,9253.082961849035,1138464,$1000-$10K
5s2pKc2bjnjdUUj1UzUfcTdvrj8JgdwrPbcYU6kQjAj2,9253.06450395773,1138465,$1000-$10K
5uC6Gp5g2unpwZYATxkYbvuTXCuRaJrPvtdpQg2fiqA7,9253.061573557585,1138466,$1000-$10K
6n24VzgP3w2fGLArtMkB3ATWU76Aq45hxHcoU9pa2ybE,9253.038723735988,1138467,$1000-$10K
2XqkdK7b3ndTqWMqviUR67y5gwDPEuUdCNuvc6yPa77G,9253.03122393,1138468,$1000-$10K
5rKYJGRmdZxRAG1yz3mjPVjsvAkmFwicnc8SRfTskK8M,9253.00381185125,1138469,$1000-$10K
BR4fayYwZnwj99fVCS6xhNUfq2bXwVfJZ1e3rxQGh5kA,9252.971213208639,1138470,$1000-$10K
H1kkUE8xMx5qzdvhgLfrWttQLiEf9KQSkGJ35AtVFtCx,9252.964251763537,1138471,$1000-$10K
CFu2XXSxt1yvPCScXHzWhitWnjdy2JnxMx2qTffqhyww,9252.89488714916,1138472,$1000-$10K
EzDqaNKDPgwXf6iVjLu39q9TARDRFtXfvUz5tWiNVHYc,9252.881049190277,1138473,$1000-$10K
6AngED8MsLTYJZ4GuGeEi8XvnS774y5bQwhLQgVHCUE7,9252.871856986341,1138474,$1000-$10K
EMZdCprWrsJp8m3Zv16Vd1EUqgeimJYqePkoeXBDMqXZ,9252.870926078846,1138475,$1000-$10K
5UhQuETUWZs5GaB8VqzTATWtcoLTWDXXEaTtjRxLq3wx,9252.85218909997,1138476,$1000-$10K
3uhr2LvJYEoBb6NPqZC31FmGyUfDiXxpEzqwvqu4Ejht,9252.831107029418,1138477,$1000-$10K
8yinLAT4SXwSwL8fLcAEH6KJuHBZXxrY55ojPZo7N13N,9252.82264011739,1138478,$1000-$10K
2sibrCqHZJgeLty1JeoZ8NxBNdwVeG2TUxkiK3GAwmUz,9252.80393576075,1138479,$1000-$10K
DvPjbCzLV3rdoGfi6WVaZm6guZJt6fEG5bPWWRqYGUym,9252.801965797502,1138480,$1000-$10K
4AC9ZfQhZBTYYiuhmzmFudjHDsm5mWDGRyDbfgQT4hwD,9252.771509496464,1138481,$1000-$10K
9Y9A8fDPTdZHQDGnXnwy3DvAt8D7WP3GT3msLghXvxYX,9252.76851512692,1138482,$1000-$10K
GTWJyr5VZgqLCYVfmQGASC7xWGB4FkaRrdbRrWeX4F29,9252.759665212501,1138483,$1000-$10K
DXBo1MeoVPmaFs4w1wkhArxp9aCbtg9ijjqrFBG4y2aS,9252.757733573662,1138484,$1000-$10K
4xomgSM6pGBAqBQMtp1TzDEc8snrAd4hT9ywPPKMdaVg,9252.746151680434,1138485,$1000-$10K
4vdv74GjDjsPyRV99Kw58Bd5bsnTYowZbqGr2S6FfsBQ,9252.743948818363,1138486,$1000-$10K
4vUMYAFFHJXqXB5e3MSFaF43tzkem1cueTq1K6f7waF6,9252.743030297575,1138487,$1000-$10K
8JUrVFyW7pGfjmcBxkzvGKMrxpCS1o7pmhuToP4a8knK,9252.73451565349,1138488,$1000-$10K
E6wkHxaeW3ckyedY3H8jb4oMSe9S7AzzQCxSEGTufzFb,9252.718290236668,1138489,$1000-$10K
GGVyzoHTrrMXTYjiK7F8HQ5kqKawQ27aU7TaCCzzWKsR,9252.697223169658,1138490,$1000-$10K
GLsEXGA4a9BboH9uS5MBBHk5HBZXC9QPmjzTYZvnXzsv,9252.681920853149,1138491,$1000-$10K
tF7XuiNgMaCMTXF7tns3HYJtRxzZJ9JQs1pvRDySEju,9252.678091422546,1138492,$1000-$10K
3m7sfUH6Jqz3MSZRb3CtfYuVviBfiaiXimVk6Ns7vehQ,9252.670477978936,1138493,$1000-$10K
2pdofAxtNsDbHdcksNF6UjZqedvEeBJMxyBevsDJrU5m,9252.667666443444,1138494,$1000-$10K
2EeeVtUATZEGn3CpZtDbbY4VBKwqQpjKvYAkoSMuNEqr,9252.667606645113,1138495,$1000-$10K
62APeinDUBubswvEENqdGdSwKtSxAkgHpjVM2mFoA5i9,9252.629127360746,1138496,$1000-$10K
FFjU8JdyZ2xBVjyDZHEgPKXXpsXQdzkXwgTiFh34PJ5t,9252.596478734376,1138497,$1000-$10K
6MHnDpjjWv22WfNwi26gzg7x2noHsnMsSYoqP6CKDNWD,9252.57230370321,1138498,$1000-$10K
8DvTX2ThFyyReoDHK2XgkEsxaZhWi9htbenhL8aWhV7i,9252.564181640832,1138499,$1000-$10K
8V3mgLX3gAgidnmLkt92z3atRQRTxhkWUKyzk7WAFCzP,9252.516983517198,1138500,$1000-$10K
yKcmNiYoW9NCDxm1AM57e4qgXzBWqbzYWYQJTQBPpmK,9252.510859322378,1138501,$1000-$10K
7DAXXXmaLF43FhvZKYaBrBvqpDLNkwQpoCcw1oVndv5E,9252.506352513179,1138502,$1000-$10K
HXaapokxikcBtJnzgp5ommXtGeAKAeK6Wgow1UVJWx9y,9252.500294899244,1138503,$1000-$10K
9YG1fsrFtebjEgp1vaddahwYYxzqJHoyzFXVu3q2R2ta,9252.493115101473,1138504,$1000-$10K
dBiHtenY3wTw9NU5AmSGbuREDfjRgREPeDSaomenTBU,9252.464978721857,1138505,$1000-$10K
DxtVuxYfdZp1Z7YKpNwxFz1Gye4krpFLJxeWZY9M6QKY,9252.446691869864,1138506,$1000-$10K
8x66GwqNEUK9r66777khUBkqJnCbV8LTaoA9W3k4gMSv,9252.408017805892,1138507,$1000-$10K
DGxShndqGbituFrpAWBDqYP2hLgcRUR6Q8yoNpjMmjnD,9252.39292768383,1138508,$1000-$10K
9zRWVQNFyrKoxLm1V4hhn7oKjFJUVB2ubsGUGgdGXm6X,9252.391592597465,1138509,$1000-$10K
7koVc2ZfgseqoWf6Rs8wEt6XpaAQ3SrouGQZhkE2M7P2,9252.38960581708,1138510,$1000-$10K
H8s6GvCTFk48QoGzpabALSoMskpZXgzFKJXVDSpamki9,9252.364579702276,1138511,$1000-$10K
7JbHwumYYGkqe17s18zWSB5PCzjBRC9jdHHGtzH2QyuG,9252.35931999219,1138512,$1000-$10K
7GEL3kebxWUYXc4oz16BRJUrvR4TFDHjgLDZRxxYHfB4,9252.332001320843,1138513,$1000-$10K
6aZihD352dMtuYGi5atkCSeUzG7dvFMp4SsDcSAQSgJ8,9252.31421149894,1138514,$1000-$10K
2GB8uc1DzRQytpzzvt2die9RHoePPRvb7Mn1XNEEkPZT,9252.275984295815,1138515,$1000-$10K
5aHg2N6mT3PmPHyP1HyhswDnTGH89WTHnWXcD13dZehQ,9252.252620021092,1138516,$1000-$10K
BmFwaNcM635gXxWK1MgVoiLFG7ZSbifVSHEsgjVt5nXL,9252.24936891255,1138517,$1000-$10K
JePBLRkXJMYNKno7LG1wRRZHvEjWjFh9a8h69QH6EGD,9252.178300871892,1138518,$1000-$10K
3HLqGTKzX8SNtVxYeQfMZWtqjLPoAT2kq1ZvgVje7FL8,9252.164034697464,1138519,$1000-$10K
FdJYwYtVJrzLm9XqtvyDBDn6cSJNyCCNgqzCyZ5CC2zW,9252.07977800108,1138520,$1000-$10K
8DauZYaYiVZus3cwuc9XrFLQfsYBb2BYwDqHxks8f18X,9252.07606907742,1138521,$1000-$10K
5FKuprXVVVjGL8C7eH81NrktjdJWRKN9nr7Vc1xr7hMr,9252.06970477362,1138522,$1000-$10K
GiUdzoBm3Nda7ynDtJsjXDxhGx3Kn5qozZU9MvjsSdDz,9252.06212033303,1138523,$1000-$10K
2Dc38Jd357r8FcqpBJNq5CTpWWVw9ixRpsVZdhfPaz8i,9252.059380361408,1138524,$1000-$10K
GuV7fnStQhiUS1SfwxtKYytcbFiDXKZvHVPJurwgjrvv,9252.024716377931,1138525,$1000-$10K
8N2Gordb1dympd3ZRRyLaHKZ8WJLxSzZWXRPuXyaPnvf,9252.017079784402,1138526,$1000-$10K
4czPwekZjjsCCUb2U7rjZG9QMqUmY5cquuzYsRDXaCvi,9251.99985322866,1138527,$1000-$10K
8mwzf7RyRqCUA8iAauQoMYUaP5ZytLTeeUGaAPguqj6t,9251.994983667371,1138528,$1000-$10K
8RMeSEDMgcnhJFEUBCz1iGZJGiBXAZhfYaFEZoJdHc8k,9251.988611823937,1138529,$1000-$10K
6U5XAHURAFurrEmAZt7G84YXsGZb5C3ocQ5mjQ1pMEt6,9251.98477083729,1138530,$1000-$10K
83CRs3xxrixPetPGENSiKsHwGorTiJLNgCgAAuYPVJ3f,9251.9808457773,1138531,$1000-$10K
5zTQMA1mCKagfqAeWpfaKDsmXkZ16S7NkSsADMNTWRhU,9251.966991036536,1138532,$1000-$10K
xJNFKV3FBvyrodGiu3caoB6Aj2CuqyEg5DdPycdEBbf,9251.902474264689,1138533,$1000-$10K
BHfiBJvJn8fu1KBY99AVsVNTyq27ZxssdU2tr8gVgnFp,9251.892649812695,1138534,$1000-$10K
6CqfvyefMFhh1aqSppbPQ2vGPqzCW5c2See2h2T9XpgQ,9251.865386214127,1138535,$1000-$10K
6dwkmGWnoG4kTNDPiQdZ1MvRXyEzUL93zeunnGN3ZAbq,9251.831492821388,1138536,$1000-$10K
HZXSw5TMgnjaX7GqMrZ8DkQwLDmqV2wD3twPhFuY55vi,9251.824106022263,1138537,$1000-$10K
95NdVkZALgNsLbvoihisPJKYDNtiL67JfoDNyeVG2ggj,9251.800965956249,1138538,$1000-$10K
8ZZAX1R5Pai3BhYvfUkuTtQRp5zQKb7Hb42Wm4fDA5CZ,9251.798081463874,1138539,$1000-$10K
Awe7vM5zRW1m2eymvdW7ebcSJc4WEFQ59g97QfF6Vysf,9251.793395360952,1138540,$1000-$10K
5hGVYsUAZMjXjq1UEpUBBxtDw1qnhCSrjUwwKJ6wH1VK,9251.787242763978,1138541,$1000-$10K
3dFwjqzRaJj1yXzj7SMgS7zxgMMnmrMuQkRa4QNSCaap,9251.758014894373,1138542,$1000-$10K
GrCn8cDpeL1YGhMxg2KMTiLxvoTWCFjMH9R651X5WfBV,9251.752731880313,1138543,$1000-$10K
AmgDAjnuR4K5FXQcy4PBKMEXAiqjRRud63397wX5Qmky,9251.705147458919,1138544,$1000-$10K
9A4DWX7RtkMsrtJE4d3YZ4puGpYRWM3SQftZX51ZYpPD,9251.703992961164,1138545,$1000-$10K
8rNnUnfShusW1mf6xaGp3Wh1kkivoHufmcxMUyo6e4JG,9251.683888589285,1138546,$1000-$10K
9XwcaDibfRa1vXQkZfvRLrLrtJkvNfgf5E3zX4DmSVdn,9251.670944110696,1138547,$1000-$10K
E9g1s4YZzBc7LwUvyTQFHzrRJrPKheAZu2wMom9xZ47v,9251.652280935225,1138548,$1000-$10K
5V8KD3nn5smP1tAtf5GeJuEdF5ZZqYg1bBM7oCkHZeD1,9251.62613951483,1138549,$1000-$10K
9J4XsE2x28CYMMNomPMHLLyskfQPFMsBveqREYt2CSaS,9251.608063349202,1138550,$1000-$10K
F5ruNCXyGa59JNJi49bX6f2PNGzsF8iNFPVn69QKuvPW,9251.583089420335,1138551,$1000-$10K
C8Fduv7yXf7JRbZRp1QtPq7NFcfAsDcBm9RSmYCsj8S2,9251.582885671185,1138552,$1000-$10K
7XYawLCJLgVwbk7nZ94e6CTvxjBqfHabv84fsZsEkPL6,9251.567870224173,1138553,$1000-$10K
8LqnEBMhYCLqeSTjiXo3ZKa7TbTdJM5zyN9bSprDZJHr,9251.56631821571,1138554,$1000-$10K
EV2X42PwxCBDZxL35YT4bTJ192qAhVraqGQbiHagNoZq,9251.561918048235,1138555,$1000-$10K
EXTT3tzijTcLSaxHjQfWXowNzs63AY4qNUcJsSsuYz2u,9251.511989589415,1138556,$1000-$10K
HNR2aiZVTnWmwNAEyziZgSpAaiB5QhAXBPXJP4dTiYNi,9251.506858734361,1138557,$1000-$10K
CKc5gE5ptA97Mkx2W1Q4Fnyhm8pnwooF89L3aBZJVci4,9251.503643663986,1138558,$1000-$10K
38MGKXGsV6DK5sjBreGzxrLYd2R6F6jWayd8dicBSPfB,9251.48461808224,1138559,$1000-$10K
5naGhaV7TZkzEzuTPk5ufDcimg9PkzU97wJQ94vhyJ2c,9251.477267243026,1138560,$1000-$10K
GaadwF4y92JuAJJm6rfXx35aKrdgzyDDQhqf51MGsKcc,9251.466326182877,1138561,$1000-$10K
3Bj7jU2dHuQajcziegnoVsiRFCjR8PseL75cz1ohpgem,9251.384305685213,1138562,$1000-$10K
8GxshuSCNZj4GKzFqTGtTxL9AtMe5Vb57JhegXbLmhCi,9251.362047394588,1138563,$1000-$10K
JDjdBciXYJTvYjmSFknsrree1qckTtwXU4yA4kc9EXqr,9251.34524865654,1138564,$1000-$10K
BbH5VdM7z32U8DMbadUkeeXenxmVNKgsvSgpt47hZKVP,9251.33869832203,1138565,$1000-$10K
5ufeuLPbnuwYwacqoBsQrTkWBubGjjeMw9MvNPM4UVnP,9251.337849702479,1138566,$1000-$10K
FALiqurxZu7ZMEXrxmCX4S5doZam9P9uoT1SnuyfY3WY,9251.337292078593,1138567,$1000-$10K
EvYwM9VxuSzz7VgSpfXUtVZSyYHYtqyx5FsSXSCYVBUx,9251.271892736373,1138568,$1000-$10K
Dsm9XwPtWntALbz9sGeYoXGrhqN1jHi57Mr1BRNiEs4t,9251.241654045161,1138569,$1000-$10K
pB6sjL2WCbbU654j7pqYbY3hoiMYMYCaa7qnD5qeJ2E,9251.2414208232,1138570,$1000-$10K
AnfXiWsBweQgd4CfJV6yz5m8rQ6NxgSfuqtfwkgzdNTH,9251.214346220842,1138571,$1000-$10K
2Miy6QBvk4HP8DPtcPpgYREEtZVJDsdSs36pne6iFqvD,9251.195031649147,1138572,$1000-$10K
4s3seYpspyF7HkVHSP249nWYNTwWonz3mHXkNRW5t1Gp,9251.190486601781,1138573,$1000-$10K
ENXxwkcPHYBTLC2QYJod2RYA1uDN7PHN1HN2swBzx7fa,9251.170713177202,1138574,$1000-$10K
DN5pxaV97KGZ3DMLkhfAnnPJSrP2e2Tgwm9Jvrao3h1N,9251.162896896907,1138575,$1000-$10K
Dm6tLSVnMxG7MkDeuB87NuuK7NALpqngTkEccEkzX3EP,9251.142521475773,1138576,$1000-$10K
7GFfLHLkaRjbAMZrGGHE2489TdKVJJL2Tqh165xSfwKS,9251.110176802222,1138577,$1000-$10K
4foUXwcFfXweKwPrHMdS9bgowLK2HNEuGesBtcssdtoC,9251.101730983552,1138578,$1000-$10K
Cige3iHadqeV5RcnbxejhujQyQQu1DzxcJnXPsPrq8sc,9251.097405847002,1138579,$1000-$10K
DY4X6XF43S6ob9xSratUt1fBvB2iLQESkbaUyDkEGM7M,9251.088608683629,1138580,$1000-$10K
8zv7SZVAvacPkhfLSk4pB7qj4zVkCGSTmvpFuzYRuaxL,9251.07246750201,1138581,$1000-$10K
CqVGf5Mbexha2rqMJE4tswRN83nQyiBKMBimRpfWJZ49,9251.07208571948,1138582,$1000-$10K
BuA5qf3E4tJQ62DA7mGEA9nQEU1x7N5WRvbM5K4vFnKJ,9251.066907802684,1138583,$1000-$10K
A1fitj1Yd3Q1LHNrYGyc1xDAcgcamwF9cvfssgabKSdX,9251.041953912021,1138584,$1000-$10K
7hZ82neSnFtE2UJ88gKuXsg6wLvyKg8wjebcXnnSNK9V,9251.037666470113,1138585,$1000-$10K
BMnsCkFQPZUVcFmcAYRXLncbENQt2MYDY8vPeFhxgMs3,9251.03503638144,1138586,$1000-$10K
6capvBnnVp5jBtAnh5iJJLdjmiQ1u5SUrRwkurKY9VUH,9251.028367155279,1138587,$1000-$10K
4mpXAtgk6WYjaXoDWLPR9gEYsEfVf7YP26iyNybQc5ow,9251.011404193534,1138588,$1000-$10K
Gvrgb8h1KNDgdttp1KwzzWs93JnRbPGRwGy8kANpvoC2,9250.995771910562,1138589,$1000-$10K
DbaxjeRtLpqXziTQNzfGvVqMZ23iud7vLF38cywuLhKu,9250.995528520783,1138590,$1000-$10K
4c1CF6hySfkx6X91ABcn66DbXNe5PP6bYBdtE822KBig,9250.989778349873,1138591,$1000-$10K
MLGyRKHFH9t1WyHEPR1byNVhnQHgUjhK2JVLQbAjKQ8,9250.97461759942,1138592,$1000-$10K
GHKhyQx69G28d6Kgb97njkL5mn4vzpKxF8YFkPZq1LNg,9250.956506310013,1138593,$1000-$10K
9XQKCorQZXV3xXNdv84GtT8LKcd324kEmuedjgXmDYQs,9250.95382166155,1138594,$1000-$10K
9NGyPnu7AnzoN6mfLqvv2fwtjR4JJx8osSZwE2HxX3P1,9250.944183930329,1138595,$1000-$10K
8Uy7PUD5HBSeXCog3Jofq47our9EqL4sUrzbnUBTJ7iP,9250.933991449598,1138596,$1000-$10K
EVDeyLwwa2zXARhrHAGZD48izig2768wS2MGuchLAY6S,9250.916808597807,1138597,$1000-$10K
7tCZZipqubvYuNY9UGR5N1wQDYFpfhojSyp8wYpx3MNp,9250.88962916941,1138598,$1000-$10K
hjCy1JYb3jjf26WAtRM4T8MFk9CDtDK8RdeEeMKw2Cx,9250.877289863507,1138599,$1000-$10K
8itCtyQxsrP5tMxB91BG71gQPNfDCGeLMy3S62vU74AQ,9250.84837017955,1138600,$1000-$10K
F5WAPjisCresaf6UJHmG1rucWsGAhwH9i7K8QSSch5FK,9250.844970627539,1138601,$1000-$10K
E9tVM1m99CvNki4jJ5fxLsP2KPkvAqMNdqMRirUrr14t,9250.843374849726,1138602,$1000-$10K
5kE8E14HM6H1J2FWgqmivxpBzMrSa6pd5wRxhzH3XxfX,9250.817898654093,1138603,$1000-$10K
6uUSHmHuhtLAHS8WDTJRurJ9uv9t3wpHcsHRtscdyWFm,9250.793046510853,1138604,$1000-$10K
8YmV8qtbyJPhpMFeDxgKCuhNHHLjNuEP4VT9otGtigyv,9250.783459252956,1138605,$1000-$10K
DPEXFT4VA6gLuGtHUfDo3NepnXFCrnPJ2Z8cEcDrRuG7,9250.766258978516,1138606,$1000-$10K
4vxmNTbWG3ia81dyWBhSfrWkGuDhfDWAZjMtcCKrDea6,9250.758001513417,1138607,$1000-$10K
25KQ8DQjNn9hUMNYR1vnWe5EVkbeMQWp4Sus9wh5GH7B,9250.753652654817,1138608,$1000-$10K
HSEaCMM4HXhne4jQAiifwpafsPRLeWgKeyTS1mnphySU,9250.716496127183,1138609,$1000-$10K
A5DQ2d2izzqXxxJy9bWAgFsFB4UWhjC5kojE9BaUo77,9250.71193387792,1138610,$1000-$10K
Dm31dcq84Qp9gagQDmuGLhVV38RpG6KjuQNhARuFDqzu,9250.67359787515,1138611,$1000-$10K
HXP8KtXjCVtwAbCQrjv1pRQtFq4KuixFjr7364ruBkFn,9250.649417233211,1138612,$1000-$10K
8dNtCNDqS3YkKUinnrjUubqbert4U5akT4oJUkxr5kub,9250.647377591931,1138613,$1000-$10K
jXXFqAWNRhXLY8ioS2EhNtMMTnCRgFeuaX2Foz8bk1u,9250.645623570654,1138614,$1000-$10K
88E7XeKnVVLKt6VHNZGX97PgVsnFAc9pbPyqi7xeUYzp,9250.619486678057,1138615,$1000-$10K
JDtF2qwcymG4vKS4TPPejgkFWeu8QmE6wMwGz5NNyL7j,9250.618394643201,1138616,$1000-$10K
7Ye5Sq8cdPHCsQZSrA4HogKnFKQFFs8PBSnZ6Q71HwwH,9250.614739789255,1138617,$1000-$10K
G2yBPBTZNxVBaDUthxYNzRfFzvo7Syc6eVt21QpBdGQM,9250.571082607332,1138618,$1000-$10K
D3AH28aZ86ASVZnxK9cfhMQbZehPWPsodgog4HLM239S,9250.559093292477,1138619,$1000-$10K
AV3LMgvSMVbtYGNzZtwL1GDKXnzBNwvS9f6yPLvSzq1x,9250.5385872659,1138620,$1000-$10K
3fJjVJvG254XAx5NcA9TiYj5PPVVTikKBEQQkunK4Nyt,9250.53846319658,1138621,$1000-$10K
EfanEGxZKXkJ4zdfKgLiF7FeBhoDzGGaHGzgcerwJ17W,9250.536805035103,1138622,$1000-$10K
AvsJKR6SJjmTCNVyoWtADK3URJNe7YPPkaic5CfNxoV6,9250.533922377881,1138623,$1000-$10K
JA4w6SLbPG1voU8JRuzzH21A4cHJgGxvaZEXg21yFCUy,9250.526591178754,1138624,$1000-$10K
ENWHzziqqeVUgiSqHWrbzUnEDX5FEuehmempTWghUKss,9250.525249972641,1138625,$1000-$10K
H6F968ySD6X8R9RkGGZgxYePLo4xQKHGSKGueTWVouTz,9250.514218134453,1138626,$1000-$10K
J6EVuXf9oRtg7vQFHd4Zz3gxCeLNFhwi2b8Q7fofKfW7,9250.483771410667,1138627,$1000-$10K
9uHk99sVgN8k57eQcenwQEAw1FCyC7TbNjmncYL3RmYK,9250.47377294938,1138628,$1000-$10K
G3FpqhxZ8x5yN69bpGHSPfvy974W2EGXXTZyrafKuECz,9250.4719168791,1138629,$1000-$10K
GnvJVNUe9AjXy64f1ALXWbK947LrPm8Az7oUPwgXPtmu,9250.470849035912,1138630,$1000-$10K
FWQeNzvH9X8EYMDnjdtshFobS5yBUmSyuAwLdLzDFU1H,9250.462729205305,1138631,$1000-$10K
D2ZP4PthqyL1yzPcaG45HqqcCHycsmym3NgDSRRWzS9f,9250.44085992087,1138632,$1000-$10K
DNLXgCKcvaiZR6k2C21B8kN7uYm1FTqPWb3GzLGVCKMd,9250.413364316471,1138633,$1000-$10K
2bMgxY7sMkdTfKaoSeQCNwMc5bneGsFiKmADSJ6eFbAc,9250.381091407742,1138634,$1000-$10K
EA6K9FHbRktWPESuPL2fnqypwYky2vpADQNpFTfnjZ56,9250.36404940203,1138635,$1000-$10K
Bme4MWp5rbCmh3XUDB7b5aNp1tZt6jr1SFHAS5VSwcee,9250.362593564498,1138636,$1000-$10K
FHyaQMiP8qrGb5zhGMqb1hPY2uykWyTnfHkaH7S5QxYM,9250.359639105998,1138637,$1000-$10K
34yfxyXuDZ93wqAWnqnynJDhBBJMeuypikvKiHvVzskf,9250.35577649545,1138638,$1000-$10K
HEpqDuL5mX6gmscZ1JXADVNgBq7qvNaPkJVwXNvMFVq8,9250.341047619857,1138639,$1000-$10K
8rfeUmb166fseXRoHoi66pG31ediCGjZSPQ92y6nPSrG,9250.330526117616,1138640,$1000-$10K
Gf1wmeuLEgP4nBTr75z1uEcTupSCtmTuMJd2ryPcpc2p,9250.294459960807,1138641,$1000-$10K
CZDueh4t6pCgLAfFdrwEaYz44MgkqDqKS6hQYHukbDwC,9250.294182258649,1138642,$1000-$10K
HqWagzboXFBmMNxZxoHe22CoPpXwAPewv6beWyMFny3y,9250.268773667496,1138643,$1000-$10K
8dQ9Ex34MUGhbQB583dy2h9wJ62PPdfpzwfjAzan1KzJ,9250.260634348639,1138644,$1000-$10K
UnMrKyXhcSpYcYsHgd7ZJfEzHDM2eYGuC9xJ2WNxexY,9250.259860203785,1138645,$1000-$10K
5bSgSMvJ71rAkDpDNGwEbewGr2VBVjXJYZsxp1kvVcJ,9250.25952188893,1138646,$1000-$10K
2P9bDjZH757dhaP3aQbtbvNA1iW3t5H5TGB67qpFQ5KY,9250.241688455246,1138647,$1000-$10K
G7wma4MZwNPNTctWxYLq7Z3WGsbFnhCCoTzhxZPDfiRY,9250.173635357927,1138648,$1000-$10K
HY5NmLHgeweXaqTeaDRummXP9L6QHptFMcond3rSQLnD,9250.164302137011,1138649,$1000-$10K
5aY9Jqq9Nz6tbNvYeNWkyuZcoaoLoDKZqTNSfHHKDxKR,9250.14706034339,1138650,$1000-$10K
EVY11Kzfet7rhQhSuMT2dXKokXhthfPh2uASUCbVH51b,9250.109978697456,1138651,$1000-$10K
8MMbunHSMhXtkHCLA1EBHUJArhevnE5kZ4rJRnk4vDt1,9250.101686370106,1138652,$1000-$10K
BFK9ZzRJbJaG8deZ5ZAsjEDdJ9J7LHr5xC7TbRNDp3ZQ,9250.065228682577,1138653,$1000-$10K
8j9eo84U2pyET6k4mc5t7XfgFHuyNBs9gs4otcfY3AUi,9250.009979121918,1138654,$1000-$10K
2ycMu4f1ssu7NtJgXa4h8Qjv5Z8vSRNf4jaZkZtCm5V1,9249.999086439464,1138655,$1000-$10K
2tRJk7jLWLqDgfrrth1eDwaPwLzepUnBRYWyxZoMB3Do,9249.980729113544,1138656,$1000-$10K
F6knEhajX9Myf7Qof7aAXDcTbZD5tuwUzV8EoTcMKxEY,9249.945518198836,1138657,$1000-$10K
62RpEdoJ8dUc95RAKWFdKpWijoQev8myHxvEPZoLzP2b,9249.925106216062,1138658,$1000-$10K
28dmzhsb8NUDkhPsMm5dJHRjfnZ9Y2emKibaVznh3Cfn,9249.898445556499,1138659,$1000-$10K
C9bsD6k1eKejF5R8xhEDYCafDi5jwcxZYW1KmpKB6LJW,9249.889627812589,1138660,$1000-$10K
GfVXS1rN8A1bkSXWJ3CfGmrwPx6yVyapK52rMwZqG8bY,9249.877040907075,1138661,$1000-$10K
a9aHHGmeLBrQeLZQ1tSG7rK4cdXFf6NdHMDh8qKRUNU,9249.875477389289,1138662,$1000-$10K
DK6yoDB4hpnnv4yjH6ttKzT6UHQCntQiZFZov5UMgk8W,9249.87103901474,1138663,$1000-$10K
7mcDMbdbgwqnaWzdyzBWKi826TxhPHMvkGPDgGxLKEmB,9249.851278896549,1138664,$1000-$10K
4ukd7zga6Rx4vDun98GpCbdxsN5fuN3pNoKwDDtuatkB,9249.850774626586,1138665,$1000-$10K
AjNVyJbn7E9MNgy5dTqa1tvBdS3pXEuHXh2SeaGoq1ZB,9249.842338146867,1138666,$1000-$10K
BgtEUQ1njFWdpEi1EnWDc6UKwDcMwbSS2N6dMHUqgFok,9249.827830127515,1138667,$1000-$10K
CTrjVLgDB3kDFjyaby5J1MLrJjsyrkmpm7qk4PY3Mp6C,9249.793447567446,1138668,$1000-$10K
FmgmNTi3UGLM76i7rSLyBmm9A2FXa5LdNwmD41AhkHjX,9249.791674469257,1138669,$1000-$10K
DxpJLNLX1BxY5XUBxA6jyVgmKyZ29rkZmMKknJRJFqUp,9249.782070595513,1138670,$1000-$10K
ABedDSZhxN9ndNRuA4B519GgaiC7ck2uLFitntRtwsqQ,9249.77375073548,1138671,$1000-$10K
9Ro1dhPhcw4TJkWcwzinqn4G6C8JycDvBQLpxaGh8rJe,9249.767205249793,1138672,$1000-$10K
9WWaUfMRdqiAA1LMDZCJk5P9mGfEkQbDds8fAhSeHcXa,9249.766655406742,1138673,$1000-$10K
C6wTSBXdFsBk48zzTZwXg2Rv8kCYUeW4RxGE1BuyvMX7,9249.698584118469,1138674,$1000-$10K
Fr1G7VPfkesJL9fkj2hffvNbnQeersdR94wunPapiG7E,9249.696470771734,1138675,$1000-$10K
Ykxd4nS8HkWRUJGXts6aVeaGFFhHH7thpXq1bFEdciR,9249.673852365282,1138676,$1000-$10K
8f7C9QHLkgngyQnuWju3efASeggx1mCU75AbvobFnmjj,9249.61166472221,1138677,$1000-$10K
DPbpEuQt8UjTq2UbvAAs6f3ir774TRQfECMeU6KYJAS2,9249.605810897277,1138678,$1000-$10K
FoZwKb8cZK9UXPYqG2CVJxtrUxqFKNuMTZUw7NPysfrY,9249.599329575984,1138679,$1000-$10K
GBZ4KdUoVJw2X3GEYWMszVPfKu6CWdzQe9mDrrV2PGCV,9249.555829406121,1138680,$1000-$10K
H6n65H98YupUM476QcV3Xgip5Wq7ha7psYgMQHr77Gw2,9249.546462534803,1138681,$1000-$10K
9e5msFdfs3YHy7UJNPftuR8SJdNQLBXB6QGNUbWDYdRz,9249.524474352318,1138682,$1000-$10K
2BHa2bzgaeD3TzfgiSXoEXVSsq2hgpdG93y8dLmaPP8B,9249.523806361676,1138683,$1000-$10K
FEUe354oqbt67YbSMrUURJjtpwYFtDXMDBN4C23uhUSb,9249.509780943938,1138684,$1000-$10K
9qZVLQSjjdKNeMjGfmS8Te2T85MVNS7HxCokJdwsD2K3,9249.437735456651,1138685,$1000-$10K
33VxeCN2TxkebRoLQfz9hmm8767x6uSMEWQHE4JBp6z2,9249.390608143129,1138686,$1000-$10K
Fkh3m9eV8MaPd1nznCH4gzM1tEbFa9z2PeahbdMKYfYY,9249.376370362363,1138687,$1000-$10K
2wYFwRYm55jGHiLWSGHwXjk2Ty2ChwujtHhfjNyodoRb,9249.375137288644,1138688,$1000-$10K
AYyNNxvjHaEf6bAwaAbjaZK4ZvWAynYF5KpFE25mm7KS,9249.351516391953,1138689,$1000-$10K
EndcZDqAzDeyyYrSFMQ74T7vCCG76Sn5Ag3pDUu1bf7v,9249.34489170477,1138690,$1000-$10K
EagHjtYTpBB62VvEpikV2XrxBSBm3fHSp1HbyzUEEPst,9249.329364511073,1138691,$1000-$10K
2dpdGAG1WpeCG2GZPiYC75DH5iRSeDj7FL8JBdsqGYgy,9249.32067372994,1138692,$1000-$10K
2MjnudwWB1pehE3Mc9GMDLRbu7Qrk3DXeZMTwz4Wq1xs,9249.3188930381,1138693,$1000-$10K
6MFLzbmobWT8XV3KVAoDatBUB6p3yoNcgScRPzd4617m,9249.31235773927,1138694,$1000-$10K
B65CVgx7AzBFSChDXYk9VpTVwMCdryEfuMwL3QgPjvG1,9249.310497105727,1138695,$1000-$10K
4QGF2eu1aakbqjxtCbjeBHyysaJXu2bZjiYR7qXnZNTR,9249.248673239466,1138696,$1000-$10K
EN5nWzZKqQh95xfNzHPatqJJ25ccQLeK8Qj6w6cgh1SB,9249.230606123629,1138697,$1000-$10K
68sNxwUSBtAv7Wvmn7R8ogHGLXx3FXURZQhTpfCpFVqN,9249.22974549519,1138698,$1000-$10K
8szjzpf5QMSDz6xJiZ45pfqkcfi6XpHAH9JXqnDeg6z6,9249.214639431906,1138699,$1000-$10K
DzMNNf3KW4mapnEGgWdAcVVUZt8EQZEUSrRirJkKsE3e,9249.21445746297,1138700,$1000-$10K
9uqztB5Jpi9tzVCrX3s3djWiTRsdkWGvhNJPxHzQmUAf,9249.177126973453,1138701,$1000-$10K
DAU7zPJipwc3BpTMS4GCjAn6yC4kGmFmt1JYBdyY6fKd,9249.17425494321,1138702,$1000-$10K
EnbwfY6Z91CMvu7nTwavV7aDYPpM7BDnRkyVMrnCEm2w,9249.173023537343,1138703,$1000-$10K
BZ7fwts3EA8KwFoRkVrdagGRUV56EVrRM8oEf2naeCNB,9249.164116396041,1138704,$1000-$10K
6RJuWeFAvtJ93nbFSk5AjUwpXanxm3CRVXdqR7qNPWe1,9249.145348999617,1138705,$1000-$10K
3t35ZdbumqzD82r5GqJU9GeSgwJPvPhaxnriq8hus1BF,9249.123192346564,1138706,$1000-$10K
67VMPdKRhp7am39eFfvuVNzcbCmjAP259LTmBjkK1UYo,9249.10280088241,1138707,$1000-$10K
Ae85WCLAg6N1xhSokjBSezirSLKCR4GwWTiNgGdsEwNq,9249.095134587662,1138708,$1000-$10K
34XREbtawGkeLzN5ePgj62BHQdu9aseVUYP7CtJHFBsu,9249.088300169033,1138709,$1000-$10K
BvuiCjDiTkea55JGiPtnv31BmXMqYEvCSDKXDTsrB1J9,9249.047292944151,1138710,$1000-$10K
HhEWWBRSuhwpaiec9Vx4ayXDN2QPcMQNs9eqtpp8jrGQ,9249.038275836889,1138711,$1000-$10K
9mxrj7xhpjS2eAbYTBZkof6HQR3otRhr7HfqJuF7deyZ,9248.99847350992,1138712,$1000-$10K
9Zyb4PKd5pwVJ3U1GHDtAY2zMsBWfZ2BgqAgtruBM4iK,9248.99356502343,1138713,$1000-$10K
C41SJ6gwpTGCAK5Lv56anMQzBQUDeYgNQLVvGdR4ftEq,9248.971056113756,1138714,$1000-$10K
ELLAeWf69QrvKNm8Cv2WPgtY1SCMJnYj61LC4JyZYtZx,9248.940532352999,1138715,$1000-$10K
FCHfDF4PN1aCej9LNwSfnWAibRPCaiUEz7t1Byf73MWf,9248.939510360133,1138716,$1000-$10K
5YTDmsQgYwUTNt3YnBzgGLWgR31T7sMYfFUXXYChUKok,9248.936015539137,1138717,$1000-$10K
2NP1TYkxgLW1vHS8P7WhKc4oNtKFmtQserjFMiHdZptZ,9248.913451329645,1138718,$1000-$10K
4GWC281Bgg4cvJ68Kr5hEg5YZucUNEER8cDUJMQTCepj,9248.901994298441,1138719,$1000-$10K
63JpnQrKPCHBnEzrrumJbcG5gC5Pmu1o5ZMSnJ1eN6xZ,9248.86686752168,1138720,$1000-$10K
Femf9qD5APHaPBW895W3XwbLF6TmEzLKM7wRYATmqGBH,9248.858122975853,1138721,$1000-$10K
5akVdwerPRbFR3o5T1s62ZuBEYWQe5p4KDLxMViczYcz,9248.84257459679,1138722,$1000-$10K
GmeLYnftfUYSxhEUxV21D5s79XiWfxYNajDJCahGCEY5,9248.834878047615,1138723,$1000-$10K
2V2STjjLiVnyN9fQxKCLnw2wRpRYrZXYCTfPvG3bQJVF,9248.816608121537,1138724,$1000-$10K
2JrUYofHEDmn4nRKGVL9qZTbYErS2V9W3sRqAo9BQki5,9248.798723539314,1138725,$1000-$10K
98etB7J99GcdKPtLnwqswbs7HDhAGkkd7YfPnejLugHX,9248.797560946125,1138726,$1000-$10K
FJLEBkfoiNxHyFY39bWiaiwBbGcpjSuVGbfZu7kqh2Dt,9248.772948028649,1138727,$1000-$10K
d63K9RHsw3CPpu2SyJtW6mfdQzjPAgWgpjiKEvnBRgT,9248.77014987194,1138728,$1000-$10K
HBWujq5GARNdFJRNDGZTsEJmNi9ERh4keaorwjSKnd89,9248.745791656895,1138729,$1000-$10K
3XVxCMcUkGTPM2PnXNXUkxFK6ebmJHH7pNT1a9Fp3fYZ,9248.740049395274,1138730,$1000-$10K
9z7fGRwJA5LVkFUGgs4ygntWjQDtd5Yk4Zfxp5mb34J8,9248.711886218047,1138731,$1000-$10K
5vTTxmrRUmFD9gDJRRxAha11KmTKC51vvrKQXJTwyyhS,9248.623539782098,1138732,$1000-$10K
3ibGPHM3MmXD2PdcSNfDs2jZKwYjecSMErTj3Vp7PtVu,9248.602817517469,1138733,$1000-$10K
7FhAY8DyJF4skr9mzVrVLqEZuXcBPheQHXBDTUJagEbq,9248.573045808156,1138734,$1000-$10K
88yp3iyb7ddeuMZD4agvoNKAniMrgZYEzpMmhTP3oLq1,9248.566313204938,1138735,$1000-$10K
73UNPMidmgFbQaL6DLeYgoyiQFEUAtdWtXJZU9MvtJU1,9248.554949634006,1138736,$1000-$10K
B1zYqkuTsv71JpU1P64g3CD4nbSnMqKrQothZc4PuHGm,9248.497920521806,1138737,$1000-$10K
9jHUMtxbRQ2FJWhiVQS9bArAD93gBZNqdLjYrQGCL47n,9248.484773954819,1138738,$1000-$10K
H8Ye19NfZznVEB36Ca1jk8XfcJmsujehMWubeLoNL7Ei,9248.473194818169,1138739,$1000-$10K
H7MPFRfi5Ye1pFAUj9XxtvUsgnDdT7KkGV1ugheoD4eD,9248.471647693876,1138740,$1000-$10K
BLejgjeV6AM5edCWtU3abvHwwu8MvavHZja3eqRU3faP,9248.46156853681,1138741,$1000-$10K
CwfLT1a4ckENRFuDQSeiXtH5q3U5QT6boD1VNAjgZc5e,9248.440756608,1138742,$1000-$10K
EzsYBAxgKCRJ5LMcnSFCwunNW2FJYDTrb4TX8AyZBxyX,9248.428603763898,1138743,$1000-$10K
8GByhki3qx56niLyxLa7PmMbMar7dxSUdArCQiHezmBZ,9248.417213901965,1138744,$1000-$10K
AVDTfeByPWnad8PAd3jSMGmHDJhhHt6aS2i4ZbBv4UBP,9248.394851476163,1138745,$1000-$10K
9kEKYUVKQMzFUp6ekjQKYJVt1ey9rtrKXDajRWhPf362,9248.394203787026,1138746,$1000-$10K
btRGiKCC7usJXngJRLDfsoYBMQUS7aEUDNBu5Y7EP9M,9248.33898188908,1138747,$1000-$10K
HvsoVfs8bFbpcNLHhn6X3k21rNqukNg4LhcX1jSYqJn,9248.309367933425,1138748,$1000-$10K
71yDEnp2FdfAVpybAD5K9C9njFYddyeGT82JJ9gJk95E,9248.301346704935,1138749,$1000-$10K
7TDKbvTWfbAD2kLedAFSeF4KvnTAkHAQQcrHP4N2pPvV,9248.28924931089,1138750,$1000-$10K
135qhv5mg6q2CiB3zQMQyMZXPVUhEVfAyifSPbxta9J2,9248.288466900776,1138751,$1000-$10K
Ac3nVjoeAsMdpEpxTpn9KwexitdbV5A8qn4E1RN27PcP,9248.283971825957,1138752,$1000-$10K
BaMjSkTYbepSiNCn2nvbj7e47expX3Y6Bn3a1bLNrLma,9248.274056350057,1138753,$1000-$10K
Arn4QW2xGXrfSgoYwVrYQa89rd2LwZUAja6Uu8NePKxM,9248.252725900578,1138754,$1000-$10K
JCyDJWHitc8rj8xgNEaHrvECwCyNgm9t33aoebU9KK3m,9248.240235458901,1138755,$1000-$10K
AY6EceVEwN4cdrutFgCw7GAth8k42fbmkY6LJkV5vLsV,9248.193382907575,1138756,$1000-$10K
3tNFFCFz6m6mtd3Zu6QvMJSRWt2sa5qKuqTGee1uUri3,9248.192976525293,1138757,$1000-$10K
BdECYsrpcCRC3ZGfSGFknnEK16dtqG2E8AgjBm6uPUDp,9248.173009080007,1138758,$1000-$10K
CaT4xHrxnpCevppSFgbWcXNYPLocR7ChhJE2QxjfwQcz,9248.155446210858,1138759,$1000-$10K
TeamQVx1hWnNN8AV6g5WeD2ub2M8zQZK7ZVkPtf37Wu,9248.15014598084,1138760,$1000-$10K
CypC9WnbYMozU2bRRxW1pqNtsDRm5LBiiBLqW5QTcNrE,9248.144963041119,1138761,$1000-$10K
5nz9fXbqLRsXZz8VDYh1RuGrMDxJ6MrdZvGrbZbezEqP,9248.125797374589,1138762,$1000-$10K
87qJXdhq5QjynSDr3AtUjqNbXZ2QQM7AxN3dWYjAPuur,9248.086812665035,1138763,$1000-$10K
2ZQTUNdUq6tT93crGogwQsEyR9S6oEUpW9gmraFFZSyE,9248.0846789696,1138764,$1000-$10K
5T2ZgcETMXDMHr3XeTzEkFLUdftZtVGtjNKeokvv9H2K,9248.08229598709,1138765,$1000-$10K
7ypgFis8cHqf7W8xcXBKGFtAtatsk8LFifcafgEVc2xP,9248.057515123175,1138766,$1000-$10K
8qT76ZshU9UExZ5wz298ipSjwPV8CSwpBwpTvHqGse8Z,9248.04008819232,1138767,$1000-$10K
AtkGbuadbEaRwCxz9bTqrJqv2ne41PucYBu3yL6TSGZP,9248.019188534206,1138768,$1000-$10K
EWQwnZexqNbLUfMH12rP25LuLB7bvQrgTfQcCkvyq5mP,9247.98531512406,1138769,$1000-$10K
CdW79dhecNnQ4nvVZ21ta4YxEDxqmTq5SdoP9cG7J6Yp,9247.941287498592,1138770,$1000-$10K
9iyG2aWQzysYuajMWANk9A6vTAgNCLZzaHdnYnY5AiDi,9247.893231112983,1138771,$1000-$10K
4a7LJZhRhLZP25u8A4jW9JQin2sgJYMr5TQJXKV2bH93,9247.890927138578,1138772,$1000-$10K
4z8M5Tgyd9uRDQEWHezuFQcrbp2pqK2ZJZDW843jLBg,9247.8903363333,1138773,$1000-$10K
CXTRKDPy1MUEr93DoL7trBwtThbBZE4GeDMWByEm5DHT,9247.88789259198,1138774,$1000-$10K
FLia9sDWg6sqKqn2gNzKjMGrFZcBDJdEMFGEks62wN8R,9247.868847543683,1138775,$1000-$10K
4AAj7rh4LHyiJsKFjb5zrybnxGZXSiek5LNHzJvWdsZB,9247.864416247856,1138776,$1000-$10K
3MYrFNdsp5gaGtNb3swAD9FVHdpSPk4LWjHELvreDURf,9247.861651984596,1138777,$1000-$10K
GxMHJPfo6kJQwraWkY7YANXpdv7cznPveFgjYHYw7kQs,9247.853869192852,1138778,$1000-$10K
DKHpFvFsMwkM5Bg9Aeztnxi6CKgWU3DZSJa87JHc916k,9247.76467980133,1138779,$1000-$10K
4aYJgoAFrnB3BUWH23GTpJdL3rTrCLoMwEFnPKk2EQeh,9247.759625227129,1138780,$1000-$10K
AfwSyjSCiSsCB9cEtDmrT3dR5t89EDnhgMavcttkAyoB,9247.755991258578,1138781,$1000-$10K
3oWawM3HDRZi5keuPdQ3JjLoHE4Wm4D5FMdFPZAWvMi3,9247.749755327684,1138782,$1000-$10K
33CQEfmzsbxWRdhFzJjA7wi7HEJuHJLDx2J5TUtAfrnc,9247.720392511726,1138783,$1000-$10K
9jxgCEmyBsJhwX9XcJkb3b2LGouDMZ3VhcdrcCZLJxBN,9247.710416230366,1138784,$1000-$10K
GojoVNQ5JxrkdAgRfKWuh4b94Jq3714ZdHo1AUpEvb4F,9247.700884719108,1138785,$1000-$10K
9wokyS2ekgvRZLM8p9Z8t4GBrrZS8Ys12NXDzkKxgggT,9247.676109711374,1138786,$1000-$10K
7i42qFwFR4iX71XpytBpFouRchZVQc3M87BuChw6BzMB,9247.654416110212,1138787,$1000-$10K
2tHwFP1swJyfK7989MzYBupaRRA2pLdMoPQuQEnip2aV,9247.646644289443,1138788,$1000-$10K
73EL77m3gXjZkACEhAHGpW8EHwZHZZ1pnPGHjs2uktJ5,9247.63301620927,1138789,$1000-$10K
ez8cNbPJLtoxc1VNCF97QodwcTD65V5GkKzcgK4sGpN,9247.626102783146,1138790,$1000-$10K
p7dSz7CZWFBFjJYA6CXK9urkVkL6BHx1N8Rs1u7GKLv,9247.617997452355,1138791,$1000-$10K
2SCZTWk7XeUEPeu28cFaDupWASfnAjpV5BuXXgdBhxQy,9247.608606500224,1138792,$1000-$10K
CceMnDiMQWobucPVgzD5crW82hQFLqZ4uGPGnyfizPoX,9247.59790935982,1138793,$1000-$10K
C4zGRWQHgiKDxnPLBCpoo2H8doDUyhR7W1NFreEdDkXh,9247.565712082333,1138794,$1000-$10K
An1FPk4SwwVCCZM4uTSQSGdwm9z5vRpy94hvYuwMN8DJ,9247.524989957681,1138795,$1000-$10K
28AJyhVi3UcrG15FHek7ZnxWdcaoKGbRZrq9cfbf7c12,9247.523135302303,1138796,$1000-$10K
3LhWad5NJmeyTfrA756orxVnNjkdEXdwdno2gSfVSxYx,9247.522862657164,1138797,$1000-$10K
7UcKU6brNEzQWDLcV9fETCCj6m3ydzFUzhRYUpVbcExJ,9247.506941352247,1138798,$1000-$10K
E9XZ1enwQxYg7gU7Jt7FgxZBS7ZS3kyMx6Vr1LS17qba,9247.479176878101,1138799,$1000-$10K
8WyAUWQ2hX2VV61D3SPUYLoNEacPrDy4NyxyWWormuPm,9247.434065904801,1138800,$1000-$10K
FLPtjTEGc5cu62PPAS2qPHNVqL14U8Nk61ZNqyfoCnvA,9247.42756526829,1138801,$1000-$10K
F7hPE6pDPdAt6EmgLocrHraB4V7CL8sToKaBCLwUVHqN,9247.395004311269,1138802,$1000-$10K
C7UMwCA2AtodjWcZCPM6XYkCNtMo35dhNXxbes1Qm6fB,9247.384299220623,1138803,$1000-$10K
8nWso1x8r89Sq4jruhBNCuxuLnkZK4KmVZZCyHZCNFTF,9247.36714460823,1138804,$1000-$10K
8rGcK6JGGrY67qvM4wzdPedzwZQTZUAH9XzyJ8vptzzr,9247.36454026172,1138805,$1000-$10K
GRkPd7KfX3wZarX2HPz2AbeN7Krg4uu7ZiXDHYAUgv7X,9247.335130526919,1138806,$1000-$10K
8yWV9M4ALyyWb1YVDLy4aHCPnvMTZpjmd7ZcMUNSEHYY,9247.330499535874,1138807,$1000-$10K
FAd7dBTYwesfRyagcntA6PxG54h95X7RzmGTAzNCh6YE,9247.312451042719,1138808,$1000-$10K
78DWD5ih3MZAxXqkM6FbSjRZXZEdTbrCPi5f6Bq49SCr,9247.308727445536,1138809,$1000-$10K
C8KjsL8Gfq1eS2Wbf2NYeMeAQ2J5wUiUm1w6aEbD6qA6,9247.295911328947,1138810,$1000-$10K
7EbRte6eefT4TAdFmHT5w13D4yaGZ5KtZ1RM1NoSf5Di,9247.285812732169,1138811,$1000-$10K
9WkjVwiHjr6xLEG8gzzynfiacPBMVHonRvzPou2FV6Pk,9247.279739846193,1138812,$1000-$10K
2ZSZn2MqxzQgVCr7TQ3FagKXPkVuHimwx1YwLd1d2ZJ5,9247.244637007163,1138813,$1000-$10K
H5kmLEhzTTTobDsDXbDzZmEHdqEyFbzNVwDGyouzm7fz,9247.197065095745,1138814,$1000-$10K
7DjxUe9TbPdF5XxD6GKaN8PWEEf9fgjNQtkxBQBKDubs,9247.170772712961,1138815,$1000-$10K
5b1xaLGHcUuCstYidAE73pze742SG78ejPVveJTjZPWS,9247.163580844026,1138816,$1000-$10K
2YdbEHTL4dmReYqecpWXUHDV2kUxuN6rpwTJus2ght8R,9247.14836983775,1138817,$1000-$10K
ABbGhScowLMTbhGkx324ANSs8Ao7JWNBKxPCG3VrbJRa,9247.126096658669,1138818,$1000-$10K
3pJnYUk9m9zNSmh7koN25FDve3YL2zbXadfNCxwp651i,9247.122344867586,1138819,$1000-$10K
H2cscZ3cApom6yMoRcCz9nqimrSmM9PDYqrpTR2AzL7J,9247.094043664554,1138820,$1000-$10K
CFivRDmnDkEAEGiMDR6mxBHCB9G3PwCxecLbvLukJSY1,9247.07902262586,1138821,$1000-$10K
6zBsmWsGKWotBoM9VdRa6vBjtYgaNQSyPGdoSsMEMKMs,9247.070159506344,1138822,$1000-$10K
BQ5xRvFgrLVYp7HNrteyvkt2SyBDSHX8c4HAYNy4nx3Z,9247.05259157152,1138823,$1000-$10K
7EpSQFNuKm1ASh9EkB7su2GNhPsTuZsvw6ep3UjxmSu3,9247.036310566711,1138824,$1000-$10K
H2yuveZHLXWggAFhwJZkQioxzaQzG855o9WYvE4Je1gg,9247.026503622448,1138825,$1000-$10K
HnCmL7cgEeyMuJaadFdJP174fmyhwurhvgoudkcHjUjK,9247.013410149906,1138826,$1000-$10K
9vUhqauUSE2ZsKQY3GzoEXZXZJzB6VNAcnviDm9RFFHb,9246.986997447711,1138827,$1000-$10K
TbJhsZQzidgfDd6V9MBtihYTKNZbiHQMzJ3Qdmc5fgY,9246.971912998513,1138828,$1000-$10K
3MBU7JTDRAK6WWWK8qNn4AqUUt2cBRnvqVjJJfbG8Rtw,9246.96054686182,1138829,$1000-$10K
39WL5WmgKCRGTM5MimKnXjAQysicJ416aCh6xueEfYt1,9246.936472126192,1138830,$1000-$10K
GSmy9Mx7T3LnBst2icdDG2Egi5XvYNxosgCFkHxT6pqD,9246.934447186693,1138831,$1000-$10K
Dn3Cwu6WkAfd7hqhCBpyk3xsb93HZ44uZw8iYhH67BDJ,9246.928289820093,1138832,$1000-$10K
76P4RMKWGSomeqfvQHHbNu5VUUaoDJisV1Yv4uuJ1CEF,9246.91240167226,1138833,$1000-$10K
8n1VQs9nGY9HqwHGXZtpe3LRuPRGtkdVVVCWcYGStteE,9246.904067945901,1138834,$1000-$10K
dKejhmm2cqhpTyrsyPL7aLjmevRZ2TFXgmWK4YWnFr1,9246.90283095357,1138835,$1000-$10K
EbRJpkbzThSsaq7VvDgJm2A6h1CPunAu6XFWKHReQPa8,9246.83148039064,1138836,$1000-$10K
5gB6tMt9bVWgZhYgqAUCeVY2frkahbQDnaETaUCCG2Qx,9246.80924167517,1138837,$1000-$10K
EBM3PDxpbY9zNipWQxtMaP73wAd27tZM6TsNDjoh4AKi,9246.799179508396,1138838,$1000-$10K
7qnvmjhXihFBhGbbudAMqybhMzA1NjQ6UZ5i8mZGd3th,9246.757120559094,1138839,$1000-$10K
5XC4Rfvyp3dMYgLnfVNqF5SanYjZMGCQGXaLW62sK2jX,9246.74030814267,1138840,$1000-$10K
5KsWc38BHbzeP67jhS8uKY5bEYT6bVZXz7pyeLKwHfcc,9246.738236114787,1138841,$1000-$10K
5oEvb9G6dTJ8piNyPXteziqHafdqPH91oqBrHY6W4H2W,9246.730209497202,1138842,$1000-$10K
GirrnigXFswoDUofUTWpGr8iz7WdPjCNqtSaM8YjZGyz,9246.72343347242,1138843,$1000-$10K
n3rv2hNyeydfzNmW57mTKfR7kp24x82c7zTZXhhN5UX,9246.713466407711,1138844,$1000-$10K
2ndWjvQhvmnamnAWugwdhYdemfU1TdjsfbqifQmj43F3,9246.70785113151,1138845,$1000-$10K
CebPjzEzeUcjz9BcC34YNakPEAnBR1ewa7WySL7z75DA,9246.681432829582,1138846,$1000-$10K
CmbpStK95rmLa8uJmoxBiU9PYCigySKB2hjpk6FbWvVh,9246.670643013189,1138847,$1000-$10K
AVkPPB6Jo4m29rAR8GFpH7Jgu4bhmukaU7CNSoUe69qa,9246.612693859099,1138848,$1000-$10K
7L6C9xiZdofjLsP97qnNC3ZVcYB4uZ5YVJ8efB1XXCAp,9246.581151781442,1138849,$1000-$10K
8TB6TY6FZsCWueediXs3FTqVGEfXKn1xE5PtSQV5DErH,9246.55267903435,1138850,$1000-$10K
8LC7wPBjYzkC4hmk6z2o1xuZfat2yUpuqntwpzewVEZr,9246.518306071512,1138851,$1000-$10K
3fzkhzNHPBgmiU9bSCGFRgjA1Y44w2BaMKcLvHpiQ6qD,9246.513117711575,1138852,$1000-$10K
G1uvSizDZxXDsoXvtcngGMqREfmU9c14XVLGZLfmyhyy,9246.476617632652,1138853,$1000-$10K
CBffvWWLz8PJ6AHAvgJd4XNhwAKuEYyMVLzE3obnUpJZ,9246.45118830538,1138854,$1000-$10K
7ikLkPvWF99BR3QkKugHnQbmKB7kprKUi612L1cjNCiz,9246.44910420579,1138855,$1000-$10K
4KytadFRsJxEfgARNWXfeMcWUHwmbo5pr7GVQNzTeLev,9246.439016863633,1138856,$1000-$10K
GdaVEyz7sZ9q1kUJbxrJKgkf1suPVpGJ15fCMjqZz8WH,9246.438422896019,1138857,$1000-$10K
FsRYx6pEzWRTeHMCq1QJMnsBYsVSS8c88J2ucM4drp6X,9246.388072452062,1138858,$1000-$10K
6RD8zTuZAZ7Cs7Bz43UVLrZ2fwwid1jN6Z1reJfygDeh,9246.36877913198,1138859,$1000-$10K
DXbHYM9RWxYwcNDpGbPMwyvLhJpkEESpdXsm8AdEuTRe,9246.333516286035,1138860,$1000-$10K
Ctqd9w4VnsisJwD7U9g7mXtFeQ2srsxjMKRwqwmvSNZM,9246.329248256097,1138861,$1000-$10K
3kB5Jp2e346cwz7tPgBbS6xT1umvbU1R4M7VyLyES4m9,9246.280907389544,1138862,$1000-$10K
93cqdy6rrgLMHnoDWExQQWreyjzR1YmXypGRdPZXMtwr,9246.278529276628,1138863,$1000-$10K
6w7mbYmDmoNPr3SQEqi18Vc6avUPmXywGrL8jfMpoVRt,9246.276053244195,1138864,$1000-$10K
6Ry4FwbB9vcjaZtFSf7CZSvP3aa5Yz9tCmmXgtD6EkzE,9246.239383262164,1138865,$1000-$10K
A9DyatiHXCFzG4DqWSswo8cxwd3R2AyKJkdX7uQEs7WU,9246.225338533604,1138866,$1000-$10K
HSzj3sqbQT36ZfHPtr2Ji656ZqyVHAXirfqr59PoFueZ,9246.220059296811,1138867,$1000-$10K
7pUMfsFMcU8BuJn7SoDuisdfs1gb82y2fdKenqVuuZUj,9246.21710691614,1138868,$1000-$10K
HJopCcbpqfTQhhFLvf5ncqWc19vNRYRgWri75KDkEDSo,9246.213479736796,1138869,$1000-$10K
FBktuHKfr9xCgvZVtAr3Tvk5zuWwtwYAAb3zhm5v7QZ1,9246.212625478704,1138870,$1000-$10K
BBjf6pvoxyd6ZCSdJQb6DH7LDrLKxjHwiNeEmbkxXx9r,9246.209923546116,1138871,$1000-$10K
4NzBZZNCkMgWEuZyZvc2ZphifjX4gWxYHvizVxqfUK8V,9246.18597026161,1138872,$1000-$10K
C32xszyjTH7eRWm8Y1qXxZuXCmAp8LryyC11DnwVeR2D,9246.171649633621,1138873,$1000-$10K
a4dDhPmkLtU7gU65mKNE7WmQAxGjGQmJk4C2z8XF76U,9246.161665035623,1138874,$1000-$10K
6JfJafgPchQj2CX5rk8kYeMrv6TaQWRYt8xN7oxYWMz8,9246.143242794464,1138875,$1000-$10K
ExBkWvKpE46MAmN9vFT39o6NayVHHxnmJeN57E8D5e1N,9246.125522015767,1138876,$1000-$10K
6qGhSFez3MS2jgR6e7ZzZyprqdp6H4kyEZBQLJKcL7P,9246.12354374802,1138877,$1000-$10K
HBaJfhNJ6XbNAcLTE77yGAbZZm83KWYp4oDjKDwJB3r3,9246.123341704588,1138878,$1000-$10K
A4SNCXnTxAJM8mz5FWTG8KfhxRqTsvNwNDk5RApgpmxy,9246.119403819825,1138879,$1000-$10K
2qjCZw816Fy9ddEvu3hFLiPE7Zekn1QoCgE7RxGLV5jq,9246.118216254801,1138880,$1000-$10K
6GbyE8hMgttRDzo76H1wB1gFCPPSm3iQ3NqLu8gNNhbr,9246.092960499554,1138881,$1000-$10K
3iVfn5grK4raaVyippRFywgrKcNzydCtkSsTY4j725Sa,9246.070265546026,1138882,$1000-$10K
GcWWC8gRYSuxUjkTYGZfwgv49GytC8bfgXSMHwHYbC1v,9246.05947965546,1138883,$1000-$10K
DMMtTXyYhT5MCQe4bRcr525M7XCdfuScwqCvH5xBiETe,9246.057529177455,1138884,$1000-$10K
D8VEiU9F2css4RtzUw9W16TTbVNUZwvz8PBJgbccjjmm,9246.042121273564,1138885,$1000-$10K
38NN9RaKngf5FSP4Ms9cioq5gB4zWq5ZvfBrHgCrayHW,9246.02024253112,1138886,$1000-$10K
ESoZ5ce4NdAYJcg8C3C3ZrW7eHuKcnpcDbAs1GAaUvJ6,9246.003103748393,1138887,$1000-$10K
CSbfF8VvWagchmnWmsDT7JjAGWRpjSUKrMbP7Ho4v2tm,9245.979836145289,1138888,$1000-$10K
8YMfLR6na7KcgVUuM6Bk8mQZv7n33GoPFf9LfSGz4tEG,9245.953610281507,1138889,$1000-$10K
DGJp3G1Pxf2xqHo5QsDXw5khmKUeorYvrxMBrVBzSXm8,9245.953564283393,1138890,$1000-$10K
4Nk4jWSUWhqQEjWysdGsLihL1NGHXBFgcZYQjzMLds18,9245.952574337934,1138891,$1000-$10K
FTUyqfz1KDfF57dP4SEVvc1C3bNZZrBLi6cxZ3kAfAMP,9245.94889893322,1138892,$1000-$10K
FYC89Z8M596phCaNutSc1LYUtoJESAvViXFpRu1jabKt,9245.872993023535,1138893,$1000-$10K
3ZQgeMEtk8utH2yGEfGgCxHbyy1UkdeawGjQ1kcMtvuZ,9245.84829598903,1138894,$1000-$10K
H9YdctWetLiT42iTb72Xerp3g4HLDvgvbguWWQkvi7j4,9245.84144373964,1138895,$1000-$10K
CPLRfgMoZh3rS7EQRhj7FJeaJqeYuFXrcvx1fewVGP7S,9245.828916740935,1138896,$1000-$10K
5BTzKVmSSmcjuAU18hh7wY1kNAHkHuj1j3BjkWQhUmCY,9245.790651580743,1138897,$1000-$10K
7hGfTLgzcSZrrw881hmH9antTEFtjVUn2A5LXMjwTSqs,9245.781109923331,1138898,$1000-$10K
6NhRuZmabkLMyeqzsn4nhV17yHfQCQ2xXpUpZkMGBbeb,9245.75649065542,1138899,$1000-$10K
BZSxX8nhCXLW4392sT1MJqHjG5dTUJs2f6pm5gWPrR9y,9245.746848853763,1138900,$1000-$10K
5B7452keNXR6niNGS6g2x1E7R44htADpeCScYBQrNFXo,9245.726588993051,1138901,$1000-$10K
8gwjG7CW2X72LVWttsCwERCFhLrUvJHEYCF2AwbV2Dcj,9245.704802243908,1138902,$1000-$10K
4bT7eSzmhDrLRAzCdmHHRrCXEvY9s1hzxdLuB6VK2uwA,9245.697341828743,1138903,$1000-$10K
7ZCydAF3CtfjgiqPUdYUaoh6qVqQNSwdvJvbRjT4EZfs,9245.665722825255,1138904,$1000-$10K
92HScXC1d5k3iezUbYBumTeDurzXQDeuUrovKznJd4uJ,9245.663943151649,1138905,$1000-$10K
8tujj3e7cGHQ8DTsyvGL6AU6Rq2ea5AXtXWSAc3KdMfY,9245.628380818247,1138906,$1000-$10K
AkNqQ8Y2Z6jk7TofUPkurCw6SQxB3SpM6g7z5gXec1ZY,9245.628103869407,1138907,$1000-$10K
DaPfL89WBRxgF3BhChcDU5deqngx2gLqaaG5scwFfNzB,9245.619209381197,1138908,$1000-$10K
9nkoEunWYz4kWJvss9XKaNxDzxpTYQmYYcnDRnBTCqFY,9245.587502324843,1138909,$1000-$10K
GKsckbCC6ymKN99p6s5CguKrxoXTbPhDAUP3hDSXJiCm,9245.571052362142,1138910,$1000-$10K
BFM4zGrmspDDTiUvTSgmj7qDz8VJMRpWF2biybQM6AfY,9245.562361731676,1138911,$1000-$10K
D6s8xyqrSjnER7iqKGEzEyPp3QrPPD64P37zbbsBEv9C,9245.555010633152,1138912,$1000-$10K
6Ui5RmaXkJVt4yMLJxxcMwsDoY99WEANNamaM9fZn2v7,9245.540362387246,1138913,$1000-$10K
EbMLSEFVBFy2d9gjRU5GQik2sCQfBEWTQsYfFSeSebph,9245.52929270025,1138914,$1000-$10K
h7rKrTdQicp4NcDdSCBU8CjP69jVhePUVkMHF1op1xs,9245.516317823718,1138915,$1000-$10K
FphxuThDSVD7crNeoRkXi8KLiLgGk79jZKNZebxjLU3W,9245.505182152072,1138916,$1000-$10K
9DKRcbiWosGESPUipRunoxGSAbMtHC6REDsNoWM6DQmh,9245.491383571858,1138917,$1000-$10K
BNWPbTCmJoJSc3JAjP9rX6TeQU2q7JASFqbY3bDXs8BU,9245.48749000362,1138918,$1000-$10K
Eg4cpp7b56iUrC3x6D8qZwN19oZdr2dYzSj75e1auD8n,9245.470832353938,1138919,$1000-$10K
7WfanNHkRN45LXggcMGfD7CVY8dWTQ3FJxPDkBTAXrH7,9245.457274983597,1138920,$1000-$10K
EGkCcUCxs3WiC6QZVvSCutETCUKJvA8tKER5XE9uSRjL,9245.42586540659,1138921,$1000-$10K
H5SkeoxAFyjrsmAtwsYVwhiYeEezXFGP4dJFmCFg58mJ,9245.350389566358,1138922,$1000-$10K
DsbC8LuQHzHpmTx9QJEU9xbEV6UKjh5ShnetN8mESgAb,9245.34508269031,1138923,$1000-$10K
6cct1Vu7Z6Vu7H8ZviXEQ2G7vzEL5zP1GGg2HAPNaJZH,9245.327287986604,1138924,$1000-$10K
APRmzqwrsFzw8yS7Kgo6gszPAxui7cfbrzFfrrPxQpvw,9245.32685792069,1138925,$1000-$10K
5uMLjE8qCmg8DyJ2Szp1HNANQLD7CPfQ9Yx8FVds4JHs,9245.326061564556,1138926,$1000-$10K
GuvhkJqF2LvBQdPV37t971FbcGRfZou1W5WpEccHJawP,9245.299966911214,1138927,$1000-$10K
EjvPni9o9ku9oeNBdXwEAY4YxzyNi5E335wQP97YQmdM,9245.269944465668,1138928,$1000-$10K
C8S1iwRQD4xiaiJcgL9Gxjt6AzMHJjUPwMF35ie79nP6,9245.266775220476,1138929,$1000-$10K
3UykvryjBsQFatDajYrq3WeVzcj9obLT2iowYT1oUqrp,9245.265061142152,1138930,$1000-$10K
3Y7JPJHrFNtv8Jzf8ifcFqTgeXf9WhBk1gnL2WSH71Hh,9245.238192429153,1138931,$1000-$10K
DG1H4oRwVeb8pyJZKMWfdsbsf7Evxd2SXbjTzxwivSLQ,9245.232523611092,1138932,$1000-$10K
Ee3gRaRc5mVxb2AztqB2htJL5tis5PBePUQw5fXBiZQR,9245.229829319282,1138933,$1000-$10K
Bv9obgHhFimUF1Yqm9dCVkwSxV1BUaiBv47Hdy3wnwV6,9245.216606408161,1138934,$1000-$10K
6EzYkyNh5RzFA8osWXEV7535yLUtf2RmVZm2qZXd8Kcg,9245.212428160987,1138935,$1000-$10K
AWnU5rPbrBtoT3uFqMsEP4cdmw4L8s5wSQ7PEesGjVcR,9245.125427152221,1138936,$1000-$10K
H1ozhSiVji7gWNC8v8dtv3231bvxJwCFuazR3CdYjPzk,9245.0971348949,1138937,$1000-$10K
BP2nrzVKCaWB5UqnmVbsHhBKBGnG8QaRPgLg8iz3o9xA,9245.089120011009,1138938,$1000-$10K
5biNZNfneicaqHYVHc2jfjPjACmBCSEY88WK8TCaRjqR,9245.045954425252,1138939,$1000-$10K
DpGvPGZAjVCWxmEcsuWMmCi6MngnMDjQCmj8f4F9oXTT,9244.988189079075,1138940,$1000-$10K
8wJVHe3xJz52WRnVQRG3CfoRMjsLU8Bdm4ZKATjQcYvV,9244.970765247788,1138941,$1000-$10K
BYRf3SgWw2QtY3Z66W98wuNSenGYzTbeGWdEaMtEjt5q,9244.95221774264,1138942,$1000-$10K
9Mf6EJM5gEvMGywmNpa1c3njnSrxqqxD31uqxkHJ7DG1,9244.93400394404,1138943,$1000-$10K
4vfFEYPCLNg5k8aoxCDyzBEzns51nfK2sMamY6w5vT3P,9244.916570222991,1138944,$1000-$10K
3EcgRXU8qKEhkecZwaNyBTyza57Nkohg8k259CX2fQiP,9244.907416635064,1138945,$1000-$10K
BP3d63Hq7pJad3Ddv9ZnUL2gwK1shq4HjnP4C21tgNxQ,9244.878735207032,1138946,$1000-$10K
8c58PHxfBjpNd6481PLn4zBrPmtRRPdW3eHV1e73oWnC,9244.875333862601,1138947,$1000-$10K
9AFQUNLFc7fJPvYqQLuwMxW7VLjfb5pR1jMBtTQ4KPQX,9244.873577522629,1138948,$1000-$10K
48asoWjhN4FreE6tspEhAw743YeyYKrKLzgJpxVQwVEW,9244.858603032273,1138949,$1000-$10K
4dE8BisGTaAnT3wuxqTFnRC9BqLVq9V3DpLJctv2S4zd,9244.855967038053,1138950,$1000-$10K
HYxVJnRYnAU3ktkjQifaPzr3iJiBWQ6gfe3GgiJ1TdNf,9244.853376752759,1138951,$1000-$10K
8AJfc56CRAG8Fpz2K11UaiKbsaArGYisP34nWgGnQ25Q,9244.83525077121,1138952,$1000-$10K
3e3oZH9S1DyswzsoMvjrtcT2Q8cJbmgkYTfZXNx5tQ1s,9244.832800911137,1138953,$1000-$10K
8gxAtHandbzsyc9N6KHcJMqrhCXuDE6MgLjPZcNJiV7r,9244.824240265372,1138954,$1000-$10K
Be1E2Hv61MuDKGGXJqoFvtUNVnFaKuMWRLtpS8KFsezY,9244.801642829007,1138955,$1000-$10K
32cKDfeRCw329epLmTyQGpbxiX8jVudCwHLruR8Rgscn,9244.80040980415,1138956,$1000-$10K
4XBC8raQKx8pjYwpE9FuN5Zc7w68NjS6U5DiWD8gbCfy,9244.77534058092,1138957,$1000-$10K
BBJNHDpgrGR7FJVLCif2paCA2qVXLgzGHrugRgYbgsKP,9244.76869350605,1138958,$1000-$10K
GFNEFpg64k9tkqhNqZuddRr29jvcY1ZVd72EURAjpsoN,9244.764457051151,1138959,$1000-$10K
2M7aS6jyztwBXTDNjshbj7y92dTGSYzFgTJDsL3363WC,9244.707846730409,1138960,$1000-$10K
8Svds1SVcm6Qkv2RbDqNS7D8cU3piB2ajt2MZauh3GpY,9244.70452303173,1138961,$1000-$10K
46dZ4ZnrMRD7MFDpygNcnqU2ELiTixTSgfnFQ1R5fRNa,9244.700215110084,1138962,$1000-$10K
8xSL1Y2Lr4iT5gsv6depKxDzN8ehxn12C14MUJESkqaR,9244.699639675375,1138963,$1000-$10K
D9WA3osfpMvjUGDPz45GLdWV4MXEFRs2vATmekFC2x1Y,9244.699275577514,1138964,$1000-$10K
Hsd6emc9WVhhnNEE2kv23usgzFuvoJG2fNZzK8tvjPss,9244.6947693494,1138965,$1000-$10K
EeUTPj95eMdLLkQbmQNjTbZu3iAgAAkXEjjWqDDN9TQw,9244.691140493673,1138966,$1000-$10K
AHZEWiywRgrTLeG8QdeHQrCx5vSvXTqqexBibCzwfS4M,9244.67886747877,1138967,$1000-$10K
9dqaNfo7U5W58iwxP2Tw738e2uUnSHp9ju3uELMKAtEX,9244.612509093853,1138968,$1000-$10K
FkhJ9Jv2euQFiGoE3PrHc3RRf58w6xv2ZJQgwJk2B9ZN,9244.603950661778,1138969,$1000-$10K
GgRfCEo8yr1Le4N7nYAG14j4qJUkfWtZSfTYVCpqNGTv,9244.599734798772,1138970,$1000-$10K
25W3dcU5ZkgGADVAQncbLRvtncoZTixuWzR1d6XJKYdF,9244.569041554292,1138971,$1000-$10K
FGYUD49LGC1v8H5SVupc8ezpSXEz1F5GZsfytcoxpDLw,9244.564497054784,1138972,$1000-$10K
FS8QkQ8oYNHyUbGkmj5YxB7SsoQYRYjC8G5rPavASEju,9244.55771044239,1138973,$1000-$10K
FP2xLkMx48gzE7kQKXc1PeFBYyn99G4TN8P1YSoNPndm,9244.533223578252,1138974,$1000-$10K
CTZQJFp1CKQbYwsturDobobvaR47U9ExDH7DptM79D5K,9244.524150364201,1138975,$1000-$10K
ECnNXcANvrxDRF3h1GcEHHY267ZPKQNJ5SzasLfzyL8t,9244.518857107083,1138976,$1000-$10K
F5Cc8SD4nenFnA169JBCfphSzJiVp4AfuqBFEPCpzMjP,9244.517185562048,1138977,$1000-$10K
7uHFpW5g7Mq2neHp8oZUimLxqGNXRpED9U4dHaNdPAFG,9244.510623374697,1138978,$1000-$10K
FhubBT6LbUpyBZFL2jE3oTpA67gTX9KhMA63UeMFgXGX,9244.453346546632,1138979,$1000-$10K
CH5cWeKvxoRjUobBu1gqWGGxWucGdpEbeVffz6GMbCpJ,9244.438232410892,1138980,$1000-$10K
CGrMj1T7nD3BfjVtcrBBtjAytWHtdmiMttiwQ6Lf9Rqh,9244.388638138804,1138981,$1000-$10K
G4MMnwKhNoweMEFw3zE153CX2i5wiSfNQhxmFiUfQFw,9244.381920135418,1138982,$1000-$10K
DXtx5cHEs2RCaCZLcWwzJ3bE8qyN1V9adKAfKY7ZC2Et,9244.3746322817,1138983,$1000-$10K
4KdrWLfNjBJFK8RJebbaPTEY1PhFRM1s8aX6mcPU2tkQ,9244.350487890159,1138984,$1000-$10K
25Ubvx49KpRfhLAGAZvgfjAmDVaBU2bwCiUX8bsGZjVo,9244.34753385169,1138985,$1000-$10K
CZYQREBf38L7kfxXwJZmRxeg5CoKyz6Z1GuCjirtQDGW,9244.33820005553,1138986,$1000-$10K
D7bRNM4mwFPzNATV38WfNENFjt6mRNbMyaPM6Y5aLZmT,9244.33535337473,1138987,$1000-$10K
9P6QZntKfD2SMGSpM58WHLLKPnX6WZb2ioXRQe5UVd9q,9244.3176553576,1138988,$1000-$10K
45yp5GdisZyWagMgi9H3rEHJENUEyq4inGsswnpzJUnU,9244.30535482212,1138989,$1000-$10K
G9SC8qmt1HuapJ3eCZGrPkfd3eZpwjsoEwvgyqsHYyGS,9244.287069652413,1138990,$1000-$10K
B8XRWSffkHN72T84JxFrxxLQ7ynRPpK3JzU7JGGBrr6a,9244.286251097357,1138991,$1000-$10K
5oGKS1v7u9VWr9asYfg1n7QkYE3UydgonRpp1dDYXQ7r,9244.226651047193,1138992,$1000-$10K
2fips1zgdH3KKpUitGLTU1TkY3eQgjzSwpiyZLchSBGS,9244.226057758793,1138993,$1000-$10K
5qzj2nSc4gVCn1ycqiAs3dYuLuYSv4s7vMHTPqiHMKY5,9244.214511194741,1138994,$1000-$10K
HiPrBgaHKvNtLy3EV5MfCMkXZBaDb1NRMXhFHJJqfUFw,9244.202205834692,1138995,$1000-$10K
CbLvypFjw9JahAopV8bsVeFCT38eRmYP5gcnB4czw65X,9244.197051297104,1138996,$1000-$10K
8pzj9fY15SKFZZxTicmEvF1tzUuJAoPf4SGkvNUJ7H1n,9244.19107209884,1138997,$1000-$10K
4QWdCu7nWjc6YXM5jDfv3iCYUYQV2HxCeSrwoLXQvFbn,9244.146975250367,1138998,$1000-$10K
3utGzHA1EZUAZy15iYY7KS43hLLozvp4dwKSPryE6w9R,9244.144860522494,1138999,$1000-$10K
FGUFaNcsA9CMZR6viEL2RhzHmvXWPheVZgXs8v2RqVnj,9244.077342510027,1139000,$1000-$10K
9wuAh1JLrgEtKMT7ahaBpiPiyW15UmmPfXw838QABpbR,9244.075737672347,1139001,$1000-$10K
3cuknxBu277nfNzGA8ZTBojTJPesggtsKj4NbqsnYpob,9244.073562336669,1139002,$1000-$10K
3hN5CkNbM2WXcTLpZg6KxymAz342hcyvZNeKnfBoJrL1,9244.068901124147,1139003,$1000-$10K
4PqoyUrF3g7qF2o7HNb3o7nhDRjQhkikreXN4NTJMN6n,9244.036186738518,1139004,$1000-$10K
AtMEP3mBzVzzMw7PASpW9XDBfvawV6iYQoo8pXb5DUMc,9244.029244387159,1139005,$1000-$10K
C9vbNjLEe5rgKwpG9yYhs7bFi32acFpoKAGmLhnPBJ7g,9244.025132208364,1139006,$1000-$10K
GswdLhurudU8WZpknKZcJgmoKca6DZqRRBVvpV4tSc5A,9243.992134393702,1139007,$1000-$10K
25FxhHurSaT6nfQny7Jb1ywuc4ahKYZifZajdiE46GYv,9243.990140291098,1139008,$1000-$10K
Fyu8yCL4SStaMjgwxGZVg3K635Ze4PojWhmZzv8noWQ7,9243.976528627918,1139009,$1000-$10K
Fp978XnnP6ZBGdE2ZquqTV5XoFwjFJC4Dj9nSbzo7GaF,9243.92468355541,1139010,$1000-$10K
8FJxH7TmJrPHMqnTTvgPd9qozwSX23A5TB1ivn4LVpf4,9243.905010567729,1139011,$1000-$10K
8BV3cA6xCp8s4MCHpAaUoGQYgRuEqJPvGCiz5ydCUUao,9243.89037025293,1139012,$1000-$10K
3sbKoSYeKXFoAkwmHXG5vnXFCMDdK6UFVE3UevUCuqFn,9243.86700038904,1139013,$1000-$10K
F9rHMHzZrnH75X3Zb5xaRs2KYAmCqAZvuaE1GbyaaSku,9243.849519629823,1139014,$1000-$10K
3JTXXLPVKqAxicaL1zhyt2fwgJUGTHKvWDVsszHAWvRD,9243.842058179056,1139015,$1000-$10K
HTeBprmxVrFvLdjSDjj1GkdU9Qx3mHV5Bt9hMPv6pzhq,9243.82531543879,1139016,$1000-$10K
AKm78bVitzsD7MCCs9PxHUfHJdQg4jQiwtjHrx2iK88G,9243.814700318057,1139017,$1000-$10K
CCyE9QxqBs9yedp6X3iA622o1B4iZUcuWPJmiSLP6urH,9243.781278051829,1139018,$1000-$10K
2wiPykNnNkZyPoiouJvVdsq8ZDsvKbiz8ccb7KWWo2QD,9243.74922081761,1139019,$1000-$10K
EHeLUEFS4J6kL6sRTxgkdenYjaWzQkozW7tnJsXJYMR5,9243.730457390799,1139020,$1000-$10K
B71a2T7yJnYhcoTPfvpVogxyd9L5uQdNcMnRUESH9nXw,9243.72589582431,1139021,$1000-$10K
Qxm1NzJFdFhrLGqypUGsmvZNY4vemsyrzvKFb7BVMFn,9243.71857865132,1139022,$1000-$10K
BL3Vq2efjSxQJ6WGdzAGsUrEvYp8ZrLuM6wiJ7zAogLv,9243.69607027872,1139023,$1000-$10K
9my1NeMQrjFVcQPJbFGctTDqjhTbmDw2wn593AWAvtYj,9243.691493380249,1139024,$1000-$10K
2gFv8sf5LfQ7D9LdUfMM6tAZLDhNE2aPw9pxKWcfbzE8,9243.683436780168,1139025,$1000-$10K
ESUZodEk9oVGnKQtU7PG2kYjUAdaRDoqEy15ibyq8LCr,9243.653861478007,1139026,$1000-$10K
DKeazd588KdAuWSaVsFCUsgNf6dVie9qpSG1V3dtG5S3,9243.650857942703,1139027,$1000-$10K
DE49s654zNnwjzQvCohP3iHBidP1bioq7dxPJf4C5JRL,9243.63419302285,1139028,$1000-$10K
HosDa5qYPu3dBuQyNXsSXR6mgqT1vzPhTSA6sPUZpdUm,9243.606621338122,1139029,$1000-$10K
E9cbj2afiPagdRKtDPQYuxCaPUb7wAzhtHJNaL77YvYD,9243.591784206377,1139030,$1000-$10K
4tfrZvcH42Ej9u51SQmxBgwAiraTVrtBWWqCd9o8QqW8,9243.554287738769,1139031,$1000-$10K
Cy7ntKH3UHHHBaW5PP7EB2aSQYZF5jGCCKoVWx4NpYp2,9243.546317392042,1139032,$1000-$10K
2QkmSBNYLRh7Hruht8zmvbrkQZ3CRNxP7gfA2SVJNavg,9243.508159254376,1139033,$1000-$10K
72YhUWbn7k5nLgHcoukgWdCrZ1zHrsbosWBFqBYkte3u,9243.507721474707,1139034,$1000-$10K
BPVfWJBi9JwSYKTgCgsNrqBNKVf71cXuK9PvwSstWRTg,9243.500156687252,1139035,$1000-$10K
4kwcwiqrae1LkqiZ3N7SPdwAuDfU5eFyNRDv5ufC6K5M,9243.487302052801,1139036,$1000-$10K
FNx2HV3TA5MuKSEXLmFoL9dTQbJm8aWmNbB6vrN2ZAMN,9243.478675283708,1139037,$1000-$10K
75zdHrDmw1VKsqCqAvq6Nz4JVhco55Hat3gpkYitJ82B,9243.472231138152,1139038,$1000-$10K
7uB1De7vKEPHevRwVsorJKUqEcL1FZTaY5x1RDGfEFaG,9243.464384870245,1139039,$1000-$10K
EHxa2awR72rN3Jp9jXhfQXBwuNVxPQoYwWBok1Tr5rxF,9243.439451889386,1139040,$1000-$10K
aD5mqsMxLTnxUpWRKJHUM9epLvWrbysHETCo1GmTmDY,9243.425413285095,1139041,$1000-$10K
3Fbh18X6BhrUv17rQDAuFa2BN8WoKL6zS8BHZDCm8NfX,9243.417426743235,1139042,$1000-$10K
39wjL2AYaC9Zs5fNwPy2XQzKaEdApgo8daggLVabp9iz,9243.406221537694,1139043,$1000-$10K
E5ehy3BytQkvzaTR9M86rqD1exkyqMeSnSLrn7UDYYi1,9243.394090891501,1139044,$1000-$10K
9h2wD82pPT5MgdzxSiWk2CgoChPzh14pyqPFYmk7646t,9243.36,1139045,$1000-$10K
2dgP2RGsyVPHsehoeiYexGGgPAGJR5qJcB4kjdBYsrrH,9243.333417236387,1139046,$1000-$10K
hGc6Gq4pskn1wcmyCGc4G4zwAqdFRQJZdAvtBZvj2qk,9243.32230026037,1139047,$1000-$10K
9DiSZ6RFAq5k1dUXXgxCyfj8RxFbtksXVSP3aQtNoRXY,9243.314019087826,1139048,$1000-$10K
2if78SzYEFPyoo358tG4NNW382Aje2PUfw7qMrVE6KNS,9243.311879269562,1139049,$1000-$10K
AJXW3mBYwYg4L4VYthkcSDm62wsPnYruwdC3yHvCBFs5,9243.298562939739,1139050,$1000-$10K
CkPigV6cdcE9BdVy8EmooSzJK682ao7NN6Gf4GD6YSvV,9243.293999330772,1139051,$1000-$10K
3QKcBK7vMUx81Xqcr34CuPf1eYiA2VkpXnYgDbYGgoRX,9243.29164542392,1139052,$1000-$10K
C2mRhM8dNgbqnU7hnRKR5WMAMuV3iyyCEGocuUSQMahf,9243.285409791159,1139053,$1000-$10K
TEekSYyPntSEA8GvwJZyQ7RT1uwoXkxRweUL6AY3uzC,9243.272982850884,1139054,$1000-$10K
BGaNMmYs1uZa3Rn4itBFoT3pDGKJ42XFMJiKcecnckHd,9243.26898136217,1139055,$1000-$10K
He98ceanrCY1fCZ3p1G4E5K8m9vK9YFob2CSU7SmnJgg,9243.267604547973,1139056,$1000-$10K
3M5FAM8XD7Fk2sLJx9fHdSbVsGmWSYPNZ9nXqrk2nghY,9243.26036463147,1139057,$1000-$10K
2i5WNxSoR2rP1gQqdi5dEAgGVkFy6T2vZjGZLdnQwCSj,9243.250363966576,1139058,$1000-$10K
FDxeYzLAVbLHSsLto6bk9P3MFHmZSrbwthg4WZwmGq6z,9243.246171955769,1139059,$1000-$10K
7WGSrse2seQwWMNcRy4b4aTmwG2v6JEkpKR1GqXiyLGr,9243.24015378282,1139060,$1000-$10K
HA2pdEAg7rojjBPUtCqFncHTJCuVc7LqJNmTaPzrbJde,9243.235293562275,1139061,$1000-$10K
AVE5HUSSW3zGXLe1QqE5Pih4yKRHZToBxSSqjyXgkZnC,9243.23378628642,1139062,$1000-$10K
277Bv2Lc4vh47uGJvcD81NGpLeF9m4mBACqXKggvv9pw,9243.21649474786,1139063,$1000-$10K
39eKenUQWJUPKYyV4DsH453J1ZoPqT94ZRBuKbaaqdZL,9243.212394478507,1139064,$1000-$10K
BxVHWPhYaQRz62e3eDninyNsNM2oT6cXc4j6fzDTjXQw,9243.212330796332,1139065,$1000-$10K
8UgLQTauiXoGJHucwh61qXabJ3Z5p1qpEisFrfxy59EA,9243.207692366519,1139066,$1000-$10K
T5twiDoDvhTScfm5wjgmAQ2JTKpruGMv8L2NiD9Tmy9,9243.182858269129,1139067,$1000-$10K
7JeRmfurtUxRJtXss1XDLzo65wEeyvbPFZSR3112CCa1,9243.13563070476,1139068,$1000-$10K
9SeEDJktexrsK8HCVpw8emhczxYMAaJh3K7M965aNSnU,9243.127627914815,1139069,$1000-$10K
GFJaesrfiF3xmzQRVfGVNny8FrJn4SFLiGJyAM9eya1u,9243.05049161522,1139070,$1000-$10K
DjZRsBudyGiW7adqbpCRQoMoVaBGU8NWKj8SePmCJY3w,9243.034419974581,1139071,$1000-$10K
CpFczN6jua2cDScZ68Ru6XARUc2mDbDiyWZMYrn5Tm6G,9243.034298762888,1139072,$1000-$10K
RKNbEiNw7NgBaSDVHQ8vj6RqoXfFb1MrC2NEE1f3V6t,9243.000948519231,1139073,$1000-$10K
Hi4SY3WUeWMUEZjD9Qfvx3YoUsQJbVwySPXo7PfbFJJf,9242.989186318682,1139074,$1000-$10K
9mGGMSHajuVt17nufTnKvsNAqUY2PRisdbsxYYZD2nmn,9242.988103802076,1139075,$1000-$10K
Gzijv9eQdpVpZmf4wED5SdYYDapDdfFqFPyb9ow2ZUGU,9242.98080754927,1139076,$1000-$10K
9ibGSDKXAbLDr6aUcToJHEauYuhr8dBiFQdvx6Nci1Vv,9242.971278428297,1139077,$1000-$10K
5zVbVYjfKrSwp1oSJAVd7vpEtdXAKJRNDv5VskDF9A86,9242.944086633332,1139078,$1000-$10K
2t4cWZRuj2V25UFF2Mb4BuxPQvTz27LGMWwiHUp7w8kF,9242.936508497325,1139079,$1000-$10K
9LbyhbqdxoVqf8z2LzoW1Vsk7RBDtwM4oPgidGuSPXmb,9242.92689129274,1139080,$1000-$10K
Hqu23U3npn6AUwL11zjhQYo81L37vd7fnLHrQRP7ftNA,9242.911592471108,1139081,$1000-$10K
GiNoHa8doRyQq3tWYPf5CDqaaUY37P6n8AuBqVDSCFgc,9242.896025782666,1139082,$1000-$10K
MzTQt3qc3JqnpXaTPCeQD1rgp1DYPaZaikCWaeHKqRQ,9242.848280027729,1139083,$1000-$10K
CsL9H4fFngsdyanMfvsCDuHrJTZvMXgx4iVHS62H1zTp,9242.825505641022,1139084,$1000-$10K
y5esKmcR8aHdbTYWfYQdCEC5HdXLQcvfADXwYPMRAZ6,9242.82250041689,1139085,$1000-$10K
C7TckC1UMUCmVFnF5g3Vm8D4S2cSvGby35W8BWCatjyJ,9242.76907479952,1139086,$1000-$10K
FyKPXiFBnQ2rYQvvqUdYWk5Wy4JwhkVDCCZwe56fdEHB,9242.729252198915,1139087,$1000-$10K
4MLR7sS6tU2BEJNcuRHhk9SUFZHkFUJmfZsBVZhSvMiT,9242.72268242811,1139088,$1000-$10K
Ev3wCnA4RSAD84yGEiGTTw9VSHqaGFphYYZEvtQbajpn,9242.718960691698,1139089,$1000-$10K
HWSCL5M6DptUEZQu6wfFex3EGFcjzDokcA5SSLHqGV6E,9242.713628140205,1139090,$1000-$10K
D5JGeusbLVA2DDTGFCX9EwcGCfCXoZU1aUynhTzAagVU,9242.697816963124,1139091,$1000-$10K
B5obnUgbGPUQqT1kxeekhTzoBP5aJyVTjuar8aL42PRB,9242.697616419004,1139092,$1000-$10K
3wMDmYpXmPHUpNPn8PxvcJjHs1JSDjyurnbChwRjXGJ2,9242.689186042717,1139093,$1000-$10K
HtFc2hd2588D269rkSSDspe2vFQ5ZdWqfhCrkpMJBGzc,9242.67041079113,1139094,$1000-$10K
67UmcWUHve3J9U5oiues73MZpJvjoshqBGV1DeWX3ei3,9242.662543777118,1139095,$1000-$10K
3jBTLMyYyBevmov5EZBHpvov3hSzA9YBv36mQustv6zL,9242.65146943822,1139096,$1000-$10K
FmeXW3vM2uanjimFjs1NKjDhp9wsCqMKMxJvAoMh4c2,9242.640743689508,1139097,$1000-$10K
HpskoCPtWBVsmZmjsNBcegkWxNdJvz9CWPEMoVdJbzNY,9242.640177692754,1139098,$1000-$10K
BJVmakEUSeHxCuYvwvxiETZHLuJqkYiNNuGXTiRwcka2,9242.62780485776,1139099,$1000-$10K
4vtdaUCBX8FNAWrj5nZdXKBKaGAsnRhTTP6z7qeiAJgG,9242.625402898677,1139100,$1000-$10K
6AohHG2h7cTsdX1hKLWNTnnrwuA7HEUn5HTu1icz69hT,9242.595237222518,1139101,$1000-$10K
FmKYyMugM9HZyRy189pr2nTCe4oHKidXeX44bnv2uwYy,9242.58568879413,1139102,$1000-$10K
AJBPZNEdwSuAtbQ7kpFkUkkona7sHDwGRZqXGMwC2JND,9242.584465949434,1139103,$1000-$10K
DZpezqdSMVsWY87CiTLqzsLoFJigHziYqeGGFMFM7u3Y,9242.566563164171,1139104,$1000-$10K
AYkRh56zKgSkzNysy1tDaRNKLVgJUHFbduKbxvyjjdaD,9242.565052178092,1139105,$1000-$10K
B9wqsR59v1ZnzBCtR62zBAZdTFY43UsDFVVSZcRUqDtY,9242.562471151434,1139106,$1000-$10K
Axn1UdnHhnSxiz6V154A1Xi4s7tesKHLP2j8NWjSkvS4,9242.55980395554,1139107,$1000-$10K
8uB7LjjZ6Ho7r5DJzCtxcaJoTskTdVyvGbyBgAQ2KLy7,9242.537880235031,1139108,$1000-$10K
5dTvk7YYa8eUnnbFzYuAeBrsiWJYxaUqpeFTp8PWr6Uv,9242.492126859743,1139109,$1000-$10K
rCPEC44QewfUgMBKxfdyX5NewQYzjeGnvhsE7LkemAs,9242.473715361848,1139110,$1000-$10K
CGSDqWTafCwyxskaAsc3TZgm7LL8A78AadEBtGDD8acj,9242.438766251986,1139111,$1000-$10K
5NJr6yZGNDiwPjvpAkxTUpxcHNZELLzHSmzwgKqmtwuQ,9242.413476847545,1139112,$1000-$10K
B7q9HerUEGVGbY6NSvvVZtCqPQgM879TRR62M5f362Zp,9242.410523197312,1139113,$1000-$10K
HGaRNHmboGAthXL6gNTcaeozpoN9TnehafggbChRi9dC,9242.40789730503,1139114,$1000-$10K
GkNTUVr2uP6X3jQeGvGHD7P7DF1m6joDaR98npUeVWzR,9242.341226443677,1139115,$1000-$10K
EM8N5DBcgt4NLhrh1KyRC5FjvvRuj11ovotUWFVqPpMT,9242.328358292527,1139116,$1000-$10K
DUdeNLR2w5w2vdG1adruV76G7svECYqQmFvs19F4G3R3,9242.32082566299,1139117,$1000-$10K
ACBgqScnU5fVVZuwJB7nDxvGDkShJ9iHW97aK9cmT36J,9242.236049221892,1139118,$1000-$10K
4p3GitmWjKeSDDCMSDHkxsqq7JMH5wDwMgmBsrvvdg9w,9242.211475080861,1139119,$1000-$10K
7YLYqsokERuXbd7zYvRmD3J448JUVJacaRx7MkmCLZVL,9242.205807463497,1139120,$1000-$10K
6Cdui89KXdWwnoaqFWgM4eCVX7dU1K8uRFVwWYKGDVLw,9242.19073277983,1139121,$1000-$10K
8pvcqDz1NtJCR7phEJfjbruFVnESajZnYxbMYffPJX2R,9242.179824256778,1139122,$1000-$10K
B9VhRyDfwSW8WQzYxWcnKZdxeyQ46EVhVV4dtM4j4iSc,9242.179669766007,1139123,$1000-$10K
85eVy4vDFSCMiE7bq5mr7hK4YixgLgacVsNRwytMuB1U,9242.144644990312,1139124,$1000-$10K
J8W4aj1t39zvHHsfdiBz5igEeZ6xsqb3Pb7JBm2XZS1r,9242.14177503362,1139125,$1000-$10K
9KDxYty4XixmVzgim3uxQ1Npzd56xZ5cugyca7Ae5h9h,9242.140022199135,1139126,$1000-$10K
3bNVmb5wToBtXfRQmwQMRmxrpDhc6zuvA63Dky4ayY2B,9242.122651993515,1139127,$1000-$10K
5tynM7JLHa89seSQAo3vSJHEgkJGa24yjMmw28HJCMdF,9242.119899049629,1139128,$1000-$10K
5k7fCKQuJ7dUCWusVEgoVYrdfhii8AZ71iejWWKqGBdm,9242.090015797603,1139129,$1000-$10K
HGYxU1hBLaWgtj6zLChxR1WWrPrwufddgwC3x9hT5fv9,9242.0451959959,1139130,$1000-$10K
5NRNvf2XK2JCtfJ4Cd561DV6tTDL9ewiwf7mGbBSpuuj,9241.998158600298,1139131,$1000-$10K
2gEDpaai6R1MrL6Bruv8TfbZTsx7CKf8hfKYARYFS3D7,9241.992397484371,1139132,$1000-$10K
FcydBibD9Be8wAQLpQTwcNP5pCmh4K7NjbTbbgqb4pCZ,9241.979601136192,1139133,$1000-$10K
9SXA97Xq6LHnDdUJzEWpsK8SvGbmkcnDnBiv5oMeYcf8,9241.970600106362,1139134,$1000-$10K
FZq1nDHRpiWugPAYQtHYxy9NB17qqrtKDjBHTVhyhVJW,9241.96389928818,1139135,$1000-$10K
84mmTrf9EuiqRfwNd1SSMzBhT16hyAiCS9cjTfYtSebM,9241.942237011566,1139136,$1000-$10K
5LJG6H5z4sbNDqbVfaPEsi6wSS2eu75kuBcstJ4rh4zy,9241.923948147649,1139137,$1000-$10K
AUZzF65k8bYUkGUzRiSP9Avj1xUsi7nuoXms7VAvfJUt,9241.92323166908,1139138,$1000-$10K
3puyetSg8wfA47ekisxZsWTzpftqjejYyYiMrjUQez4k,9241.914652887735,1139139,$1000-$10K
9TLCPDiBPhqxwUG6hTuhdCZS7i758QWxCik7NPZ5TPf9,9241.908151846226,1139140,$1000-$10K
CHh4rhgdjvXK3LMiE2Au5GZ5vNnui5UdweiwLyuX8pLX,9241.83452393249,1139141,$1000-$10K
9896dKQwTochXVpHkxpexu8raKnG6zvdZQFBgF5N3edy,9241.830741143394,1139142,$1000-$10K
Fo4D5KQmngN7YUnMvdDLGmEhxZByzEJQ8Xh1d4k6E7qt,9241.829643288927,1139143,$1000-$10K
7BwJ4gmQapQJEZ1ALPUaj2hPWLs6cjRjRfD1tqsuuHcH,9241.79917755112,1139144,$1000-$10K
CdC7ymh4EhSLUTbeJH5DrzevMRAXJni9aw4fx598z81b,9241.797335681485,1139145,$1000-$10K
DBGZLMMYJ9ZGDL1qmiRhPZWhdD4BW46EL2Dw1TS8Tq1o,9241.795026939388,1139146,$1000-$10K
6sPsEMNYCkezRpLayXpt7hNMhv1K2uH4dyZmyohdyS4f,9241.787835106947,1139147,$1000-$10K
2dEK2tsTarv7SCArWVrvioXPAGAtHz2SbnZ6d1wkqBEg,9241.761635014258,1139148,$1000-$10K
7DenCSbobo3r4LqnMkSJ6UujGRvgUbRdYGWvaj7Mgq4H,9241.753162615654,1139149,$1000-$10K
A6w76X7175bwcbeu4z6CQXcNCThw5y2XKncWnsGFR9uK,9241.738926269323,1139150,$1000-$10K
8MrXjVUvfsxoAhniWFnG3rK1YBUeGuD7XaNj1gH6Xo3L,9241.731278591189,1139151,$1000-$10K
31tZ6MQPaaPPeckkyCnVjyCEr3BAhvz7SCFwCjFTp1BC,9241.722350096754,1139152,$1000-$10K
4z73RHHvyVrepNgbt1yunuMtWA3gvYTkVVgqJh42Peqg,9241.704191121305,1139153,$1000-$10K
28vZVEwi96SgBy56E6MsKSQu6bGdS5XURaHFEUCgz7SC,9241.689749134499,1139154,$1000-$10K
8YBpMq9Fe2pHvHR6qPRUaqi2nEr3HUS8k1PhWRgugU7n,9241.682817220524,1139155,$1000-$10K
AZvF1ks39yUrwsfLASB6Kr86FCWiuvNQkt7VjFjZHpjZ,9241.677398498976,1139156,$1000-$10K
5chbJ4eLP1tFy4NTAuaiXGU5AEvCsLUyzopzPnFNzzxn,9241.659244927212,1139157,$1000-$10K
BwmskiKM5Yvqz8SytoVAPnq5oBHZYAynHkJeK6APSDs9,9241.655437810783,1139158,$1000-$10K
9L75s7UFURPuLk2aXPf62mmytw7YTWrj3pnR44K5AL84,9241.651586362,1139159,$1000-$10K
3NuTgqowzxeFYPRPSa77mRUa5LLH3o1Pfdq4CQhcNs2g,9241.643282061968,1139160,$1000-$10K
6HMX4sakaUR4NAisMGoACKnsJw7n8W9U8wZ7nFmip6AH,9241.636231514676,1139161,$1000-$10K
5Jm2u9gCuTDdivg3RPMoZws6SqRzZZV72h9kxjM79vL6,9241.635430865821,1139162,$1000-$10K
2vtbiypvA2v6AePkwyjZUTXXry1wtHRBPqHR9sxugCqU,9241.60714986524,1139163,$1000-$10K
CgSwGqqv6kELYUWEUt3rauEmz4zBGtwjyMRxRnehmFaM,9241.59721303057,1139164,$1000-$10K
8n86TD9cRNq49DTfikQEt1nMynNh3DU8meYQuAaGfze2,9241.580185645178,1139165,$1000-$10K
EPiL3if81vxL92zbPBC6f4nVMBMwxnpC9FvKGrAovMFf,9241.574121291313,1139166,$1000-$10K
5DQAUgjGuh3NsDdV5PBPkhyTmc8QWf82xMitHasvaUec,9241.556083137144,1139167,$1000-$10K
eHfKsvqWdMcae9shSyXV5W62eUvdyboKqLduWRkQYnR,9241.483645720355,1139168,$1000-$10K
9ngaXSusizisG1wytsvVtpfhPzQDSG76Kh2T6Lb6G66c,9241.44952881761,1139169,$1000-$10K
8XocfE8tZfemp8XWpRrLUzCRB419prSiahmyGJ7mvBu3,9241.43798587551,1139170,$1000-$10K
25zj6Rysf8sxbcQXzv8a97FUWGgQrwXwCJpkgzNMktMR,9241.422523081243,1139171,$1000-$10K
5sBKCQ8ww7LhuwzDfBbpRPiyB11Mde9QP343KHfvsh6c,9241.415725312398,1139172,$1000-$10K
5oMFQp5pk195WyKYheoqdBN1BZE6BRRpsvKuKYToguBe,9241.396425006593,1139173,$1000-$10K
Fcss5BtB7Sfh7bqqBHQvwfRtTtdt8Kk9ZttftnqgYWWL,9241.39575612972,1139174,$1000-$10K
2PDVR2iZesHs4rbDAjzt7wZDvAwAUJLWSH2wDNr3ZMHW,9241.373598674565,1139175,$1000-$10K
CBHMW4Y7UhCQ5QDeuZKFku77dj8mEtwehaXK1AghvBUg,9241.371874439375,1139176,$1000-$10K
4wqhr35LhctyteH47XnAmzaqseH98pn26vvAuCWuDPJh,9241.368929973878,1139177,$1000-$10K
LohWzQQL6FxJ35SzvRHwgjCx69HXKz4J4WU9fLDtK22,9241.34752696021,1139178,$1000-$10K
8xPhmUMqPAcEyQKXXCGBgvdtQxM5k2gYGAKf1RZtv6mU,9241.317834434469,1139179,$1000-$10K
Du7ExoTNEwChHt7HrgjaFaJdcvSyevK3MyKSgmJU69fs,9241.291676562638,1139180,$1000-$10K
BvYNdPR6JpShvRMZWpVfopu45J6JFTJ4B2ACQfdrv1Tp,9241.245900730897,1139181,$1000-$10K
4CTQpVvBRwPRZxyFEy2xBj5JNTJKVAwwfdB91WFidvh1,9241.224949937248,1139182,$1000-$10K
34JAK5sXm7A8BW1qTdjfd6ognUYm6R9CnBuYRm8w3Nio,9241.2046667444,1139183,$1000-$10K
DnWzHg8Xjy6LBWxj2njoZ9ya3b7QB3sadTxg1rHKrYSb,9241.182765033776,1139184,$1000-$10K
3JgyVM2Bn5CPRyiSVfxgfHAxraarBSpxafCLgz6wBZ5y,9241.167229567815,1139185,$1000-$10K
GHWPYzVKP86TpsQVZv8RpR647LSe5fGbRPsrbDmEH7Nx,9241.14357778466,1139186,$1000-$10K
5awJ4wUcjpD3WymrQvorrHefR6hXZ83SoTLygXktW7iP,9241.122320758677,1139187,$1000-$10K
3SDYSQKNHRYcCFxcnJWM64KwhPcf5HpssH6TwfMX1JQf,9241.119330269941,1139188,$1000-$10K
ABd2ck8bi7XJ5nMZmvjsXXjLwiTUCAS5WCJSQkry8jTY,9241.115441407295,1139189,$1000-$10K
7N2DggxLTUHXbX3jeka25KpPo47BJptaCLmcudRXkuUZ,9241.115043759357,1139190,$1000-$10K
3BBSUz1FBaafe8gGQDykHeWJnWFr17wtJzEACEjS3QFN,9241.10459162777,1139191,$1000-$10K
CrkaRRLFsUpTJQq1a3dnXJn8jDtPsmq3FtXFJJH8P2XN,9241.103595750237,1139192,$1000-$10K
K1YqZJ4gvsa7sAczxLjuDNMvKGFwELLceaY3uYo51uH,9241.103411099279,1139193,$1000-$10K
FjkNyAsuCgBh7YZSQGJyh2osZrhadcgyctVre4N5XZ9j,9241.056677004572,1139194,$1000-$10K
5u3hBjbeqXXH5ALKFEGG4PWaJWZYhR72c4ffjDfUJQDx,9241.047364405224,1139195,$1000-$10K
2xcJM2yn7Qe8X2sXdQUgvAPVzYhzrtW54qr64b77FW89,9241.03623435299,1139196,$1000-$10K
F7JiHwUBG4CZo9ctCPvHptpxXd8LGQwc5DtFYjJF6s1z,9241.006791434005,1139197,$1000-$10K
2o1Hr9iKhs1JAEncAZEhd6exQEiNoK3A5G9dLomNo5UX,9241.00451373624,1139198,$1000-$10K
Bg8Bs5xhammrt7nV7sKEJCgPFB2DnaakhYEf9Ncf2f6b,9241.002758712035,1139199,$1000-$10K
6owBsbDEE9PMnjaYAhoi2ED2Xmh426gBHLxhtQmCRBUe,9240.981847313706,1139200,$1000-$10K
5cUQ5kUXEpTCFkqtsqyZnqHc1fAC1fQdRYeBQS4qEGXz,9240.9814686596,1139201,$1000-$10K
erryLHg4Aq5sdWq4dmXdbzh7zAWkbTLcXnCmw68Bs2n,9240.977506867694,1139202,$1000-$10K
9K2zZeAec7PGSaJfN1j9NP8CaH3cDkayjdE5ZfCAsYCE,9240.950714750212,1139203,$1000-$10K
xv7jjkwEbwvpiQdxMAbNptmXypFTYCV1iNWWZwz3xkk,9240.95042840075,1139204,$1000-$10K
6SGtpKs1z91orCvhQaFNoQX3MhsLMHFSeGCUGyRngNZo,9240.943711218875,1139205,$1000-$10K
5mfHWkWGdcPURoonwy5z75wy74H1tXLDMYsXEmcu5ExS,9240.923994779612,1139206,$1000-$10K
2HxDuBo1FUHaKo8CWBu7xASQyd2QfZjZYVT1iRgbN4U4,9240.919033598868,1139207,$1000-$10K
2eskiKq3sga4nZjRGgL4TsdFxYhf2e5YrkhxCrWorpVR,9240.918615993436,1139208,$1000-$10K
BZG8z2a5VaLJC8xhZpuAmrk4h6LErwsziihttHDWivXa,9240.89483181331,1139209,$1000-$10K
9aVjZXfhJkq2zTxnrof9Akn6G67g9fTW6FzPwc3FKez7,9240.888768417346,1139210,$1000-$10K
6Gw3SCEqyKF1dcQC9qVo7BYB6azumNS64N4xfYoAUMhb,9240.86348582319,1139211,$1000-$10K
3GQzQ3icjPbwpBX63o1C3mHJpqYgLqW8y8fuYjQmC24t,9240.858097270291,1139212,$1000-$10K
8jxSYM2C743cfH8H1Q6hZfYHcfYpXwodL4AGMZmiwPxM,9240.782612223991,1139213,$1000-$10K
D2aNbuCts5zfcukqLtFFEvdfF24AFunPLPodCPyngnUD,9240.748484105165,1139214,$1000-$10K
4QUsQXiQYhwPaRm3JsfBESLyxtHikJwN89hmT73AaV8H,9240.737870494018,1139215,$1000-$10K
FV6YJLKGH3UDvuVqKw9Y1K4zF4eDeXp6vXKoP2RihmNe,9240.720734246363,1139216,$1000-$10K
ANXHqm23MzkQwPWXemvPqCSrFCJuUdkoNKYsWUULFsuW,9240.69911066653,1139217,$1000-$10K
ErURVdtJVFdAt5TWYsG2FJ4DbQXVrVqiJJz3aLYXEm8F,9240.69183616625,1139218,$1000-$10K
4wf6ipWw7xYfRUkCrZbmHAEshP6gE3zfTjm9udMJpBep,9240.650406296012,1139219,$1000-$10K
GhUZ1aGY6JqHHfWXHBbJYupZfxoP9c9EyF5jBotKfTaR,9240.594577579797,1139220,$1000-$10K
2jq4zivhCTBymJpdNF7buZhpzzWnpR4MsirpLJyqm7E4,9240.590995378461,1139221,$1000-$10K
FdiWXBXShzLDZ14YSNYpbWKWuu9rvLrJCHTkrrmaSLSg,9240.584063941069,1139222,$1000-$10K
ETKTUiQiG7W1j8dq1hma1Z2iUszP6mf36fsRzexhTFPj,9240.487992830214,1139223,$1000-$10K
CrtFKoXmHeYiKrMGdoeK8ZVgUs5BMkaiWAd2ujW6W7Wg,9240.47530060203,1139224,$1000-$10K
HgHzVZSjqB83bHVAcKHo8WZU5CJyAKZw4Qk8H3upKVCS,9240.474881564638,1139225,$1000-$10K
FVQqw95vW5x2EoBo4RvPhqVo42XAWHhzKeGLZN5gtr9T,9240.471265369559,1139226,$1000-$10K
8TaXrvreKY4ik8VDX4MSZSwy8ULgvwY39wqJtkGEJPhR,9240.450979730618,1139227,$1000-$10K
FJRpD7VFgekWihMuAcvatWXMk5eE4rov6NooTnH6z5Ww,9240.446236268184,1139228,$1000-$10K
9MiP4bgPDbhvvkPmokUU28vByFsFteLWkbd7PxBSqeBz,9240.435110739565,1139229,$1000-$10K
HhBXMCCh4cXbQ4m1wNVUpMrxowujfrrZM8yFrHawxqiC,9240.411094962978,1139230,$1000-$10K
DByiCVkv3bhQaKxAXUh5o5GjBMX3HKyDQwLQV8n87pqu,9240.347387169431,1139231,$1000-$10K
DGarDxHUraFwqmr9jLjNPVTNG4Jce5yGszUbKQmTxkb8,9240.339007550447,1139232,$1000-$10K
7bJJ8j7fQqtzZwfb6fxWBCAJqoetRryLwKjtEBVL1HGA,9240.319725987458,1139233,$1000-$10K
6vsqtYjRvnFAC9XLC7f9oiJzoMpJUWRpdvhS6bqPU8M2,9240.31473182337,1139234,$1000-$10K
BdsNaSrBqi2EY2b4UDJHnTPCpRV5tWJfhTFfpdeT73fS,9240.30838517265,1139235,$1000-$10K
6NkBnvnPCCpxRgvwNLgEnouZvPf5WSvpS2fmzMdzdD8q,9240.300452594933,1139236,$1000-$10K
BdysXdWgGwG8Esqp21TMg5LMH8Ryc4NWazMKxuMG4aVo,9240.299039988984,1139237,$1000-$10K
Dbvi8MNfrtzeGwsrgS3Heigx9tHbj1ZPNcoRRBGBE3hT,9240.274947027161,1139238,$1000-$10K
8hVZYiREJhoz4jhTHzvQzcg6qHzAMPR9KB1pbH4qSYNf,9240.272681063356,1139239,$1000-$10K
BAeHrRnWuB63rzdZ67T98oJng3RfmbAQgRvXKgq6YLvE,9240.223653102525,1139240,$1000-$10K
AeawxEE6Z1yFTJLhwhvymH8awjM3h2TTR5JJ3dxiaY9u,9240.220834451291,1139241,$1000-$10K
AMytDr5Qh1BzqFxaUpp7rkTYav8w6T7BmdbG3n1dacHm,9240.194721135036,1139242,$1000-$10K
EFFVAuxJEEVNupCi3R7gfVQPg74NWWSj56yNopnMTdXr,9240.176882343301,1139243,$1000-$10K
BNQEZ2VSfS7GwB7sC5VPu1X3xoGE9irLFW7UpQr9MVGk,9240.171817512379,1139244,$1000-$10K
6Fc8NmtX1CksajnYLpAWoFZiYXUfzJ84D2apfWHcnyi6,9240.160356642553,1139245,$1000-$10K
CJ4rgFUYb1zXMUgjhnsdoEprX3C4mhnSxamabNZ6qgHj,9240.148773484478,1139246,$1000-$10K
G7fM86WVZcDezHo273pomw4dvUWt4SvtoSoJKGHERrRo,9240.147564670155,1139247,$1000-$10K
3UBvTPWzatPNmpimHqLPkPmmwSQYCw9K9ekvm7hGpxaS,9240.145579225833,1139248,$1000-$10K
ELfKD5ivRsKDH7dxnBFy21xLPT6Q7jrQjJoVX6pKRMBc,9240.11536104569,1139249,$1000-$10K
5WXWpwa5MH6DhiyQAU3ZqzUUzzEaP8wwpjNocBVhZn6S,9240.07273785798,1139250,$1000-$10K
DM29QETG41PhZSS4wa7qUkHfo5PoSX3pthSCWjMqFkWb,9240.03691352955,1139251,$1000-$10K
2GdzqjisGxz6G7eE3wbtkRqd8bg2efhK35SyVDJ5LNGf,9240.009984736924,1139252,$1000-$10K
BTAzDzhjEuVBnNCjzboekX5AN7ZxRXr7rUDXUvAEGKVf,9239.963203148918,1139253,$1000-$10K
69cSfcnQTVPi3jG18hvWr3YMPWkh2R8ZGLzZmTHi1PuC,9239.943379468885,1139254,$1000-$10K
Bf9CiypaVS3fp5czGVzd5spSDxWu7RwStvyY46mBkgtt,9239.922492783488,1139255,$1000-$10K
EU1qaeifyDD5rrJXghsKhpxyHoLDbrvXZ5p4VTTGR61t,9239.90448102633,1139256,$1000-$10K
C7RjT7uUgHQ4W8kKEwkUb2EMxpTsYoYA6GyD6aNubHKF,9239.858154034804,1139257,$1000-$10K
C6pWK6yeZhreQAxbBmee3mUi1kvoL6QiShVBu7kLodAL,9239.857217484114,1139258,$1000-$10K
ANQAAShRHGRXKiWVBiCGmLjDNQFf6M2rJBFf7tn4C65E,9239.857079994401,1139259,$1000-$10K
5S2ghAUW1K4vJYXjegaKxzMmndSrKGtPLN7ukZBdWPWb,9239.84558466921,1139260,$1000-$10K
8SJhrjR1Ng8PnjEPwnU5Ran4Q3HaXF6uh5d3PV5Guif2,9239.834080094572,1139261,$1000-$10K
FMDmCQBxEmRZLTutEXxE7ZhaKvL2g2SSCRfFrRdeSqdg,9239.831483880589,1139262,$1000-$10K
H5jLyGtGz6vrhWD13EyBeYcYUV1kqAPpaL9AUfsw525e,9239.820511359734,1139263,$1000-$10K
HHNtFhdcqVZdQCQ841seec7ys1oBSoLPoXB5N2gXRUeX,9239.811411394065,1139264,$1000-$10K
43rtF8HiRg36WgWfqp4gViQEvr8NeqfY2CDRe6Y88YBX,9239.810863616924,1139265,$1000-$10K
J6sbcXpWuBKK3vq5t8fziD1pWiVoeUqvZwmVumQ6iVVo,9239.799608888756,1139266,$1000-$10K
4w1YEnqxqFPFuL4MTRqPKmsjaUHsfypJZhwKQ4XwvMa2,9239.788129631965,1139267,$1000-$10K
Cy5rLkWEk3KGxLW38PCqLLWj82QcA1BxFmBTXu5SaXVV,9239.763451000357,1139268,$1000-$10K
Cym1DtwexxGCWXRg3b7fiw3XtWz2p4QeqKdbG6C8EX72,9239.751745514794,1139269,$1000-$10K
EKVZB2NPaZsX419PvRHiA7QEtB5uBGzyDqfgFj8qR1rv,9239.736762783627,1139270,$1000-$10K
9jZfpK6k1HRhNgqzk5gDCvxTW5WxGh4JTHMsqpndaHsw,9239.720753899788,1139271,$1000-$10K
CsU8uNsnQAzV4N32cQ1ZZ2244SVDmUVuWf9phrLkx68E,9239.677585940999,1139272,$1000-$10K
Ecg1vdQ1xyKAMmnYJxyTWnjALy3kcVW5ZPhyAkUoRiin,9239.658415100626,1139273,$1000-$10K
6fUdczinS3bY82x4TGsPCxm3e7CnHyC54m3rNgRkE2MF,9239.64502457247,1139274,$1000-$10K
J9KS4n3QEDAkFwzA9p7ULAsYWPA2iTabVxEMtxZ9GoRM,9239.626516602832,1139275,$1000-$10K
3GdACMFxahJ5tExZqvXH9ZUQM8dhaNozb1FPhaS9WDVQ,9239.62520659344,1139276,$1000-$10K
CMpSXvmxPTnkVNHcriTLzBdkXK5PVS1M4D4YaGESSnwA,9239.61979529171,1139277,$1000-$10K
9G8DEvKZmc1ssMyMmxd969GhCMaVT2eYtjGTzwDBshKt,9239.58728078648,1139278,$1000-$10K
25guhwHF3AtLhYkA3sR9HBxhDpn8a9jcvapsprEM1b3R,9239.58231863434,1139279,$1000-$10K
GHSN1UReNzTpTErRNfA5UEfav4SL7ZRfCteDikYJh42s,9239.555805623015,1139280,$1000-$10K
5ABtmvodJueNhyaeiuettdnonzG8sLxjRwaSHf46ovhq,9239.552479966898,1139281,$1000-$10K
9PVN9PypLXU2vQRX8W5Hfn9isXq6STUd3fRwFQDsqdQ1,9239.54849987989,1139282,$1000-$10K
GiWMn5ZQWGmWG8LdPRc9vJD6ytbu1cSqEkdR65Jo8e3Z,9239.490484703825,1139283,$1000-$10K
HEujyfSjj8bTJWKx8kZbWVqfksFxkmbRX8MA5meYw2jF,9239.455487019575,1139284,$1000-$10K
DGvfrTxVTspzWCG4qyZRPN5AhHXeuaFRFrYvMbd6vErh,9239.388391097888,1139285,$1000-$10K
8ZZhqNZRewzM8oKgjTRbFhVC1PUUR93KtubpZ6YnQ26T,9239.388251727287,1139286,$1000-$10K
8MeEXYkGGiJSPF28QmbpFNDrXtatgYiYRG5rPNHPrxG9,9239.379942175241,1139287,$1000-$10K
8YvM5zTCqZB8cryEfbWGQowYfHrxcYCxGeg6pSM7BJt4,9239.37565921386,1139288,$1000-$10K
Emie62dU67UzCotzMfn73sq7vwNPErMPFMK39qtx6Shj,9239.373635914599,1139289,$1000-$10K
7zaNV18nTyRG3JZZx5YpNiWDmQXtM7cpZxx1HqzVkxra,9239.365687642663,1139290,$1000-$10K
DUPyKrbpTnWcGaHmBsjFLME9g7z9qd9wE6FyUuMR2nrB,9239.361589948463,1139291,$1000-$10K
DRNvvJgyJfk4infvGwVhMBbKyYzH9nMBaDZCKe3ZnpZj,9239.328432039856,1139292,$1000-$10K
D6eJKhQWbU7CNLkawbVMFTCJKW2eJoWm6HxAUjGeRqzL,9239.30373241289,1139293,$1000-$10K
DBP6PthV94b46WEQUAa6Eprp3wqPKpyCLdizbPmpF18V,9239.300854826857,1139294,$1000-$10K
FkmkwxD17baM2t1Ewh5zkni79LWvput262sHXg6jSbzT,9239.251567700889,1139295,$1000-$10K
8vHf9RAwk7bNQFXZWkiKNdBeDnTNC6rHjK1D8UQFfrXp,9239.239245068944,1139296,$1000-$10K
AS93CnDYtfgvZh813ED5kfRHNaAxBsxDBE8UYsWpB4LJ,9239.216710615628,1139297,$1000-$10K
HMQoh2rcNHvTNsm9i4GPS2ah3YmrLQakcoTuM5rFqikP,9239.19199765576,1139298,$1000-$10K
C5KvfCzFYhL4B8JT7cfdMRhCXM3yyVue88i4X8z7TS55,9239.183270534868,1139299,$1000-$10K
Ezs9hvbZ3iMxr7gNYvzhyu3k9zACtfuX3YWkbGcG9bC9,9239.15737655311,1139300,$1000-$10K
6pCDax3RVUuQRRCg9wqhMzDv9mT2AEgtGRnsvjysEead,9239.117593241068,1139301,$1000-$10K
CHcbKCS99T9ZqdYhMupM9bbMV5fY3tiGtWM4HK6sop55,9239.09036167608,1139302,$1000-$10K
DWR4DEnxeXgRSBm4JsWZPjshEgPM3NxFYgj2bFSTfRZY,9239.069692544737,1139303,$1000-$10K
3Mb677Eg9wAbc1nF7GhkW9d5TeofVXMVoDRMH35P3zkp,9239.047108700312,1139304,$1000-$10K
EGHpg39sKiw5eLxoLYxVCmne9uAgdAM5R8uwvUNKv2Rt,9239.03085361989,1139305,$1000-$10K
ChRJKm9n6GpvUnvDWEgtqmSSmwrkT4qUr1mCR5t59zbc,9239.024864465044,1139306,$1000-$10K
7SD9frvJPJhhS5TjbnmyGCMqYvUCQydDEg8oHfNashBY,9239.019999542961,1139307,$1000-$10K
5bkUmWZ7KZZowGz3nz5BFSnjm8B5EqdfttjZf78LMjth,9239.014365264695,1139308,$1000-$10K
ETikMZYSeuTSUTjcvWy2dSMwBbhKhT4xKNyVKRns59jM,9239.002658193927,1139309,$1000-$10K
AL2nfeeFY1nvibP4XARTF3a3sbULQU9S6GWSovAuFyzm,9238.986286865753,1139310,$1000-$10K
DVqdHf7QzT9B3VLQ3oyRCH5WhmEjtPSSf5RhQvSyUdkS,9238.959300088647,1139311,$1000-$10K
6xfjHJ4zT62M3g887mkvxWzczLmX53B7okyfCtQNJhnZ,9238.95155144903,1139312,$1000-$10K
8RYVJ7e1iMdooDjyR8pNoYuJW7Yc9gav2DnMzhJvwRr7,9238.938736931093,1139313,$1000-$10K
AfqWCkj2UU1oRYZ4RUJ1Z7kbD13NY4n9j3qtpTHw3D7S,9238.93113032452,1139314,$1000-$10K
BnMA2czcUoyEZuGcf9g9oPhMFWkrbpKkRuX8kKuAhzsg,9238.930105429938,1139315,$1000-$10K
JDV89ZoDsxBZuGWdPsPgxaQDs6uK6g7vDApw1e1UtePE,9238.869479317953,1139316,$1000-$10K
2Si8x4YFpnRiWnv9TqJEpaYPAqWRdHMPBBiymjfKf64a,9238.856155364725,1139317,$1000-$10K
FLrcmiLd4KcCMLnivcJwbAZfM7RrKkiB2DcyK26edv5c,9238.839632817606,1139318,$1000-$10K
AkCf7Gn6wJeMiJebuXtPngNPgcoBnVGVdpaRbJcCXaNa,9238.794844472668,1139319,$1000-$10K
ht3F2iiFs8rYTDTWL1TiZ8qVUFueeunaevD5q7VJQyp,9238.792638873474,1139320,$1000-$10K
94wYwm8c36YaFst7pjtcirThrnt8cEYmWRPm2nion2PU,9238.758112254322,1139321,$1000-$10K
BZFgtXmavwnUR7LNZrBxd3boMTgwhQGGnfRnHCVCQAKX,9238.737181707536,1139322,$1000-$10K
2ij6ighQknemQSwMwyfFbGxyZzrf2tQRX86u5WZHQ19r,9238.735605931175,1139323,$1000-$10K
8Lz7o9dRdfzrRwoq9FafyVsapw7LS2cYwFcNRNS7WZzk,9238.724935140493,1139324,$1000-$10K
5pnZCsCChX21BBZnXiqKLwfvmDNeoH91BgiJVKhRrEsX,9238.715373358551,1139325,$1000-$10K
Bg3du4oHHaud49zLxd1THWsvRV4sZirJwXHBeLy2pL3K,9238.679999999998,1139326,$1000-$10K
CQ5jkAZqTVg3QDp9FykwE5BxvcirTLqpiVpHDnpKUwpH,9238.666880992909,1139327,$1000-$10K
7m6GaWKnpBZpU4JwTBjU4LrUMVdJbkGUtW19HsKZsjnb,9238.616501901954,1139328,$1000-$10K
9SKbPAzmZD5CtMwuxR8AKerMF9hYZRHXKH5HWKLWYFFq,9238.595247695528,1139329,$1000-$10K
98zWtfLtYY9tfhRYzr42bCmVTy3RjomVkLsLqqi171vm,9238.58433728875,1139330,$1000-$10K
2TVFDzn7MbcU23udWq5z5YPSLuePvCKcwmy5CpVb4Soj,9238.573357006573,1139331,$1000-$10K
8xw1Gef5c2zxUniKEhFjbjL9t4ZTrwPLAGZhUL5gjtvF,9238.545498112346,1139332,$1000-$10K
A7igxwQzPV4MEZKRVpMW3RL6FC9aEwaUVoTSDwaJxpaM,9238.504980097152,1139333,$1000-$10K
HkJx1xTtStEmNuVEkvTKMDPNto4BCtom82rSQ2cbEfpu,9238.50071423588,1139334,$1000-$10K
ANr4ctW2U8djALKqjRrmvTC6YSHph61tDZg2Bbtsng6g,9238.500080744536,1139335,$1000-$10K
H5XBVXuhkunJ4U28Hz6VCJVXPUA9rCdNCs9ybr8mxY19,9238.49700069907,1139336,$1000-$10K
C2h1t9VkH6cfBoasELpQw6RphmSTkH2tSFnkJKoW9nE,9238.452883798464,1139337,$1000-$10K
HWPUdfeT8FQ75dpmSnG1SEBzF5S4mo5fWZ5gtoSiXffH,9238.4473961617,1139338,$1000-$10K
DBNaGMLraCDmWCWEiVFaH7vR1acfjqjq71UXXueL1mmg,9238.406805272592,1139339,$1000-$10K
G9zgwq9wCSAoubDdPbasJuQzkce3iSdZeLPP1ipLm2xi,9238.358634285236,1139340,$1000-$10K
2zfNwacUueRQMe5quYtAU3Y717r5ge7kz8hvh5HTfn39,9238.35814538428,1139341,$1000-$10K
36MNQq8yyGP2EZZ2hjX3wmxKo1wzWT9whEvcYoTrKSEq,9238.356373024742,1139342,$1000-$10K
3xgujgJyiQnLrN43AMzLaN7EqDiSHQkx3s7272yzA1bt,9238.355984979044,1139343,$1000-$10K
7c9GazHMaLP62ixWicD8NjbMhRhbdw3UB6pQciy8g3D6,9238.332723629694,1139344,$1000-$10K
EpK7XjH8nghEA5tRHNVWtNSPEyV65DzksRjuU4YmuTrQ,9238.320572363353,1139345,$1000-$10K
9DbbqD3AkbQEWP12t3De6yi3LDBssif6spJ6YnyEPRwV,9238.317985404126,1139346,$1000-$10K
G6whYschgt3SNmcSHMTWmwTL3BojPfpcSVz7g1LbBjer,9238.267847646463,1139347,$1000-$10K
FcRfWSLScSs8SKd8riicSbTrrKk2zwQR4wNNuCgkD9cW,9238.266057904339,1139348,$1000-$10K
GbmwbmJJoPXSCW2FofEH62feiNF1zxvfkoecEriDN1JN,9238.243056728588,1139349,$1000-$10K
F3PTTEcVJWYLNoTpYNfovxDR3quuq5kvXnskw8p7AQgQ,9238.22438181566,1139350,$1000-$10K
92UxGFL7zmBzf75TqVdEYv3LTrdneTCZGr1Z9fhv6Hza,9238.191341578786,1139351,$1000-$10K
F7iKZog7m19GLi1on5635wxcQ2gvYR9VxEoYRrd1tRg2,9238.156992151085,1139352,$1000-$10K
7MwpUXt5toddjpwv2nSUUbiYhsxLTRmijnp2PFwVWeCa,9238.143631949906,1139353,$1000-$10K
8qyerwCg8o4bzTwCmHQQJLwAxfU7TrjUYfKyaS5e2LQM,9238.139787483577,1139354,$1000-$10K
HLW5Gb3sY2pHsGxECqSJD496NEb6a4SCgBxu3URLNH9V,9238.132513840621,1139355,$1000-$10K
Rgd57MhuBtxyXCN9cYXUVepDedH3RqXHXA2CjH1G8DA,9238.128403225412,1139356,$1000-$10K
2Zs54HNyF6E1oXHAhrAZYnXYrRFiPvQNkmBWraXENC5F,9238.11766227665,1139357,$1000-$10K
2TFFk6aCiZkaMNjGrfNArJP5EgJqhfHVtB3o4uqk9yVD,9238.110977165903,1139358,$1000-$10K
4yEeLTfkKxwrJr6SQPSoe1UabnkPjPrWgAxgae5Li7Xw,9238.108448745055,1139359,$1000-$10K
FxBwKRE27xXnVMgrcEuqZnYygrFWZksbrGYu3evJiHhE,9238.08648161219,1139360,$1000-$10K
7ydDyKisDzFQxRaJjnNKibYApQVDvFgUTkAQfjjRHViS,9238.039952654484,1139361,$1000-$10K
GCCyBYGE5wq68UG8uZ42xyqcj2C27PfBG75qRi1MHgXF,9238.01758623767,1139362,$1000-$10K
G62rc3U3nEx5tnGmzoExTkhGU2daUY2WbZCUQiZ3Z9ai,9237.974960969688,1139363,$1000-$10K
FA4FRcLUjUykcVR4r5fH1Q4s7uHTREQDpbzpaXUPWRmc,9237.917007569346,1139364,$1000-$10K
26NRENPuW86t8fTkYtLVCfGRWLqEk9z7cYjCETa5wZVc,9237.91628553948,1139365,$1000-$10K
6ToiLtkNiuiWDvEQG7tsGHJqsmUUr3eM5q84ZAL7eocq,9237.90853927059,1139366,$1000-$10K
BGfDmR6SheSbc8nSPoYy1hVhaw9dyzN6ck126hNhCdM9,9237.902524127601,1139367,$1000-$10K
6AS2M4rPKDURpFHcmFVibPyB6yxXK3nwssohZi8StgrG,9237.847404660695,1139368,$1000-$10K
J17Y5CxxRaPTTnEMRZwhsWgV2zVixk7btPgGgEsVSUEh,9237.845025964227,1139369,$1000-$10K
AkciZLUecm5dLMUk9LQB9vvu7Tpkq3b6UhGcajuhfmrs,9237.842865321727,1139370,$1000-$10K
EJXTuP133yhvXCG3JGrGAP8au98vkXsWz333gTzrCU19,9237.77649732022,1139371,$1000-$10K
8qPLqvi5j6DP5Bwdkz6E3sX89xnzpiMquPhw7sjhC7uJ,9237.769913861774,1139372,$1000-$10K
FCRWGP489LMJ3HtWrQQN2CW6NH48ipTbGrUbUgeiXsJW,9237.746758676587,1139373,$1000-$10K
5weizwVhWZYyWS3S7CEmbkRtnHEFskVJVWxFi3NoaiKL,9237.743755168045,1139374,$1000-$10K
ENYjyx3prG49YxhBVdD4xhLowoWj4h1qADycv7iSBtEL,9237.711282210088,1139375,$1000-$10K
H5ZDyciaEgPz4TwfZaKTLu7qeC9fq4xDKTNng6kPFE2R,9237.705178254007,1139376,$1000-$10K
5vrFk5XBTQFfbUz8XnQtS5a7JWBKW1ubAJRLq48VBGpT,9237.704171899932,1139377,$1000-$10K
9LH4W7bVKt1DBny8HkMsd79WzVtcDHf42TbnH3hg6wnN,9237.671836887943,1139378,$1000-$10K
21gKumq4W3ZiCySJ97QuuRf9cpnkRRwUygs3D93tr9aS,9237.671789581069,1139379,$1000-$10K
7ZBUfuaLm7kTMReaWLLEwxL39udWqbAv6Q83wcDerRsa,9237.668093709288,1139380,$1000-$10K
7NEF3Sc9F5EGzzpEDqruEhzB6vuRvQnADyHnDdgHtsSC,9237.653465218908,1139381,$1000-$10K
EQ79tR7NSND1iby5bi84FP1hyhu8k5iwpykoqKoN4XJL,9237.63903137073,1139382,$1000-$10K
77VCk4Lb6v8yHfyNBzDKTARE2cZLQBse953qGCS8DiJ2,9237.63116768169,1139383,$1000-$10K
AiZUygvsT9dLRLp3qiYLaWJbbWoMZ6Sk1HKAzf5rihPf,9237.619616468895,1139384,$1000-$10K
51iiFgdhtyXYvYixFTKju4RWLJV9gv7yCUTkDkfFiSL7,9237.61910119927,1139385,$1000-$10K
Gw2ReNKktqKvgsmGNpoWhhF3fakwUDWXi5YznRw393q3,9237.608281801331,1139386,$1000-$10K
Dq7s3U7bcL585LVK2qTUoo2MXx4HSmXYFSiDRJPQcNud,9237.593931430056,1139387,$1000-$10K
4i2N5K5Gc6DWtExxy8j59YaZPwhxD1HFsUNBmRLs1QNb,9237.59279931498,1139388,$1000-$10K
HNuNMoo5CkbDyiyW3ZFWH2ci5Uzka13jamkaCcpVthQD,9237.592146423682,1139389,$1000-$10K
9aNQ67HLi7E4JKMS8gaEPJoBZ4TnufjyxkjyBJGxUjDT,9237.53715250384,1139390,$1000-$10K
2Qtjtvp9XJXZFnvnXDYMK6ffrTevYiyjYcW9r4QkZD2n,9237.530022650262,1139391,$1000-$10K
3jeHGzcHt55BnpFihV8eSJHJSbc6C8KDH9rVHinm6cGd,9237.50496502211,1139392,$1000-$10K
CaDt4K1aqjyLgquETKT3nYgqY558YGgsTN3pg5rjL7Rb,9237.501014973728,1139393,$1000-$10K
Hw5Keu7NZQSDf6XS2WiYvwFQ7bj4DcWyCx6kQPJEDVtF,9237.492577087667,1139394,$1000-$10K
EEW8AK7cVfssqwTyRnzZcHYsuWKSoQ2x6Sm8CqbhBiiY,9237.491894479785,1139395,$1000-$10K
dBA1MxqeLoXYz9S8iW2J1SUsixDdYodtzvF8FVmiz1K,9237.487593595037,1139396,$1000-$10K
HauSVK45gPspbcNv4RCQkk8wR4rzmeKs98xz2RjkMcQC,9237.460089398772,1139397,$1000-$10K
GGvHV4WmADMRWTaLJv4EkKoyoXJMmzxykrkoqK6UXhE7,9237.455943737621,1139398,$1000-$10K
AY5J7FXiNLJWPczF5V7UJjPvEwcH8RutoTAXroLAz9VG,9237.42426694308,1139399,$1000-$10K
7pAwWH1cvf2ddmY5xsUiCR5VyCRWpGQCMgRwkytkEp5Z,9237.399424120205,1139400,$1000-$10K
9kiXkAMxRXfXgoHiQKoBd6Hw8JDqgKYm5aoVvjgcc35H,9237.371272399634,1139401,$1000-$10K
FeSY3xWVrjAA7SbS1Dw47nQnANFj4pcsi8noErHfBhFm,9237.357144688578,1139402,$1000-$10K
2bVnbwWyEnLACtyntn58MH4ZVusBKcYqc1qhD77GW1Dz,9237.350543293656,1139403,$1000-$10K
DUWyaRRGJPCmYnR6rwTe6epQkKaPSqwZoKjTkyzE2Dp6,9237.317457436768,1139404,$1000-$10K
7JLqKWTFzGZhpxTHcPmHmExWCoNSrmMTtcCf4eNWkj65,9237.312382544478,1139405,$1000-$10K
8CiS3Qw5LfJUsrJkv73F7LAvzPS8EgvQYLuXk68Qzwgv,9237.289137555365,1139406,$1000-$10K
bXr5Xb1sRC1RQhgmgVcgx7BWiW8MFKscJugU7cUFtfc,9237.273805092169,1139407,$1000-$10K
7qiJfdzux81XhvP5Lb88DKDtnCFkzubhmMCpYYPf3w2x,9237.25659834265,1139408,$1000-$10K
8Gv5CzbZVtJRpF9HJ6HqeqkCkjPibtKHiZ8mRf3UQDEu,9237.249504392377,1139409,$1000-$10K
CusNpcg2apkw1ERqXcBppuEJDvMRoHnmiLQEWLcMJFRS,9237.248428439972,1139410,$1000-$10K
E5tUsCMo8ARCxpdbACGS6dsgJKPJR1zm72ghhpxZJbj4,9237.2439847055,1139411,$1000-$10K
EkBJCKdcLahegrfEWGS1t5upmbopzxeMKQr9coEwQp6j,9237.24071480915,1139412,$1000-$10K
FCFAKFqfq85vTqvzKGjTVaPe4oFNwKxUXwuncLVnBsyn,9237.213921840847,1139413,$1000-$10K
E3sA2urfMYEV6F9dP8k5NAkCmQHkRxPXfR9caYNPLaUs,9237.212097092603,1139414,$1000-$10K
FtRrCTdApZUckjMiEnnbguy9jD9hweZhut9qTp4gz7vw,9237.15357945214,1139415,$1000-$10K
ADaAfFq13i18eb2653TiNEeLJ8qRc1k928fjs64q8P4j,9237.130681116845,1139416,$1000-$10K
4DuzmgH8uexKv2ffdJrRn8WAZBtXY2AAiwJ8LMDMuJuR,9237.102745024642,1139417,$1000-$10K
DNT5fthrzNstTyH87HsdBJkgptatigkrgGj4aVTpJ3Vi,9237.053905741937,1139418,$1000-$10K
AGfi9zYZCWrea1VUAcebKPs6s4K8v55urd9VdX3Chjcd,9236.99621799585,1139419,$1000-$10K
KRrQVj4Q6xzgvreAcNYz1mKhL7Z9nDPRzuq5n2rHoA1,9236.971407088075,1139420,$1000-$10K
EuMrm6DSQPHHUApe16jSS2GJPNDjxRqtCSFN6nCHjNuh,9236.959082778349,1139421,$1000-$10K
8bodSSRXcMTjcXQpsM7AQHAbm7M3k9aecwve13shMh3G,9236.951199901332,1139422,$1000-$10K
2acmDbCNsRbB6YCP4TQKJcoVRmANbkooCBa5h1bzgbiv,9236.922769332232,1139423,$1000-$10K
F6TLSGvetbUWkghsk1UyChRbTznUneEf4FBMRs79u7nN,9236.913948042788,1139424,$1000-$10K
7VRxgMAXmgBTJRGGT325KnoZRDmDxUkUu8uhP2H35jtr,9236.912750568228,1139425,$1000-$10K
4z6uWmwBnzEfazgARJgxTFXbpckxDs9ZkwNS1VKjsQsN,9236.892354723594,1139426,$1000-$10K
3fkWyb8CY8A61fcDnjaFkfzuZ4hCbJWaAibwqGLKD3Co,9236.885874908432,1139427,$1000-$10K
AgLjbGBULa7mjrWtE8KPKNN8UJE9Zg966twRpmczrk85,9236.871015029245,1139428,$1000-$10K
4GK5wc82YFBwDNgrv8v2dmRzxq5YHeELWLb9cZxZtHkX,9236.866318838136,1139429,$1000-$10K
7r5UYPh1nNM17jQHtnf6SBtgfjsw2X5Qs3vX3mQXfaiE,9236.857188687032,1139430,$1000-$10K
8o8Xk1nc6qb4zXVCKso8rnupPch5rVGuyLyjW52hD4CK,9236.839151918413,1139431,$1000-$10K
CGDpq9idpDcJmqnJG6W6Sa21oNDoRE9z2cy4cdWBhwF3,9236.836951390645,1139432,$1000-$10K
BDtJKgVofwGKrD4jCnhSbfwEq7NL93rsoiLJBvLYY3S9,9236.835482021961,1139433,$1000-$10K
uuiLKQdNsxTU1R82ZS1Jqbauokf8xxFsynkyRZgjqs5,9236.825825195412,1139434,$1000-$10K
2qRXhjirqKdoxNe3aPHiEskFmR1WBdz3ieQP1gbhEeay,9236.821888094946,1139435,$1000-$10K
7rAj4NQv3uoWMGiwrLyMvbRCoGJaq5v2ncHuZZFxPHAH,9236.813660875974,1139436,$1000-$10K
AwBD89K3v5JpYu8MVEivWbNP9fSUzTXT1MRSqAE5pmH3,9236.800701971486,1139437,$1000-$10K
7QpQkpVTp7Ek7wHkEX381boi9jG8cjpvuN5emB5XzMqG,9236.74495774854,1139438,$1000-$10K
6rpSq453vxf7Vo5HpW5EZ99cp7izRoEjkwJVGdyuKrSH,9236.742917178768,1139439,$1000-$10K
12qffsp6AmsL5pn2HhbXUB3m7LqTsHDjgFMC6CjHsdHU,9236.737928842425,1139440,$1000-$10K
Ahd6q5mJAv7qg3LNQJTz9jTRLsU7gZ3sCAGC8cudFsxy,9236.705522569255,1139441,$1000-$10K
AKA8hGojzUw9czGRFBmBtShyYkRPQnvERddHH2goBmYf,9236.661360546195,1139442,$1000-$10K
if5VLufn9Ao5AHdYFSvQahBzsSqcDWNzq1MRy9ndrJp,9236.659086596066,1139443,$1000-$10K
26QgG5z7sfsFXxCoYi7cuuH4Kdco4tMUzZYL4vVPNmEt,9236.63149914274,1139444,$1000-$10K
F5TwNugTsoQDsCRFAHK9tp3ZA6vRsvpsGzTJtxxbCXrX,9236.609996288802,1139445,$1000-$10K
AE3gKGA8buAeTr22o2GTWQ3XZQdTHEv2rHFLzHSnJ6Co,9236.60756817468,1139446,$1000-$10K
7b2cNJ7hhGVCfrfc9AmJoJf9eb3D3RNRz5pcZvXtYrvv,9236.591103644236,1139447,$1000-$10K
Z2N6nG2cwkmb9nvMLWX7UWkT5hYDnekR4vMpmZJdey4,9236.579186795812,1139448,$1000-$10K
3C8J3sF7YpYCT2Ncpnk1nKffCTaMQcsj2a2LXuzG3pdk,9236.572469310733,1139449,$1000-$10K
Bf2ABWkqXSxR51sF5daSo8D1aUFoSejoRymQcpUfZgrM,9236.566835491476,1139450,$1000-$10K
HujZEz1mRjjkCHmVkWewj3khiBWgGSH8cwuFc2YGpYFW,9236.51861183899,1139451,$1000-$10K
13oN5RNMQJNUWYLSZ1qnf1vUUgrLLWPa6cMtrUf8TpzS,9236.506366405543,1139452,$1000-$10K
5ofyjP96j4jorAAhycvqxeq6wU76L8AQCjx3R82mGZJv,9236.500793726855,1139453,$1000-$10K
BpFMutdJmspNLagfASbd4jHZSCkphpJDENfmpmL72tEe,9236.494056371192,1139454,$1000-$10K
FLh8AjKiuLknjZm7HWUrHTDS1vZSrgsa7hexNMziGvDa,9236.459958564292,1139455,$1000-$10K
HeQar8vKjqEdEa6ZkjGKXaVoxduHaV3JkAR7tjxopG3H,9236.447075115795,1139456,$1000-$10K
9UZttdsJ1qgANC62yCX1K4JDfYbPDLyiHSQNEvSUNoZs,9236.39401729699,1139457,$1000-$10K
Fh8wSD7q54vyonwf5v7WxWqs4Fb3tfEQNqiwuRb9yKJG,9236.393707920473,1139458,$1000-$10K
4ek8KWuF3HYYjjBbfvETcvy7tXviuKCRxtVgwu8a773E,9236.391870265876,1139459,$1000-$10K
FJMXfBisVHLF4xZfA5RDWz1uWQ5w21wztjRvJqvqz7vs,9236.390642313772,1139460,$1000-$10K
8sgFEu8K4zGrm2zrfzP7u93vZEYcQkTiT3rksNsmdzHR,9236.376063742908,1139461,$1000-$10K
uNBgfAR6cquwUzqKJufdzHgU8zwskiBCZ6Ao3kXuuf5,9236.361628519297,1139462,$1000-$10K
nZV2NZH92o3HJaupj5mqT1n9bm3GE91qenFAcNPggKC,9236.327851051503,1139463,$1000-$10K
FBHK8vE11TKk2c54RJRZPb8okZKv5bXdhH3MWREwYMfv,9236.322543011389,1139464,$1000-$10K
2aM6viYJ4e5FtS6vCTFHerdS4k2ELPPqpJMrToxJNGFT,9236.306999038077,1139465,$1000-$10K
CPsooFhgifJZgfYyAbFuESBCQy8RENgG5Foe77kSDojQ,9236.305350946557,1139466,$1000-$10K
BbpfUmHGQWyTmgtzRSGVkHyxaLpYYXJYaLHwHrrk3haS,9236.303666775837,1139467,$1000-$10K
kQzMoeSiKjcLUHKWW67GtR7rJKzCyWVapMP5x9wiUpk,9236.281340317497,1139468,$1000-$10K
BXFboe7g8oCRyVcdaDj7sCcSFmQKWNrJ3ojiAzFHcBQM,9236.265573554487,1139469,$1000-$10K
FwvGiRRaR5qtoh3i5VpCrA5SXuYHnFUJVPoXgQiYuhvJ,9236.184539309235,1139470,$1000-$10K
35XagiuM8mKnL26EMsTE1KBZywFTwX2j3DZeVagERd94,9236.136565183415,1139471,$1000-$10K
G29P2CsigSE3jtAELZt3mxgFqVRNV2WeJc6SHfythYh5,9236.125237623039,1139472,$1000-$10K
6FUfDZ129CSsugy4NDSESLRQBnMjAziFpGtSrFgSTQQB,9236.065386487558,1139473,$1000-$10K
HtAjXjB2ypQG51CJMH2TqokwYubDyeNN7K7FrG44Pzhm,9236.052928994124,1139474,$1000-$10K
69asbUp4SvLc6JMSbEuShtQYK59XBEFLCaYRZAT5A5Rg,9236.014379165497,1139475,$1000-$10K
G5MW21diZRU4V6wxtf2BSTFPyLZBzdE8pFhnjeieByGg,9235.997945083545,1139476,$1000-$10K
G5YqaJeTYS3Y9tkmrJMMkRUwgLEVNrmcd5CfVHcaHDbA,9235.99109475419,1139477,$1000-$10K
3uEYT9Z2UmdzYP4iPf9PtKrUe4VrksxTv78X3Mv67gz7,9235.990015725296,1139478,$1000-$10K
29Jxqmec3YWmLvLQ1uECs32ER3qSPsZ5hxdbo5TVtBAC,9235.98854467034,1139479,$1000-$10K
6YQgkAxyrRHEVKN7F1TLYrjhxAFZVVXzzdhJ87foD89s,9235.984220611583,1139480,$1000-$10K
4YD4PbPrtyvLnpNMrYoUxnpPfWhLkhNXT6ZkCJwEtchh,9235.9758640683,1139481,$1000-$10K
4j71ibasEXieTcKyTdcsftoW7V5us1j5SS8KL7aJTRkw,9235.967765671789,1139482,$1000-$10K
2XpEdc49Sof6Xf3qXFE8QenU9H2ghtriJFgUpD7ocSNu,9235.946619457369,1139483,$1000-$10K
7rwuSUzfj4Ljff6vULCcMgThBNJLJcHiD2Dpdk1u3NtA,9235.91791442871,1139484,$1000-$10K
73Rtc7ULZfTmz4tC2fq75eSJNnUAAcPmYJgeQrurYiiW,9235.871199628962,1139485,$1000-$10K
37dro3ykEqqmhyymAucmur9RuKs5ntdHRP5EFrFvEDFn,9235.82172653085,1139486,$1000-$10K
kikYDp1UJhdRuzUZWsyhTrrGvu7jS6oijBE5EJySeUa,9235.81695953464,1139487,$1000-$10K
8niuFhN8oQzKnLtAznenyUSmxJ1KFs8dBwMHgFJ2JUZH,9235.78892240051,1139488,$1000-$10K
52iKKdetjQxWdoGRqxTZafk8jZiXfZDhiXmB28VFh5wA,9235.78542465305,1139489,$1000-$10K
FBTG1T5NfMPkieXB1t78RhkLxRwwae851o5KJ3dtbpNd,9235.74392160543,1139490,$1000-$10K
6qxEjAY9hUnXJdzwkPv6wEJ37ko2uDuycJeXGDc1rQ4w,9235.6791184599,1139491,$1000-$10K
DsxassALLmNjRN1Kh9VhwTAwrBJEmWCv9yQpCKRQPmB3,9235.673521511908,1139492,$1000-$10K
BC1VVX6SXZUZtM1ZeQrGT4E8k5f9ue9dMrNJSiYLgj8B,9235.640183835718,1139493,$1000-$10K
9TJ9bPZfpTsVQcnyZheYVqwv2iFK3Wn9egRYu9F6MaCS,9235.59923323793,1139494,$1000-$10K
H5zFcT1ZjRF1J6rh6b4vvQP1BrDSZJ1Tw5aDEtXET3j4,9235.598716767514,1139495,$1000-$10K
CgymYNhYnXK76ZVTbukBjPeCmR7kyQnCceYytx5YXFSv,9235.561334365184,1139496,$1000-$10K
BV7gAcGz7Beqsp2TTyBNKN59gm3ue8YYCQHPKeiKsT4Z,9235.56098860944,1139497,$1000-$10K
8AVRJ2RYEuSrFQxRm8E7Y3mrzEcpBvgGSa7jCjikEENP,9235.532396971297,1139498,$1000-$10K
8b7Xtf7qD6grFfgrNWtkM49rRYAQqRMpntXuCdF9DxY2,9235.5208886836,1139499,$1000-$10K
GC22sLqUWoMfVm7re6EFDNwDJrysnTQ6KRQjET6jK6pD,9235.511300242459,1139500,$1000-$10K
HMWGgQzVfyz5Zrp4oo79aMQYdwuVrreXg8dk1ikMpQjp,9235.485140060042,1139501,$1000-$10K
8gvYGWp2vyzMZsNmbCs7gE8JzYLQiokELAJnjSj52dqG,9235.460970753678,1139502,$1000-$10K
GkGLGZds5NJe1Ra5EMytgQZLyXe4n2ZuFsYBtVargZ6,9235.433727938636,1139503,$1000-$10K
GinfAMY1ymBH6ZsuRWpfH9CikPR7aEobKiJgddtmjfBH,9235.3768733,1139504,$1000-$10K
BGWBtWCvZFNfdJUXpeQ9gvsD9Ksij3LuY7h7zop9NYCH,9235.368719138161,1139505,$1000-$10K
6NCjfZ4gJLJKD5m9G9CfMhkWvfnvaZUUxTkDiNyjrPzc,9235.367980962741,1139506,$1000-$10K
32LGrnnPgtNEs72s4qBMUt4XF1G6AaCGHc2Wx4HwPmwN,9235.36041594631,1139507,$1000-$10K
8fcS6RaMtr3SgW2r2q6VqEU7VMBwvhfnA8emNpX41mTB,9235.344026314611,1139508,$1000-$10K
CKMzjKs6QzAogT7KhLvCsf2LU7pV5HDHuunqTzuJ8K8P,9235.343511494702,1139509,$1000-$10K
A6pvwBVftzPGeuGvQ8MspRZmJcV4iXL8k5vyHwxKHA5P,9235.322577393517,1139510,$1000-$10K
EdfSb49zZPhe6ce3S1UaXj4KrnUPDsRRo94B5QSrhB4T,9235.30201171225,1139511,$1000-$10K
3YMBGTmWmzLgyJFTkS3bjVJHPeCHA8R1oki7RQA4iGdb,9235.260470344025,1139512,$1000-$10K
scJar98sxPJxcKdFZ3NmAudzoxsSn5jtffVTcEWJhvm,9235.230735513243,1139513,$1000-$10K
GvQ2Vb9jEnW5yGb62i5J1tkai66GiLikpSBQBjfEzPHS,9235.16744747854,1139514,$1000-$10K
CyWnvnqGb5gjLXAjtG72yNg17AtPG5sgyaNgFf7K35LP,9235.148414453699,1139515,$1000-$10K
FPMLEaPyR6VFmBRDKs6nvTB1ozkr9UFsgYydnUesjYKt,9235.146331456257,1139516,$1000-$10K
81wm4WiYeqTcdh9aN3uC6AQ6JR7ji2PDiyMttcSnSwcY,9235.124032580945,1139517,$1000-$10K
6PKk9VET7LYtLbJo33DgKG7UvmswahfrkNxbcGfaTQhi,9235.122503837603,1139518,$1000-$10K
5wF4HpBZ7A3VVamH9kQ2MsZNMq8FwQiqey5SMyZYiBmf,9235.11867879587,1139519,$1000-$10K
FGgjiADBXudDJsJ7nTZdtNAs6hyA2zNg9hH2gYk2q2tx,9235.111561883698,1139520,$1000-$10K
EttbuEWEDLhw5t6QrXCZ6jZsYqe4mbTirKjGWZRzV6Fp,9235.10037555342,1139521,$1000-$10K
73Nan3QqxFUgrgd2fZrhZB5QezYo9VT7HDAYvC1dH48,9235.09857021099,1139522,$1000-$10K
EXWN9Ss2LYwsSn8g3px3Tb5DaLfo5962SoFxu4Fa9m8c,9235.094683179255,1139523,$1000-$10K
2XKg5oyX3eWbcHPVUmgqvGMont6CsZpNSTfLjHUhQWUq,9235.089656645581,1139524,$1000-$10K
DkeyBAZCriBVaj5LxCPqheHwsdptsu5F5bhncVK8R9up,9235.087910103824,1139525,$1000-$10K
sUAfZPBn5H9B8mA1afGXAo5KfyWKKnTMsC3zDcUx1Vr,9235.082880975613,1139526,$1000-$10K
3hhbbnZWQhFbU8N4FKV8wv2C8EjGAYEx8okpYWoJYhtA,9235.065591367482,1139527,$1000-$10K
9V3vSWGVtJcZ17LREWSYrFGPiBGErcjmPQBPmfEsuV5S,9235.047095306156,1139528,$1000-$10K
4Wp7xSjkHPYPTTmHDpX2VHe7FiP837A8KJfsDYLs9Sbu,9235.045936366212,1139529,$1000-$10K
DyqrcoPbh7WFTxPDM6CLQoxjxm5w782FH3LLJBjLdDsc,9235.042825822735,1139530,$1000-$10K
HwvwmSeMHZkKcRR1Fdjgpszzqab4CRuB8PRbNyNSEMu4,9235.011191300631,1139531,$1000-$10K
5eNNHDnkyMiV5ZP1oFdcosTt2pgj4HD6JGn5cdnnwsqs,9234.960478775563,1139532,$1000-$10K
HiKYaATS2yikPU6533PkaSZwD5cjbpqtqsNrn6P1YjhK,9234.954714112002,1139533,$1000-$10K
5pawX8ytvVsfqCmyNfvNg3zLRk43ZH982L9NNYoeA5sm,9234.908025630437,1139534,$1000-$10K
4R9y6PMSBhVfZ3rA5u2XpVxwpTAeTegUqS5r4iZJrwEG,9234.901865051048,1139535,$1000-$10K
9FtGFygaTajSQb8e3j7GezhDSQEQzWpDtdq29XSfh1SJ,9234.84034304851,1139536,$1000-$10K
DN9wDqiV2d7zH87S3SxyB2YmxRHAXir6o2D6h9eJX1YQ,9234.834041956683,1139537,$1000-$10K
F3jJU7zdBWZqgqn5xcTNUmN8pptdAza3jDM2qNFfRcXJ,9234.815650406843,1139538,$1000-$10K
AMFsQrvb4TUiyKMag2D2yxhWM5LJKoyJADPhWaEc2cGX,9234.81473376587,1139539,$1000-$10K
A8qncfGwb9K1aXtihVjCJEzXE8ynvzgGQcSSVyP5L2Sz,9234.807621501212,1139540,$1000-$10K
3whq71YRDiAcKCDoLB1bamMVhdxxwX7PDBWkHD3MZ4qH,9234.77289508761,1139541,$1000-$10K
7BUPyZK7HggHFcYkwG8EgXVbWigDsd5VRagcFYPdqvCw,9234.7631450633,1139542,$1000-$10K
DW5iywZD2tMLKYffa2Mjn1gxiWXgrtUbHVcMpbnnrBGW,9234.734230072509,1139543,$1000-$10K
HSfusKvTi4hrMAbhsoybwQEjjvDmnm9t6DkeZooGTbYK,9234.722456228683,1139544,$1000-$10K
6BNSu7Qg28DYaaaAmzUmvdBjvZg9CjUuAzAmDUFJa9dr,9234.686100541512,1139545,$1000-$10K
Htp6GiT54AR3Nns46GPZwp9bCCoNSdj7x15FN8Kn57vs,9234.676061159593,1139546,$1000-$10K
H2AJtCpmLQgnSxmecvpdK4spzGeohPjtaxtUZiv6144c,9234.672204048313,1139547,$1000-$10K
EZqLDqJAFdsjQk3qaZUSUPpBeFmjZZkdzjrvK3ejfN11,9234.672163474836,1139548,$1000-$10K
9makNgaUdL5ZCEcPFC3b9AQFtTQgkZ4zwnP9Dg91EaNB,9234.665516764679,1139549,$1000-$10K
GARw5ykkTSQHvEf85znkoYEKB5hS23JiFiBgmZNMj52d,9234.659895343048,1139550,$1000-$10K
9gszvSKX8FNBWwby7myuqagsY1myUQ96X6Kztyz8xdx2,9234.64088969126,1139551,$1000-$10K
2mnKsnuu7MDriD2W4fUM8BXJhYo183DCgz2Tikg7pfN9,9234.636103931982,1139552,$1000-$10K
55s76ackUwRkb5BpNeppFuDSDCAvMnfPqHE3e9GqQ41J,9234.628669452708,1139553,$1000-$10K
81uYrLEbcVhCf6Wo9Lp4LCRYfj2WaKFCfY5igyPbMVXg,9234.627461141725,1139554,$1000-$10K
BGPeFA7WDC8U9eU3c75a7s4ypJEYs8Raq48A79VuBNF,9234.627081121122,1139555,$1000-$10K
7M2UdsS8zbHNn2Ymx7vhtTjUyWEAswNG3cnt1GTvfQoF,9234.594916569324,1139556,$1000-$10K
7E1aDoog1TFG8rMpNhtsu2v16it2xdEgdEj3yUpjd4GL,9234.588115694774,1139557,$1000-$10K
H82jkuimy8U7s66H2dCPfcozryR9aXJKYbTDYUzZe2WC,9234.57864242852,1139558,$1000-$10K
14avS4tDhWH5r7nxQoGLAh23EKUKMwn4jszyyGswtPvG,9234.564884352412,1139559,$1000-$10K
7tQ7rM2pusp2s3FwMDY3ZEQqF7w2Lhck8BPa6HxzExwd,9234.559034807215,1139560,$1000-$10K
8Bz2baUBuJxpKDcj512GXnnnXeAGg9771NY4SyS1taSm,9234.55242748136,1139561,$1000-$10K
7hPv8kg93Py7xzYwoVvjJ8pEzHEskhw6UYsybaw65R23,9234.53676742574,1139562,$1000-$10K
8U85LVTTb5zT693iaMiPMLtct8XbvGhsh5qPTixQVbYQ,9234.525360712665,1139563,$1000-$10K
DDDJw46kxghoGD6DDCNmHHqNzdHGGcB5F7t8mxJUar2f,9234.519006375536,1139564,$1000-$10K
8BfNDxfkGDxZySGhZvgwxLVsDmbVGRzqVjq2Hv6fa6Db,9234.467160245831,1139565,$1000-$10K
4F5bQhF9KYWA6BkQQSXeSwVYeKnxaEhoXw7u9AmRnx7W,9234.46472864275,1139566,$1000-$10K
9wf8CjX1WQPnj1tadVfHLfwyJpUskdmj9byaEny1SFAG,9234.442665128016,1139567,$1000-$10K
DYhskD6pv5zuccCEBMeUb1ciCpjHiGq8MYRgngWad3Pu,9234.414004614602,1139568,$1000-$10K
DShMXsdqm6fWGj5vejJkMtjgMCh2fKAPwKrRFKzrzzYt,9234.400153619385,1139569,$1000-$10K
GzuqbExSDbpc5yoXS4hULzJrr4GHHe2tUkkswcp3ReSU,9234.397247514553,1139570,$1000-$10K
7HjXLvvHhRgeCMmUd9XqJjtSw5mA24vuheTrBzXnJPQ2,9234.39068782124,1139571,$1000-$10K
6N99TKaxECWgfeimKcTjhWKYaTHZrd3Xo2MhyK5iFyR8,9234.384297529072,1139572,$1000-$10K
4m1hYD6jMemqXbb3JF2pNgmcPjhkqUo8uGHHQ9awFFDB,9234.377640789467,1139573,$1000-$10K
56SbbhcPV53kJ4g8ud9YfypoEVj43TL255B5pR2psSPo,9234.355019277074,1139574,$1000-$10K
DDcqR1bJ15kPWMgMppbtKbHMhTNs1AbA3cfXCSraqq4g,9234.340044327482,1139575,$1000-$10K
Yr2GnhGEHSKbgCP2VsXnaAME3dPusaQ1hrAmHznoYUq,9234.3352178099,1139576,$1000-$10K
9vk1ptwtKXGdsSkh6K6MRi8Ruw5A4Nbie1a5Z6EmvtgJ,9234.313919866167,1139577,$1000-$10K
3Ev6Z6VXzxAgjV8Cxd8qYx6VgLgjZJRekcr4CBAqd5nz,9234.313097046388,1139578,$1000-$10K
4BKhzrizdiQ5j8M6z61ZJPT7kmLfEix1emD72ErhxS8i,9234.30294344038,1139579,$1000-$10K
4p8jga6q9WGDZnMbe3jmqnsRfMVW4kBEJkWdNDCS6K1q,9234.279707899099,1139580,$1000-$10K
BFtPgdoUCzrkuYShxDK7qnoXE1rPMuXRsxeJH2edhDeM,9234.260818414308,1139581,$1000-$10K
BfUkLEWRAXx85ZAtNjneN6nq8SnLQSQNvuKyaRD2J3Ld,9234.242812851406,1139582,$1000-$10K
5ULXzUWfpthvTXTjZ6HNdV64aNyBMndEeDUnMjfXDAuZ,9234.236049470479,1139583,$1000-$10K
EpuQaAM2FxixL6tss45mth4Kr9aF2Y9uK82fBqEUL5L2,9234.231806163363,1139584,$1000-$10K
GMuyiSY66kVr2eUcGX56tUXo2n19aPDzQsueyb9PwCB4,9234.220412930039,1139585,$1000-$10K
1zgDSzf2s11qZuzJ1RHTj6XxCDyGLB1qLApnccGDi5N,9234.210946987838,1139586,$1000-$10K
56DMVma582VWagtCRX7bgdE1N5Nof6yDnVVExrN5yH5T,9234.205309896872,1139587,$1000-$10K
BrUhj4v27EEordh9iPLjixgJrp7hx7WfZcxcb5FaYqhN,9234.204572026001,1139588,$1000-$10K
5tuaggHmLWHZAMBUNFzBXeHopNxgJZz4n4YptAiRNQAv,9234.184660931407,1139589,$1000-$10K
9AjpuxvtiWznDkb2j2dojoNivr4DaN1M6KSfGU4BHdRv,9234.183920526,1139590,$1000-$10K
CM7wnjKXjj2Nqou86zNM64Xbw4Ns7QHLwr4tF58Vzf6e,9234.174367931178,1139591,$1000-$10K
FsexChnWDCdfei8hkWHq9dN61m9hkQbjtrziwAavtzPV,9234.160245427041,1139592,$1000-$10K
J15f7iiFcLyeCBYGPnrMiWBAYpuQAyBE4mRTKXFmpkge,9234.145791760118,1139593,$1000-$10K
BPmQ4yfmt9NaM2L5iqbazmWTTWqUHretySLKkyNGDFap,9234.104113774027,1139594,$1000-$10K
3miwRwUzHES1tCfrUMnbXerzzVi2vi9nvzASBrTfNZHw,9234.09218394834,1139595,$1000-$10K
B3wD35CsMq74gxxxwsTsQgiBHVehBpqTC1mQqGnzKyc8,9234.074739009446,1139596,$1000-$10K
89fUdvqZbPgweozPGPzpyqaRcGUhWvnNrLN792nbkzeD,9234.048595239568,1139597,$1000-$10K
6pxEsqgXkacF3mozAQhh4FxaYN9yhYHREhj2Pd8sLJrM,9234.021769620169,1139598,$1000-$10K
9ANbsDT82ttuWFUydimQ4KGK6tEGXAgrDBWtz4evhXu5,9234.011562763293,1139599,$1000-$10K
8UHbKnCaaZnJB3BuQpxMMff1QyaAY6ApDsmtozdDn1y3,9233.998776776103,1139600,$1000-$10K
Gx3ZsrA62qUh9Q9TbqnUMZKuLcYfRSZUnfmbYtj3szwC,9233.966326892738,1139601,$1000-$10K
7BxaxgphJSLu4uxMaovohiuasGAVJ8DC7wEe8BT5uiRV,9233.956492878362,1139602,$1000-$10K
E1QnZ2i8S6DjzGGHtsYiJYgnUBGzjMFFPaAGRE6Zku3w,9233.95506674014,1139603,$1000-$10K
FqPam1MRw2bVdGZCbhRQMcbqZpMrdWupzbeJ9qbWcHZq,9233.954362219638,1139604,$1000-$10K
A3LGiy7t8ZDYMthKCq5n4hSK53UYwgf3i5bXgFVNRpwg,9233.92317275192,1139605,$1000-$10K
8bW83LXUocXyr6THcSn7eQ52tgSQCcRiawjBzEPEkxi8,9233.920835764877,1139606,$1000-$10K
Hj3fgxcHdMwDTZLfLCnhd4otpQhWwbMvegPio6ftdTee,9233.91746115144,1139607,$1000-$10K
5CJVeJSJ8L4JnmF6EywwfyENeiHqYoCceDJiJvvVTevt,9233.902850248383,1139608,$1000-$10K
46PJNz1JUdwKJYXuD9ZWrqCRzVT864T2cJLCPZ21m4oX,9233.893763406526,1139609,$1000-$10K
FGAReBr4Ki87E2opSPAUdebXXc7m5nFmAMhS4P3zA861,9233.888891836425,1139610,$1000-$10K
9kvZToBU4hcyYnDTnfiLS8R1Pedxte1q58CTqvLo1Zc8,9233.87787498371,1139611,$1000-$10K
DYi358aJL732gDLq4uQT7uyJRxac5QPDzHM5K4LiG6MY,9233.862606780993,1139612,$1000-$10K
9e8L8BBkMr1oTXZArUVLv6LUT2cANy7krEbw5eWv3cND,9233.806628445876,1139613,$1000-$10K
CydTDFpvVkc9DJHR2g5vYVCpAa4ic1J6NadVAzwUDU4Z,9233.79134775635,1139614,$1000-$10K
AVTwRrDFCKieifppGmCAT98mJpHeSjXNwPit5qj6R3nE,9233.786298095984,1139615,$1000-$10K
B51oSr94s7Z7uwPYU6DZLRgNzp1Em31pVqJsDjtKAUDn,9233.784289517438,1139616,$1000-$10K
zMXQkQjx5fYXisnVAvumGccVDbcPTzTTPjsdWC26YT8,9233.779898428977,1139617,$1000-$10K
A1MEs25UGBKttfuf1chtJCJQ5NngFQZzgeSRFpo312V1,9233.777699344932,1139618,$1000-$10K
5HxE47UeM1DxN4KSR5mjVBD57MZynCz7jx6wruaaL9gk,9233.759542604957,1139619,$1000-$10K
GgYKVM4t1grkuWPyksU5ziPsaZfNqvQH2Rb7ncXBGZpQ,9233.739008392848,1139620,$1000-$10K
Hpi4tGK9eQ2iC6fqc1vbz97Q1wEZ4xBEEG27VFU6f8Pn,9233.725431123621,1139621,$1000-$10K
Eh9PYxipgfR3wxbbB9AujsZ3UwDyP8U72aYQpgunrthS,9233.705184592212,1139622,$1000-$10K
GeaySNXboJCYiwvwuTpMGD9TC9YR5pbKhNU3SpST8wi9,9233.684076697518,1139623,$1000-$10K
4YdxBqu3YCTCPp86mAxW2M9jfA5nski2KUSPJ3wxdiog,9233.678925489003,1139624,$1000-$10K
6nDCcTLoYvs7gtCzFhdbxxnDywVNiGtKRpPapeAxhQjm,9233.63119554752,1139625,$1000-$10K
3peNC2BkcTyRFhSWaFD49t1sxhidVJytNGrGBhEfCYPv,9233.586770676198,1139626,$1000-$10K
8BEYFMk1Mh6i5amuVLR9tTC3CqZuXQ1CnyLdLq16XbKu,9233.56830165032,1139627,$1000-$10K
BBAwUWikNPxVcfhiqeKLKDYqagFTD3kkLv4d6nDxCG9d,9233.561833929429,1139628,$1000-$10K
91gEbodZ4pNxXZm6iWEKTTnTritQDsUsmudNJ9qTQc68,9233.534483182828,1139629,$1000-$10K
8XX2aTD9kau6TcUeQd75R1UnBvzm8JXPxShydCaQT9vv,9233.510470995892,1139630,$1000-$10K
GPb4YWPu3u5eURQUbS75wJ2aoEeGNyGZ4bz4JohssLcm,9233.51035001651,1139631,$1000-$10K
4M13gSnXyP6fpYf2mEtn3K9Y5mqQcrtCRgPhU7MayuCZ,9233.505966625675,1139632,$1000-$10K
BrGVgYKpTdrwn9pQSqNBQVouSn7ER1TB2mVKgWxm5KRv,9233.493764281062,1139633,$1000-$10K
8QiedsbtinWqdPDNW9roFmrwpKhgCAirBavGZ2rCgW6E,9233.491994004682,1139634,$1000-$10K
rKozwrLEqQ32h18BKqZFyLycwonDF3Ur3dR2EnZxUQx,9233.474382113607,1139635,$1000-$10K
8rZyx9T4tisNZVj73LW5Zxn5MD5jHqi8sua2tTnHAz4t,9233.438485677016,1139636,$1000-$10K
9G59mQ8DnuatQrZ5T1YLYdxMDDBquRzC6J7XZVVCyXMr,9233.41768687624,1139637,$1000-$10K
87ZY3qhU9dyRGFChPtLCya4qmj63xjXSJXiRaq7kZQRS,9233.398976082959,1139638,$1000-$10K
EjmvGtAyGkEdzuGW9FRUfrQSSX88HMVfZeMYaQv5wbMs,9233.3510088304,1139639,$1000-$10K
2BqLvVZxh5JKeH2Dht7czXFx13gN99tkvoYaSLD28aE3,9233.330630769271,1139640,$1000-$10K
8z6pr2xAtwHzH838pqBQHEMJ7ZyFfpi2ZhJcdZx7G3ik,9233.305346161194,1139641,$1000-$10K
HBGgvTDvtHjByMMzAyMajq1BDkBMh4HXhYcg1PSc6mbR,9233.289714981884,1139642,$1000-$10K
FzTDnyvMmZ7ZRreJP5G2iNwf3iNh2kFLWAnWJQuV2Wmn,9233.271231138462,1139643,$1000-$10K
3fnYMj9JsVWhXJpdKb4qmetDCvRz5qXtqqEUpu1bn1vS,9233.24957679824,1139644,$1000-$10K
2j5vdrJBUYG7aDNjXRMPWY729SJewwZTAtFPYY4otR4r,9233.245153131767,1139645,$1000-$10K
ATeKusQTxMTrXZFqTLZLWdY2XraCay6VRSAVaCgfQEgx,9233.237702820008,1139646,$1000-$10K
71K4rKTHbioxzHGPvf59ZeFjYdfU4Mhgbssm7r5uBy6v,9233.22599277363,1139647,$1000-$10K
FgWbemHKDwn9S5MwiyKmraKRroiyASHcKbawqgocwzD1,9233.22473134014,1139648,$1000-$10K
3YBdaF3t2hk3JPfKF1FZxyVrD1MdjGzvdJyUXHtYhHm6,9233.223012735536,1139649,$1000-$10K
pVexHEGqXhis3DTAdmvmfxHsP3jophPrXzu1E9XRqr4,9233.212602298321,1139650,$1000-$10K
Ag7cHBkQDMByWneLPtmiy4yKwGev8FeQe8kstgAHywUu,9233.203833046116,1139651,$1000-$10K
ER67HFV5LoXvPxebmL8VjfvuXzoXtk4559vQ7ypSMR9z,9233.168253764603,1139652,$1000-$10K
2C688wM8qCpFWWDLUfwHTsEEQff1Q89yooN3EYmaGHWi,9233.15386572307,1139653,$1000-$10K
3yCMHJWm3EJk3goWoYSpLC5hExknzeoi2PZwynpf6n6D,9233.152162342827,1139654,$1000-$10K
5tcM78dS78xprunnW9w8D9Tu5vAifBUi4edf2SL7YVUb,9233.136595420316,1139655,$1000-$10K
q2v4fyYeXHkCp1McGcfgXdKD6qN7DoFQeZrA4mpUtQ2,9233.122271426646,1139656,$1000-$10K
GipaVmsTrGCwtPEnibFYkmZm6v1w8jHmxzjs1KmBLMtS,9233.12135239124,1139657,$1000-$10K
BbJrx6MxqmiucbqBeEEBFTJVCAfbS6dWhoiV4xe4e2XY,9233.117516999533,1139658,$1000-$10K
H5Qfvn1F6RSzhjYsLxaSHUd5kTcr7MF9EZCmor8gT7Ze,9233.108537074684,1139659,$1000-$10K
DNyQStHA7exbNYAdaTnvw7U6VQ2hVYC6k9f6xp2LB9TG,9233.094331398097,1139660,$1000-$10K
4nGJ9a5hXWjZ3d7yh9vv7PAiVdTUk3wSUUXTY82wS8X9,9233.081725876955,1139661,$1000-$10K
4c4yD6zMWnTVufCNBNe8MKUxCZfKPswyzMJFMWp4K9um,9233.05401567499,1139662,$1000-$10K
BBhEvNG1ddXop4n92Zmbhavoe46apXUgZWqsWn3LUfWx,9233.053829650597,1139663,$1000-$10K
Ei33zWV5LY5hnStfbeTjbrGhLUcLsdHeA63mq11jrM96,9233.026164047025,1139664,$1000-$10K
9ZYsf53eZrZDbpSS4L3mq3LB8SQika4L6fku7Zwfma1Y,9233.005826935721,1139665,$1000-$10K
DLJoj1prfkcb6iyX5KVfoFyjEMg6SqsGzbdBAd2kmgqX,9232.968431420466,1139666,$1000-$10K
pJeSp3gG7nikVL7Yd1VGcHRAcsgpp76bYt7JCqt3Skh,9232.960281305683,1139667,$1000-$10K
8EdziitSpWJhRMvxdWd6zgdtP7vhp5Ue1NPNHxsoZUSm,9232.941153603211,1139668,$1000-$10K
F3PamTBRHyqj8Lv4LoExg1H4FXCykjWc5BjEXiLwMsZN,9232.937886353226,1139669,$1000-$10K
BqkDQKAowhq6qBdBzXTateTWNhgaL5gp7TAqTLUmaMMm,9232.920330792163,1139670,$1000-$10K
B77tQQPtJi6qwhADLJ21ZU3pwrFahovrVGUme2A3yT6g,9232.9134679216,1139671,$1000-$10K
5b9JiTtnh6Uqi7u5LNgdJC25t1313mmBk2n7NBakCZts,9232.906066706291,1139672,$1000-$10K
DiSskDU8C27MpXByKZug41urxZMdX7qkSDsjncNF7ytE,9232.898586307228,1139673,$1000-$10K
EQ2qU2MX6nuNdhbovv8oGz1bLXAu3FKgSGateCHy2s9c,9232.88932117119,1139674,$1000-$10K
GPf478ak4JWY8v5aS9KQgT9EE2gwKxzhgpuxFtVZtjnD,9232.87831001124,1139675,$1000-$10K
92EPyZfxfLFXZbj3t5F4VERobXqhh9QWLczqSeY6yMuG,9232.841127986534,1139676,$1000-$10K
3aBfMXY53LsbW57xAJZsb3Nx4zQFGX9PZPMS1shYYf6g,9232.822696086247,1139677,$1000-$10K
chiRhTs8i7te2QpcU6x4Z5NQqouZHJMoHtrTb9Xxj3L,9232.802339900763,1139678,$1000-$10K
6o3HFJHxrKEd8PhqhpocE5HyH68FAxoVN4RmwAjRbJR3,9232.77067250217,1139679,$1000-$10K
4YiCELWwxP5Ea4XoGyvrFq7MWWGiWSSKun8kMHsqRb6j,9232.72103964483,1139680,$1000-$10K
Htpe9gA6t4ZhSfE4uY8ftTPKuVfqPsUUFu3wwGDJZFmy,9232.713079057345,1139681,$1000-$10K
9KA8j2h69Ko9sMXpB9ji7KJHkLtVRY6xq8ndRj2pxNon,9232.703822280919,1139682,$1000-$10K
5QPZUtjX3awgca1mk3Wucaaq9cmbfew8mhtFNaWJkiNM,9232.68721894114,1139683,$1000-$10K
4zKCPLe14GaSgmKke7vwMj7j6xkNemfzQ8nLuYd6ybKp,9232.661777396268,1139684,$1000-$10K
34qbVV9TP88qt65bzrRQVtmhSF1uBSKgG5H8TjDDgAEk,9232.65439273773,1139685,$1000-$10K
3W1a8rrXWTPBjoNMsEGEkb52UvxRZwECgpFusQUBvAaG,9232.649144354209,1139686,$1000-$10K
GsVBwWAgXdki6YFby1FoF7K6u4i4b58da9jHf6buJa3p,9232.63740370699,1139687,$1000-$10K
7166xssXeNFfM82ZQEfbs9bbWxk7S3Je4ysnteMbxTmC,9232.612819415332,1139688,$1000-$10K
4qzDCuLVnvHaccxznfzZwhYDpCddUEPVR8u3T3fAXR8d,9232.53686884039,1139689,$1000-$10K
6wrXn67BHZqa9vy9wfFJKosZETwDGCpQhHkyPPcTP9cJ,9232.511287049856,1139690,$1000-$10K
9wUJV6PosRhAAdVfKEhhppezj8mh6y3rSDHhaSvh95Jm,9232.489700519469,1139691,$1000-$10K
3sjZH8Tj4F1vWvx8wTPLkTq7AY9UHoNNoXQuVG3GabWu,9232.489333001973,1139692,$1000-$10K
4t5eD29owMTZ8awNk2p8eUQvGp8J4kZ1bbdYXxAfrgkp,9232.446903162496,1139693,$1000-$10K
EYoF7UznqKQ5FA7tMdY82bRvzj3H7UdZKC3Gi5bpHv9G,9232.440704445862,1139694,$1000-$10K
7DdR92o6QdEsv5h2f7F8uU9z1QYWoBdVPHvoJcPSXamn,9232.429424972559,1139695,$1000-$10K
5zx6Eso9NsJjtqkpWmkYxUMRXdop6wKfJxSjtTqxwwvf,9232.420466941392,1139696,$1000-$10K
znX8Hr79YNvsGU8LNSEo4WBo9dBVnctrJN2d8aZxgma,9232.415111823366,1139697,$1000-$10K
3hmboDXuzX64DfXPhZ1DfbYkp7X1mNeSMR9eVrW5Ba1z,9232.39581525356,1139698,$1000-$10K
GTtF7zLebagfBeazvvJEd6APKofRWggftW6rpLeJhCQA,9232.384439395917,1139699,$1000-$10K
7NZ2FwTNXnNSnn7osr2NxkSyGMNX57nVDskVzD8Etkig,9232.366975831772,1139700,$1000-$10K
AAzXacBSHCYeB5xMU8uh8QTj7XxkmcF1TWnhh9ANPVo5,9232.353610157623,1139701,$1000-$10K
8wwuqHT9n9rkpa8YJjCuTptho8tGYoZVpj8NHdxNMVfX,9232.343967821467,1139702,$1000-$10K
58kmbb2k515PXfixUt694T8Tkq77FdvwiJpB8rkZaGnj,9232.33080350198,1139703,$1000-$10K
J5jpGrwb9jrAuiRdHgDRoTLccrMeJqVLUjXc9V7eJuDH,9232.27782209242,1139704,$1000-$10K
HfyEUigdzGqo1wbTKq61C16NESzc7w5PksEQ1gAwHkpD,9232.27339137023,1139705,$1000-$10K
2WrsiYsPgXj9mRdizw4YnuxMRjrdL6fw3fJ61KXVvuB2,9232.245341999309,1139706,$1000-$10K
DdwFLWK1p9xteAFoG78QGQEMce3ZbMhH2nkTvvCexXXQ,9232.23291891389,1139707,$1000-$10K
E6CyJkAmGKTU2QXggFcAG91hejxh37TsNboZsn9C4bxZ,9232.23026184662,1139708,$1000-$10K
C3kMABz7zaPyYaGG7mA8Me7n8w93sAgv1L6VV6DwHjz2,9232.224041929261,1139709,$1000-$10K
6dobwDK1VVSB15LMRHrAk5eSS44uAsc8MAmUnHpwkxJC,9232.132228256956,1139710,$1000-$10K
AzxmRLP6QYWVEENBkVsbfYYXNLKGyTTTqZvxQuSL8Z9F,9232.105824075574,1139711,$1000-$10K
6g33QEnS8ZTxW5XDQjFbKrm66PTaorjNxnUauqPpVniG,9232.096961072615,1139712,$1000-$10K
37HXDiayC1Y4YS9eVBgv8QEbpVXa4zmt1TFhckvn8YRN,9232.071109410072,1139713,$1000-$10K
D1JRfvvhfcE1dYdvE8JXk1i1Yh7XRh9VugFFDxRG7CgK,9232.05390815854,1139714,$1000-$10K
7XxsNgsQbKzA98nHt4yNRoLEUUsevyjX3GYjV8Vm95D6,9232.052880989002,1139715,$1000-$10K
9xcDh5wUWXD3HiGvAnoEU7tzTn8LPaT4UKxZjryxrX2F,9232.051820841201,1139716,$1000-$10K
DDu6Kvp9nr7YQywKsnhChQ15UVuJDvKzvM5CjVZd3SKh,9232.039660771712,1139717,$1000-$10K
FMyiBcVeSrDRWRkVwLiGAKeyGtUDRWSBPPK37GgLvwLK,9232.038810153235,1139718,$1000-$10K
EHvZgFMTQbh7CyCuAefdEXH93FBbc4EoBr6fK2jp4gPb,9232.034062443876,1139719,$1000-$10K
DhFZ6VkCgaQiNXAoiCPWYLGaX9Rp11FFUU7eakkMu5xs,9232.00498004262,1139720,$1000-$10K
8rUrYPojA2vjrCG7UyhwPeZQRTvvcKjPHViV1x2jFMdg,9231.981452016556,1139721,$1000-$10K
8dtFpN5cB3Hcff4Fit9caFcbzpKQFhSghUBG71whgNVn,9231.972169295532,1139722,$1000-$10K
8WgDkGPAo3kRHHsGp4qVKe1emMKaXmtzqp9QgDdwKopV,9231.924736870902,1139723,$1000-$10K
BEbrXQHDe5ifZhbLktDtAfosYtbuFMo4nZNtNkFNdQiH,9231.907912728962,1139724,$1000-$10K
C4gdavXi9QRLyrYLnD1nRQv8TEBVL91HiFZVcAAnxrbg,9231.873568962377,1139725,$1000-$10K
5YtWovML2ma9BSKGGTZ1BwjWrVHkznUfiJGuySY4g1mj,9231.861983350982,1139726,$1000-$10K
J1PcXug49rHt2RyQySLVg2nwGbSU5ELFhAHdLqSDLpn4,9231.835973637932,1139727,$1000-$10K
2th7rstRSFdnJytt79UUEXtZLzE5NWrQFRjPziVoxS8U,9231.82310951716,1139728,$1000-$10K
7w83rcGe4n6ex9rcTuL8UBrQRaEUtVSvwq55un1TJQvR,9231.821066786202,1139729,$1000-$10K
21zWE2esYwmgGW66JoopcrkiZ97PRFFsBntyeq7ZKmV1,9231.796772461777,1139730,$1000-$10K
E75cCDMWfhGdicdD6jR5AZH93U6bR8qNDX1yWtXnxFPZ,9231.79168591252,1139731,$1000-$10K
5eTKiMH6TDkzEzrexZFLg8siWxmU6fRcRAuVW12Kinqj,9231.727369130364,1139732,$1000-$10K
8mw4qwpTNNyngJ9ykjW5dbbDcFivd18S2qXvb6pASsjz,9231.710925141182,1139733,$1000-$10K
DXK33AzFQp5tDaJZnMRZTBerMXpwk7XHr9gP9jHpPPFn,9231.703803616518,1139734,$1000-$10K
Ew7KVwKbuu53hd6tZanxAJykeZRRu87B1QyKzguUcaGs,9231.643775181208,1139735,$1000-$10K
HAuAHPGJ2Yf9CMLtUDzQQxF4uEFBYdo6TGPCM1MNbfET,9231.640273399365,1139736,$1000-$10K
DAu1HKyYzai1A8mKn6yEmfye4PRaHVniGPRF1xjAvnBc,9231.614074009056,1139737,$1000-$10K
4EWjjpM8Aj76LPgZY2GDKZ5t1xmLEAb5qsMxSU9HTmZY,9231.60764274175,1139738,$1000-$10K
EDU59ZLpuRWWgdcLubRvwwNRgDuadU3BhmvRp7TwdXM1,9231.583029285284,1139739,$1000-$10K
BKgyizvTCvMPaNDifzfQCgxhRCJnURFJyDsJnSA2qWy2,9231.570163224507,1139740,$1000-$10K
9V2PE73LkjbFyxvzybYXey15M3rsW2yUiUtSGHgYsw56,9231.556733095773,1139741,$1000-$10K
Ehh2gQppMP1xTH5vGiAjvDvLHYE9LqPesEPhvZchFodt,9231.53194307856,1139742,$1000-$10K
BVGqZAvAvkwcw7t4vP6vGHsRtxvUAqVZYaN7DFjFp2Ja,9231.494079058153,1139743,$1000-$10K
Dq5fAQXJVtrivD9sTPM3UBwkQ5Z7HiAjTE7A9Y1ffnoc,9231.492681599033,1139744,$1000-$10K
F15i4QWP89ojKnfd2voubW7CgBkyTsZP4ptcFiXWLfgn,9231.482805335478,1139745,$1000-$10K
DxpyfUrVa2J2CGnJGxUrXtiyf7Wz3DMg99HEoZz8S7ix,9231.45472203501,1139746,$1000-$10K
2QoQhJBrE5FjF5DDgoU7ptZaUH7XMt5jtM3xiWRDYThC,9231.454267734394,1139747,$1000-$10K
2uZ4XKfmb21UGtMHWsQZbUVW9SHGc1QRFkiYi6TwHK6M,9231.453658549719,1139748,$1000-$10K
D1F2Ed873o7NwntvWoNmDjPURf6bUtoy3GFtsLjHi6et,9231.45083498976,1139749,$1000-$10K
BnYySh58KLVcbZCeXAJNhBiZpDfp7AAQztb9MdvEbQ1F,9231.40991791341,1139750,$1000-$10K
Mpm26dRSeBquxey1FQVt21wB5gecuEotQt33yTUJE7i,9231.381819757826,1139751,$1000-$10K
8LrzE7BADYczXWRm71Gn14xs2xAZafEzKPv5JXwb9pN2,9231.367694534694,1139752,$1000-$10K
52FdJ1Cg1tHfxkSHty4zpBt9kiZaLWRq2K83pwAeHzg,9231.356897306907,1139753,$1000-$10K
HHkBsDUgPN5KHMvfqxy44bBx7EDctygN1GzU1Ti4sSZh,9231.351203868251,1139754,$1000-$10K
3JQ3P9G94uLYVJYj4CNTVQCCy7sxZqBVNVV7SVPpWFYs,9231.340486535453,1139755,$1000-$10K
F9Z8zzZ2Hm2yjeEBtk1Qy9YcsdU3dnbmuoD9zfKAV9nm,9231.33802033034,1139756,$1000-$10K
13V36XkP7xGa6oeMwsTmd38xqCFXXsigrrg6XArvqKTo,9231.32506277252,1139757,$1000-$10K
4X6Uz3bcjP55ZwYUKxo5pq5CZa3kdj7Tdch3hva5vDC1,9231.318690338026,1139758,$1000-$10K
E6EBn6tPS6XnmYsmwwisaqovhQMVTBoiJGYAmdBjJY8k,9231.252538418159,1139759,$1000-$10K
BEUbbd9HeeiDRwCBxMgukTUYN67A8DAsR7cAQzMG5KNK,9231.251151200495,1139760,$1000-$10K
Hvb8DESjmP29QkSKTm6DrJbf875xL4QXQQE6dvMpC6YK,9231.249128674319,1139761,$1000-$10K
AW5Mo46sve1YeLtqMjfnmRv3kPCMJHAJrBQ3E4PHrjwA,9231.168917207091,1139762,$1000-$10K
FVDqBeoCQWCdiHgqLtgFiYdrip8VfUqCf9gHkho3BATX,9231.163371119595,1139763,$1000-$10K
EjkAGgmiNu7T4Cs9ZWeNRY3TyDcM442vMgMhzTGsxxdo,9231.123038248623,1139764,$1000-$10K
HeCdQt8541vpKe9SP7tnWC5UCQgf4uHfJcc1g2KZuSgS,9231.066980451273,1139765,$1000-$10K
8ddUULPSJRjshhQYdYwmBWpyE7s6P2BWHbDyEvud8PTZ,9231.066301158351,1139766,$1000-$10K
7BTiDkAHNBqe5uVoNmJ7oMWNznPVLzyeYsGR89pfeDQS,9231.05931254317,1139767,$1000-$10K
H69BA7RK5xGMMHnzPEX2771HSTshoC4BhvfbUgADXxYH,9231.047292838892,1139768,$1000-$10K
6KXNtCdifDPzS1h7BveSD23VB5xTfzjKuzJkLu5RYFJy,9231.011848106871,1139769,$1000-$10K
2JsN4QQG4hZVJQ5zUC4WRzKr2k6bSV65X4puWnVWaDYh,9231.009552948955,1139770,$1000-$10K
HvFVcLwugWuHeMXk6MbTxZyiWy31vYpu367PmZxr1x2E,9230.991,1139771,$1000-$10K
71ZzcuY5ZB44JaSPiKUdv84pQ5P97vDZf1qRWUKFEHwA,9230.96468594821,1139772,$1000-$10K
7R1mbYwxWMSKq1N4vKwhs9Q4ErrKdon8M9S5rveRUGVy,9230.923336532638,1139773,$1000-$10K
D6DiPcyYAncnpd8MbrVqh14xYxqemA8c144x1JVP7EEt,9230.893972562011,1139774,$1000-$10K
96WK1BxHDbeWUb3PLWto4s3xaaoYCZMn6ZkunLP9vgGP,9230.891150059077,1139775,$1000-$10K
7EUGwbLwWiscu6qgsx9gnwDP39XfsuDmWPVuWJT6b3Td,9230.867678833554,1139776,$1000-$10K
BajYWkMtAcRniAUoXNdbakT6KfJw1DuUjS8w4b33WLvg,9230.861531820012,1139777,$1000-$10K
Fi2rqBaj2r51ntCw3KbnvTvWZgij1JCVAkA8C2PwFLY,9230.858309311869,1139778,$1000-$10K
9dznToKkMUVfJsxii7ibR8TpF3uXQH1o7D74PEbRSB6h,9230.856276413755,1139779,$1000-$10K
8QiAHXwscPC4zhwqaqMWsCBULUyVRxLUm92qgeKofMBj,9230.84114920352,1139780,$1000-$10K
GiazubyKLhHTjLAi163MMuaBz3rzfaTS6V6nqfTKWc13,9230.816771817357,1139781,$1000-$10K
6x8aV3Dm1VFpMns31sUgptoXWeNXLr9ptnrjuvHdPp6t,9230.799066281013,1139782,$1000-$10K
J1nEiHeetHQiRxmctco3QVWtxSakpPzZCNpfiLnoqXLL,9230.786021946218,1139783,$1000-$10K
qutyrgCWhuKvzqZJ9zDNWDQWffkYxB5pHAYc7BeB4i9,9230.78399446631,1139784,$1000-$10K
CirH1gQNx3oNZUQsXET58nbWkx9nzRdaVS14EaH2FuHk,9230.755422179238,1139785,$1000-$10K
9kezTABpMpdrEm8433SHrhSsEGGooV8V6WFLod5nw78f,9230.738867316306,1139786,$1000-$10K
1MYoiFvzdrGxmRpapx6aoGUh9YFQaawjVz6SnNoTyyt,9230.736057574895,1139787,$1000-$10K
Ei3UctzfNio4kcWpTAtB3TfqfpBqXuSqZ2s1UsNFibDc,9230.73079733508,1139788,$1000-$10K
7CYf6hL2ro3LYtmjBZ59dHGFf2o1biDo7guzkeMLmAcd,9230.72930190843,1139789,$1000-$10K
8a2L1Kn5QibzGL6rz7q6SubxgEwyWD4nDiEp26KoGPXF,9230.729149506291,1139790,$1000-$10K
939oQsJ3SxBkH6XjwZ3VGbr6b63CUt72o4u1aiqiRc4D,9230.724578705449,1139791,$1000-$10K
FEX2Y3FgauErkPX93XxiFCwPjwVQEpK9j18qLw8PKDZi,9230.7151181005,1139792,$1000-$10K
2gLmC7u1FhhDHTQnKiNFrsNGwYeoLzd2bbufwH9jdcgS,9230.71332673966,1139793,$1000-$10K
7ahyBKxbNTGLS5gH9pKg7vMpSEurieTT1gFTckUtwVrt,9230.66646618799,1139794,$1000-$10K
Bq1qoaiAw4fgHw8ouvVa6EKYLJskXCLKgbL3MNQFQAZd,9230.660302039278,1139795,$1000-$10K
3e1UcWdnth1y9Cwya4AzkJUWVGvuofBjnyYuQyJDjRNh,9230.658205406755,1139796,$1000-$10K
HofsNVyyfuZeUuJFDiN5J2bKYWQoLMFcs6orvNsMPGYy,9230.654055033961,1139797,$1000-$10K
8CG8jsruQ86voAQ7UpN7AUKa3xZQZoJK3vPWmmvy6ZTQ,9230.636061178815,1139798,$1000-$10K
28d74XxvL6AS9CVC1ns4HREMguQ8qLeHsZ7ZoeE2dDqT,9230.60514852784,1139799,$1000-$10K
L9iLQeKApLk7Ug1adtYMf4b4MPSKDhkvNudfuvWCRaQ,9230.602170701848,1139800,$1000-$10K
J7VwThkhUy44hHvtWWDSUN1pqwyPpm2hkGPnqLumEeaB,9230.576515699839,1139801,$1000-$10K
ETFBexaHoTFUaco4U4qh1w41huk1eWruyBiynBWbHyu9,9230.57448207797,1139802,$1000-$10K
w4p4ktsMiShJKatdExMG1x6SJtc3rET1qq9uF5LFsee,9230.571764125043,1139803,$1000-$10K
Biy2WkybqWXLYJWS7USP78LceMcowfJCppKyxtMVc3km,9230.555207041978,1139804,$1000-$10K
8gYfnPoSxuQgWrTbMhfpbB18LpUJivzhP38ieZn28tg3,9230.544933489698,1139805,$1000-$10K
BP4jNLZHcchFn2hLeUMBUWBfWH6Pf6We8zGWMoMDnjop,9230.544552963953,1139806,$1000-$10K
EiTt12hgYGD5GA8EMvHw1GtyvQpBcwmas96u1MBv3YBj,9230.53923312281,1139807,$1000-$10K
FSqBf6TCdXaULxteu6Um5sPk2MgLEkK2fRdf6bLthK6m,9230.532847354776,1139808,$1000-$10K
DgrzBma7yrVqSAzyZ4LsNNt8VAT5g3Yikm4DVSVrZoM3,9230.52649392108,1139809,$1000-$10K
ACWkVfzRZWFaBUo3ogGaxJcdPHPCGuG73cGvxoseKnnx,9230.515694288048,1139810,$1000-$10K
8fX3hwinWV3cHK9Mbh37cmFPsRsaZi7E11ec56Lgpkgg,9230.499799671135,1139811,$1000-$10K
45s8dMCWoNA5vq2a1B8mfnaVwp6ntW4mQTtGTH1JEQtG,9230.496303435675,1139812,$1000-$10K
4DYm5up3AUNg2oaBcsyQC9ve9M6c8iDkBLsKRffNU9Jx,9230.48412582408,1139813,$1000-$10K
GKGxXcFFRxboQCfqtNjvQbDcQ1fn6PeF19SzfqYUdsc9,9230.48301981813,1139814,$1000-$10K
Dp8doJwi9tPDPVQWVKnhLpXHP4KuBEzQj4ykQguW31da,9230.481074052017,1139815,$1000-$10K
9gTZsKwcxr3cK5dFyv9s4uT59RBStrbXoBqy8bq5482r,9230.472928826248,1139816,$1000-$10K
GhJbuCaPXFEZWg8k8D8UEvN4e8X8nVvauUbx6gwZ7sb7,9230.472681389416,1139817,$1000-$10K
9aX3ecq2hspsQJ43kgZ2rKcAX5rRfb2qakwW81c6waVB,9230.470981307317,1139818,$1000-$10K
GwbegxHtJKHKXuWEVfiWL6bMFWKLYgsPSBaorZUm5MhM,9230.422647863874,1139819,$1000-$10K
3DHNrVYhRasSmEw7yPQjiUJodqAgyCSAhWaJ6ukrpEG9,9230.394917964148,1139820,$1000-$10K
8yie4gnLvMxUgPyi6sYcVotmV8hMxmHkU1k43Rz5jDmJ,9230.381156715952,1139821,$1000-$10K
8WpXEKJeSx9nVu1hKrQ53Hkjsuc1hehYyan6tMvCptXr,9230.346238886405,1139822,$1000-$10K
5YKFb3yN8GfBuaX93FJEjzxtAfF1Gh6zqBfp4RLNw3DF,9230.336537702535,1139823,$1000-$10K
EXhCvxBLUi92nhH7Ay9bTAhDiTVwpKkUHE3s5438Pdmp,9230.309776443051,1139824,$1000-$10K
8oeXoYphc1V8gqYbaeMqTCnmbDFyV95chaoYiCGw1uZw,9230.27700068048,1139825,$1000-$10K
ERDeJYeX2U8wh4qh9NmHU5HK25HLu3J65qNoraP8TPF,9230.26736422538,1139826,$1000-$10K
4RvdcxKXTrjXGM7KYESMkJUYEy7XTKwJi5NNCbgUizMG,9230.24459703842,1139827,$1000-$10K
BwwzMxwMBzQkTYpcLGAXrL1C8ScJoQAecAoGY2ZctgGR,9230.230500028098,1139828,$1000-$10K
3UFHo1VtuWePzVJmaRVH45qVnwx2ABxZ2iQRtcZM8bNk,9230.211772905506,1139829,$1000-$10K
b8MVudWBhX6TwAfCCsrHRTUQBqQ2JmogQJSbaHZLbwg,9230.183494611278,1139830,$1000-$10K
2mkPu9gB59E2qs4EigAgQHWBfdcwG4LpHsjyx59dEsua,9230.179083842908,1139831,$1000-$10K
7m7sAuGq67gQJZq7aT2tV9L2JxWKZcQogcFibZXj4xuF,9230.159753458509,1139832,$1000-$10K
8C1QKgh6QBL6P5HuHCopyBhcvAKpEfeYRZuXaAv9vJZQ,9230.103954688826,1139833,$1000-$10K
32kt8ak8vryMSqHb4wuaj5tGXKpdwC4wM3XbMbxNGJRM,9230.10241746742,1139834,$1000-$10K
2LSMD6LT7daEyjmQf9iZ6fUpV6uTmbasNwWZz2G4hkTx,9230.051444135255,1139835,$1000-$10K
GLMim7ttzoMVYJE4h3UodNWC1DEyerA17ukFaTmMrvB3,9230.038961544415,1139836,$1000-$10K
CNwLuhkAMUMM6LKpiwQ7X5ugSM7UqhM5eUgdKVVbFMxV,9230.029796898718,1139837,$1000-$10K
9b4ySAM4zDdhFjbR8s9EbMFujcHRPowhxTKVNwaPpyYx,9229.996936864627,1139838,$1000-$10K
Dq6uwKzpEme6Js8MQZcCzhc24mGYaa8bRqmfg2t5qkXM,9229.987374134205,1139839,$1000-$10K
G2WtxQT26bhkdoqgSR83UAspaZ2kteHWhmPvpAyJ9XNz,9229.974107142853,1139840,$1000-$10K
96V16a2yjWmhz2H4J84scRh3gkdsiB8GMzCSzSJ7tEz8,9229.968759650594,1139841,$1000-$10K
HZrKCvT4BMakjUtuNy9Smi31212k5QoAjMRryJ3cANqb,9229.9592272629,1139842,$1000-$10K
HFzSuTRfFjZe5LR5ywhQpy6mM24MwtkiFH7W88CvYVTv,9229.957314994228,1139843,$1000-$10K
EyfUYDtfguS3p9ECkriucfFELicTipZZJJgnSYY6UrPa,9229.897764652287,1139844,$1000-$10K
Dqv4seRYg3hTcArUaeZApKiGceQCpT8jR8PR3rHzZP2Y,9229.892256134655,1139845,$1000-$10K
83Kp5AVqAryrRHgDefrqzzGFkDrEQRU2zvAPKsPnca8c,9229.879689933417,1139846,$1000-$10K
BVXwWGJj4MPZ3B6hws5mRWs5pcGY3TsTwWLpGEjtZnN8,9229.868061113903,1139847,$1000-$10K
2jwRfGb5qAsJmNA2kv9qfPi5CrDn6pM5auWcUc2RHLTg,9229.858102709879,1139848,$1000-$10K
HcNt3RKciZ8HrF3x666fxLnSVvGLv2piyob8Lv9c87oh,9229.805671607386,1139849,$1000-$10K
Dvq9jaMrEVf8R9vZojYrAMQSF8HNRJDLSox5CiWJWfEj,9229.793022007436,1139850,$1000-$10K
BRyfgwwujtQLqSc7TJQV33RoBQJs3zVPge3za2igY5wZ,9229.755022098949,1139851,$1000-$10K
EjyfeuBWQsGVDd5XNwEVeiphEdEhuZKrUYxmBDEN7Ahb,9229.726967142691,1139852,$1000-$10K
87ERuDPaF6g4y7fGo3GeqwaNVQzJVVArvDXzpMEmf7WP,9229.681669025344,1139853,$1000-$10K
AhR9hsPEdo527JTL7XtaxPvNDtgqrdF8WiDqQFQFb7Yu,9229.68100327019,1139854,$1000-$10K
BiSwri2hKK5ox39xttZ52NHnLLmmMsCTQuj2WRGMZt9a,9229.66929120859,1139855,$1000-$10K
Ezsxpz1iXNJp1XZEfyrhoCvwhNCDRHykd5RDCPA1yX1m,9229.668930574224,1139856,$1000-$10K
AGcUVQWwuARgLto8tWN2S1FGnJVo9ZYu9G7UwL8Gwjsk,9229.655492591817,1139857,$1000-$10K
DLpH87HiUztAn86cdgbSmxjVXCmLb6QcTymfrjD64x1b,9229.64471007846,1139858,$1000-$10K
ExFJnXM94tC9ZeRLKKQK2gh2T73JEUUQJDW52QwRcxbh,9229.642887303093,1139859,$1000-$10K
GDVV9TzsBDNvxPZoZznc6ap6DwLv3VU4XmMLrwgD3XbX,9229.621929027364,1139860,$1000-$10K
3f1JnKQbkuXBYdDr3tZYMpPNjFYmNBSDwrt96BEs31kK,9229.61806764739,1139861,$1000-$10K
6e5GU5C2ubonfoweZCf3Wa83HU4KonX9HE9Sud9daP8E,9229.60425135589,1139862,$1000-$10K
FLbtzx5myjkf9W3fz9MSFAetAAe2epYQh41wTcLNWTAn,9229.579377007847,1139863,$1000-$10K
6fn7fJcJCTCmLzAre8gwrzqp5f7jnLxVXAKnDLMUqpQw,9229.546552025222,1139864,$1000-$10K
FvuaQhfhNMkMoGxA1FDSBXwo2unk9Rwmnnvfsuk8xXvP,9229.545164914898,1139865,$1000-$10K
GCAmUjaKXmyUGunjhu8AvCxtMuFSy1xqknucAojwhdiq,9229.5317679859,1139866,$1000-$10K
XgViNDf7kNC6k8SnMdGn6p9aCKbhvw3Zwmwqxdn4ZTW,9229.529255090822,1139867,$1000-$10K
HLMA32uuJ5jF4NDAAF4tQQfFF18bkpPgP9rfmqjBkMh8,9229.467582445515,1139868,$1000-$10K
Z7nW5gNE1kqsKpPmnVR7G3YhcTHZo5gKaH5MXcdg3yU,9229.417492559958,1139869,$1000-$10K
4vDkjuDJahCsbxoPsxofNwZRBnHWbmb6DPJtxiSCNJDm,9229.413981075972,1139870,$1000-$10K
7t281ZhgvSaa8Rcivz2AtLyrngbEANEcpjzWKZiBwwZT,9229.384687037758,1139871,$1000-$10K
H4AgkwXQrhAmAtsfaLV7kUWb4ScjjakNUDTnbczQiDFR,9229.377307193372,1139872,$1000-$10K
8JWhxngwTCv65sX8Xn5MCyN9e71UT8RfxZMCLAybA7RD,9229.36708641224,1139873,$1000-$10K
9Y8DgqY3WAjCMYeF3VUcwvJHnEAWAYRwZ9u6rmUZstXj,9229.36262001338,1139874,$1000-$10K
gdUooNda6eUfCQfcCzy8eM2kj5TYodA1voRa3HKPsc8,9229.338972352954,1139875,$1000-$10K
Hjhzq7cLQQ6X2cH5fSM3tWdR4Z1Nx9HYLKJQSmYqenhQ,9229.318666940007,1139876,$1000-$10K
GZzfoFgHAEVThZ8FnFji5JSKP2peQmhNzcF4aHZWFTKb,9229.294592231648,1139877,$1000-$10K
2ZYWKjsfZ59h5rqi4dE5gKGk8xu47QNLrxrQdbmixhGS,9229.285217124536,1139878,$1000-$10K
2mZoaXZb9aK9qyfv3QgCPzGhssFTvsKkEJjb46chw4R4,9229.27577848374,1139879,$1000-$10K
EeqfCUEMoxQf6k1LKDHq2UVR72Fyc8Np8kCqSh6XWc89,9229.274998486264,1139880,$1000-$10K
4X2GhTTJkPgvgBhMupHWcXrCb1p4osxxbVPEemWKyvkW,9229.253849601759,1139881,$1000-$10K
6UysmCqL3fLtGo6xtvjUQEojswBKwTcRypUxyDxuWRyc,9229.252358877917,1139882,$1000-$10K
9uzwaQUjd3fFiQpNyBskrJX7FR3J91FyEgi8SrVhrP4s,9229.2120766343,1139883,$1000-$10K
6hWnrcsCohD7usz8FQgv5U41cF6Bo7TnkDdekJDbFJ3Q,9229.181586847832,1139884,$1000-$10K
8wqbhHt8jUcrMtJWgn1xT4JGuuNHcmj4KY7zrhZDMTag,9229.178567957573,1139885,$1000-$10K
J8vsM7yMmA4qB3kgLHciHUYyfHBRSu5WXS7sV2nJqGkQ,9229.17063085652,1139886,$1000-$10K
8reNiyvZgGQ6GHvkhKDDPAwkbfGyLpAPRuQf85JPM6rC,9229.169497998291,1139887,$1000-$10K
JCZjdEDfz6AqstbQnuRsgFn4gp46HUq3ho5jjUE3XePj,9229.165690337202,1139888,$1000-$10K
DghzFxqXDbAc4rPxYy7PDk8hxfg9C5RThG58WjH3Nswq,9229.16454388115,1139889,$1000-$10K
44NgAVumSuisWDJiWzDGbXYPqfyvTYYb5H6B2YKUJ9U6,9229.153382479357,1139890,$1000-$10K
DuSH5CxrnS9e1DY8SPFz1VKYqo2s6eoTVGm87aBtdngp,9229.126518698258,1139891,$1000-$10K
6aRWz2kGUgqRm77wjcb5MupxeaVb63mQz5NYPuTr28eo,9229.115267348194,1139892,$1000-$10K
6ERokrdxFYptyU65TXsJmt4NEnihm6x3pnVFeWXnRdZW,9229.107059052505,1139893,$1000-$10K
AtAVmpGjyjr1cFbgdhwp2CY1yRDAfHLWRyY35Ld5m6c8,9229.095163477512,1139894,$1000-$10K
3zUhUBcVLDiCQyyou4rGcsBcWzCPCg3pvoN9qFkDwBj2,9229.08958826029,1139895,$1000-$10K
BSBZTesPdfhpxCAs79Vq1utBXBMi4ctBGtfxXbftEFq6,9229.04397890759,1139896,$1000-$10K
8J6bKvAhyAusRouBbPzPioeYmKDRehUU9pnmSpGsjzhj,9229.041959054164,1139897,$1000-$10K
B3daHUVCZpeqbVQvVyFY5me8yE59eLYV1J3AmhYHkygE,9229.014705761901,1139898,$1000-$10K
4mRNFg6FP3mCe5Wp1pjPngoagqnicu7WdsaijBvoVutM,9229.012395622749,1139899,$1000-$10K
Ad5dpvbPNHN8GaC1Y8ZHykQBJunQTDTb5hB4XVLrVDJU,9228.986209353676,1139900,$1000-$10K
ALUqSHRLwWbGxTRiZp39qXk1LnDzRJgvo4fC77VmwJhY,9228.983282985113,1139901,$1000-$10K
BquA9R2HfPhdnvvAUsYtUuNpTqxmqWq7gy1Ne8g5kwZW,9228.98012684743,1139902,$1000-$10K
8ThDE2soVrFX6HNuwn9f8x6tcUNyqVuSiKsJ3QWDsEjZ,9228.97371806624,1139903,$1000-$10K
26SXfdTMhXjFAGbKYUFP8av11rSdecCgnuZ8C523Yhyf,9228.955253014683,1139904,$1000-$10K
3b4p6AqPpw1At7HrXgG1mLQF1jXuK427QaECyvZs7bD9,9228.937398141257,1139905,$1000-$10K
29LCYRSgvikYGdunAY9S4WVKUvzUewxsZwX1w8qYg8MD,9228.935667251544,1139906,$1000-$10K
67H5UyH4u63q5YyRhwsvGiK9vPCXEPajusAMZa2pXEv3,9228.923802554897,1139907,$1000-$10K
EsxXhRW4VgYau2DBtrTty9eqhbqFcPSgsnPtWdxdVTat,9228.908194157893,1139908,$1000-$10K
9bdmQRQnu5o45HSWrypZU9Rfh74HVnkDU3Pv4T66mk7M,9228.850876284214,1139909,$1000-$10K
FkZHQu8ZArBvVNoeM3oLZFQNAoVzGHVQ1VJfowEu7DHz,9228.802895938095,1139910,$1000-$10K
HCJqybWDRzDsu3fdUsgDmvPn3Q74pLSgNnAqg5VeKKUd,9228.77861767227,1139911,$1000-$10K
FzRxonzMkfRfHD1Jyi1DXrSbR7vHzK65WYnzgJH6jutS,9228.7313026224,1139912,$1000-$10K
8yP6zNUdxfhT9gSuoRMENxhjQGt73nPcVPDJoq4gfaMu,9228.727307049921,1139913,$1000-$10K
CgfXcvMD4d2taVSGtyde3kG43yCV3csPMrKir9bjj7q2,9228.723485591487,1139914,$1000-$10K
Bma9onrDijXUjoBVydCo9CUPh2Nq6iA5ozixqiH34tQT,9228.710277368407,1139915,$1000-$10K
2PyB3AhH3CnUjW8Mfm8eCKBYixqopSbvVLT7jrmgVxnV,9228.707396241138,1139916,$1000-$10K
WPF4KpTFKVb1JAGGsJyuFaF5zw4J3QXUns9TkUZgtFT,9228.707030090345,1139917,$1000-$10K
5T3PsTqXA2fGtTY7dAf4FVbY6c8S2csWc1AscVuoeQ6K,9228.682130391175,1139918,$1000-$10K
DW3E1McRhKkbypAhjXaCCH9XHjbXJYxz5c5q8GhoAsTg,9228.675601953779,1139919,$1000-$10K
CSEEo8jbT6rtaNe8RXruWmYNCAUqkWSjDUPryCDzEMzz,9228.67426335901,1139920,$1000-$10K
B6MjFfHKVJLDfWsLuedikmfJwtSm721ch4vdw3zhCNXR,9228.664333465747,1139921,$1000-$10K
9vQy5zP3NsrmzS2wrshqSmWJYxzKwstbMSkF1F5by1NJ,9228.663483707847,1139922,$1000-$10K
9C8bWqASGxnmT6r7WAHspSyPc2M1HetdyUMwV6US6WfT,9228.659148994157,1139923,$1000-$10K
EQoqn9qjQwrNBoVjReYDZYw5zV93XcfDa9ThUfCyRJyn,9228.655844521909,1139924,$1000-$10K
B6kagDcHYhxHr6EMK6YALJpm887cz79WRtrCgm23MiY5,9228.631845229898,1139925,$1000-$10K
8XPJxHFSgjJ9VMzbkvEDxeKKP5onRLszgKUhmEMsUWvx,9228.629544598663,1139926,$1000-$10K
6ZpCSuvmVyLMgHiEvZGZrpdd3eysw2hjzw9E714n2wNx,9228.600294816713,1139927,$1000-$10K
2AzXktMJiQqhYvryGCKc9cT2dvGztFL4nDnPC36DiHS7,9228.59952105747,1139928,$1000-$10K
93P16tVP4UVVAcpP4SJZetsRQNHM5FY2XBAfYrMg9F24,9228.591630443803,1139929,$1000-$10K
StaibPXzWw3tz9eUsbjob7o8FwncRDmMKuzv2UZmaQw,9228.58800014964,1139930,$1000-$10K
6cnnRhiXDyweu7Fb2m3JFnFWyPDL4hALyERMBcGUw2FT,9228.549905099586,1139931,$1000-$10K
HDAMyK77maYiPGGRmRKTw9X5c3BDxScSU7t8fQBQFRLC,9228.539524258096,1139932,$1000-$10K
7qnMsngK9s4TeAgA4o9UtAZahRyW6SLHAAW6MztX7pKT,9228.520250766001,1139933,$1000-$10K
78NPbLbn6PjCqZEmSBjZGifVk9ZTHwZekzbKdeKMCT28,9228.512163844998,1139934,$1000-$10K
9hngTZ82dZCSmrG1gGozCMDSQEeZ2vM8wAW99AoNs7EK,9228.504879734255,1139935,$1000-$10K
9Y5aUFSDdcbYnafRMzhXsN1FozHskyRLFPU1iXNFMgtW,9228.490295072565,1139936,$1000-$10K
b7iePqnep4iPCaVhYnfTFDpiBsWujRyuk6Deu4CTmfk,9228.486559294304,1139937,$1000-$10K
FvZ8GjEERwAAmbwCgWHuSbNocCPuu8duzvmGm9Noq552,9228.47589638963,1139938,$1000-$10K
Df8UB3SnbawoBXXCBhK5MeKvrioNihHBMbWBu55dqovo,9228.464246146454,1139939,$1000-$10K
3ifaC4UbBCTd8Cnr2ToRj2QB83thxAYPPirrrPZLef25,9228.445636874925,1139940,$1000-$10K
8j4FPs146HFXmz3hu4fReL3TxyPK9kgq2PUSynnZsGH3,9228.440423630344,1139941,$1000-$10K
DNucP5w4hSNLxLqniADms2dD69BY9EWTboVtk4nFTEAY,9228.380836531462,1139942,$1000-$10K
HCKz1TDaKRZNU4oYd3CzAqNuetUNykoMiMght5a6XTAK,9228.370691160397,1139943,$1000-$10K
C4hb3Psa1Z6QkiNEHdHE5ZzXxTrpMfwDw7s1uXwJ9QH1,9228.331749148372,1139944,$1000-$10K
3xi9yn9YhU3CPojMqg1uaVAdVwm8gqdpAkkXmEiqdTHQ,9228.330082351476,1139945,$1000-$10K
2JokQEynWuuVNKGpFFFqstHySC3MD9b8HaJHRt2sFoFU,9228.307530974751,1139946,$1000-$10K
LAxd7FMKeZhmRaKjoAnLEKFLcfrNf2gwa25Liu14CAY,9228.29607028106,1139947,$1000-$10K
68QVvkfGsF69fANQv6BiezLLnKRJ4MYswRRxgsgTpWMy,9228.28433586146,1139948,$1000-$10K
6imhYJY6DhAoAirDagDdWSwApcKknMfLMCd6NeiEaGob,9228.24534964673,1139949,$1000-$10K
HEGx8i7SiGkRsEFL9UvXPwaevTRcqcDL9iMWuKsksuc1,9228.222946752596,1139950,$1000-$10K
7uYK6JW3u4HQWc7XhUvFFYkW4YaMYcHj8Ve61xSM1na4,9228.218816922588,1139951,$1000-$10K
4ayzxtLPGT9UnmEXwu5f7BiBVL8M6UNQFrbLYhVHWW7y,9228.210040129674,1139952,$1000-$10K
7ztY7Eb8CwTkR6gudFnj7bTeBnuN3Cfrk367q9eMewQy,9228.206931302546,1139953,$1000-$10K
oZjJB2iZr7Ez7CXUGTS18SEKaZGWvu4fCrnz31zLsXu,9228.201323114194,1139954,$1000-$10K
AZsdeydbVYu6sgifXJr5w1dYnBJaGZVurxhwSWUJGgob,9228.190159740352,1139955,$1000-$10K
AVd8EQG5zycEKWetHWWSRAJ7CduwsLmgjghA5qoXpeaP,9228.18810583225,1139956,$1000-$10K
AqSuP8BrZQAzv2zZEEENJfnnaWc8NQuNez9oWpNFQWE5,9228.18671429175,1139957,$1000-$10K
6ipcSjJQjrrDJ31XC49LjwMa5jRcLEdqGfjr6wdtPL36,9228.178486885852,1139958,$1000-$10K
91DmyLAp5xgERJR1BHLmrjjvxaZKw7V3CBXqmsY2Z5fp,9228.171631333415,1139959,$1000-$10K
GvbPxSrD8cCqQapiMZfbxVy8grurgYCNN2HbFCe93u5N,9228.165374830241,1139960,$1000-$10K
54JE5TERNwdgDWSYt9CfdQUHLNkwrzhZx96KNT1uhRXg,9228.09613305815,1139961,$1000-$10K
CpDpFDcY3n3665oSovs6fQKUxyXsxX5fRUt7YBiU25qj,9228.080945375372,1139962,$1000-$10K
HdhGeDri5F8Cj8KDr6yqgCB7Vu75cpDKxNaJGLaU9wxG,9228.077366436984,1139963,$1000-$10K
8koqjDCHHNFrxHnBZDqaa3P3UPQDYCat9vkKb8ii7FLz,9228.04734489161,1139964,$1000-$10K
G3M2pUmrrTu8Vgrkd18GpFhqwGUKmQazfZx75sczgQ6E,9228.034449674526,1139965,$1000-$10K
8RLsVFXuWyVMSLno9tDRGB5K7WoNwrKywysWaBV4y12c,9228.023590919773,1139966,$1000-$10K
4Xrdz1SZGNQcZRBpfudGBFDq8QYivdit56g9brsweJeR,9227.99676630299,1139967,$1000-$10K
Vmpqyyn8cyPgS5HcVo3BDH7PqcYGxuBtjUuVyqZu7fP,9227.98929445577,1139968,$1000-$10K
8WmNav35iQQbRm9X65ptUQNtVUgpa2SFCTqskQXjGJwU,9227.92467443101,1139969,$1000-$10K
CxNAzsucHjdF4sMEEmffqVVQQWgYJ9a4gR1a3r7Hg6Ww,9227.885128942113,1139970,$1000-$10K
HkatMgKLZ6HiU5TAJQPPRsbdeeFsuhscr2L7qmiQoLvG,9227.87859462005,1139971,$1000-$10K
E2ZofeyTmFRQJe8PfA2gP33458R8PDQFqUCXVZtWeBfJ,9227.861569958828,1139972,$1000-$10K
Gtu1mfPS19oa4Yg3cXmKTQLhWqBVZTpo4jjfSyVs6YY4,9227.840998723723,1139973,$1000-$10K
FrhmhAwVQJrkypLwZU8HPqn3fx6ZAJjuwpydjWeCJfha,9227.817732846519,1139974,$1000-$10K
EtyAw6dqMjDp3votDUtjJJqHA7qmxXkZm5EbE1FgKqY8,9227.793041050963,1139975,$1000-$10K
USkDnSzzLJ19k1VjS43c99mLacbi7Xq4TCZUQF19DBv,9227.774494951538,1139976,$1000-$10K
4o8UGNjdUxCzKkErFe3nmS2kWxsDYqxccFaSzzYNBGAw,9227.768761544487,1139977,$1000-$10K
2NDcTauwTSDdNppmYqcHT8DYZwjgLpSuRGXUdg57ch5C,9227.75289472582,1139978,$1000-$10K
HiES1ftUPwUeM3sQaD71YYrcy5C7dnecb7xwhnnCJ6LT,9227.752798052452,1139979,$1000-$10K
8yM1ye1z7L62SVHYe6BG1mGQb46iLcadHNGB4QNPPEab,9227.745348657567,1139980,$1000-$10K
AEGp6GU375yfX21nCg6w8dCxWTL5gCHc3ZTPpDqHbjxm,9227.737846144211,1139981,$1000-$10K
6Q6H1y4gvjaGr7CVSwPG3QqQ9Jx6W4713MtmUqDULu82,9227.715525112693,1139982,$1000-$10K
Qnpeuv7vRGBUgFMStqJRe9kt3cMJnc5JkXEVmJLQbAP,9227.715509669611,1139983,$1000-$10K
hTmExht8PP3knCZ4LiNkd7cnxvYpXT7aHbrXPJCKhLn,9227.709566211082,1139984,$1000-$10K
EajqHdCqFgEcoMJ43m7cuA3dpw4wijXkquo9ndwL9WL2,9227.699615599786,1139985,$1000-$10K
Cxyae5f9PKyREH9oHCs9Be8TbuXJkCUBzwcGzM2Gmbry,9227.696211366763,1139986,$1000-$10K
ATR48zC4U6sAeB9c7UshyNX4LpkWHw9fBuqZWRrjr4VL,9227.679304812546,1139987,$1000-$10K
8SwRpyXqFyXEXW9Rb6x11BJwghVVDdbWNjxGqSqz3d6P,9227.662023288174,1139988,$1000-$10K
wGK3yyKAt6dKjGoFbgn1P6oE5fyNXNttJfJbDq6oJRs,9227.660792241932,1139989,$1000-$10K
HL66igLj92s4hezvnja25Z6pZQRTua7TWmfZqEw85e64,9227.655600400001,1139990,$1000-$10K
2xYkX77bkjTpDwPxzGaNEcKR6bC6Bzo4L62vgzGWUkjh,9227.650710058751,1139991,$1000-$10K
3aR6TLRGs8jkxpwmGo52oPSUsV8XPyf9UQVcr6r54xbw,9227.648938216224,1139992,$1000-$10K
82NQAtNEH24d7xFfL96Nvg7cUgyFdehGU7PnhAFxudjZ,9227.638013301792,1139993,$1000-$10K
Ga2GkwvCaSiDAjioDZWGRvpLtfvMG8TTs6vWQYnDcN3X,9227.630929511019,1139994,$1000-$10K
BdGop6t6fFNptgcQDsmTixQHMuyhnRwfrjVuumcbd4YG,9227.6223958454,1139995,$1000-$10K
DZ3tgKqKPzmAA3CFhX4oX3uDenkD7nG2imroGX4msR6B,9227.61696886174,1139996,$1000-$10K
CFSKyUvbcYmr531APGi2v26CnjRvyuDKBRd8thVKbi3M,9227.59320213435,1139997,$1000-$10K
9XuHtFKXvFAY8Uduzwa3z4Xt2WuRAo6fYEZ3tyDx6HMb,9227.589415757091,1139998,$1000-$10K
8Hpt7T8hNoif4kC6SGVVHHjNHwFm41CxszXEtgYjpUTV,9227.563416882022,1139999,$1000-$10K
2iGNvvHzEZSjzitd4d8ovUNugZcaw6F1xVezRDyZzS3K,9227.560331709801,1140000,$1000-$10K
